1238
1143
Aхтубинск
886
Аба
159
Абакан
344
Абердин
940
Абиджан
546
Абу-Даби
884
Абуджа
734
Авеста
951
Агадес
780
Агартала
1056
Агвали (05RUS)
1064
Агдам
766
Агра
376
Агуаскальентес
575
Адана
959
Аддис-Абеба
694
Аделаида
545
Аден
596
Адрар
1137
Азнакаево
773
Аиджал
374
Акапулько
924
Аккра
1109
Аксай
1209
Аксубаево (16RUS)
1094
Актаныш
61
Актау
78
Актобе
500
Александрия
1150
Александровское (26RUS)
594
Алжир
1114
Алибекотар (05RUS)
765
Аллахабад
43
Алматы
1022
Альбукерке, NM
32
Альметьевск
475
Амман
326
Амстердам
459
Амьен
620
Ан-Наджаф
175
Анадырь
1025
Анапа
1136
Анди (05RUS)
186
Андижан
573
Анкара
486
Анкона
972
Анкоридж, AK
579
Анталья
849
Антананариву
331
Антверпен
391
Антиполо
1097
Апастово
794
Апиа
1078
Аральск
256
Арекипа
88
Аркалык
613
Армавир
1226
Арск (16RUS)
108
Архангельск
927
Асмэра
34
Астана
1065
Астара
16
Астрахань
1103
Астрахань-3-мчт
505
Асуан
252
Асунсьон
981
Атланта, GA
67
Атырау
960
Ауаса
436
Афины
671
Ахваз
761
Ахмадабад
1227
Ахметский муниципалитет
1232
Ашали (05RUS)
76
Ашхабад
1155
Аягоз
451
Аяччо
623
Баакуба
1187
Бабаюрт (05RUS)
614
Багдад
469
Базель
275
Баия-Бланка
839
Байконур
1212
Баймак (02RUS)
388
Баколод
25
Баку
1170
Балакен
985
Балтимор, MD
1159
Балхаш
946
Бамако
895
Баменда
760
Бангалор
930
Банги
604
Бангкок
642
Банда-Ачех
648
Бандар-Лампунг
602
Бандар-Сери-Бегаван
649
Бандунг
921
Банжул
488
Бари
282
Баркисимето
160
Барнаул
287
Барранкилья
278
Барселона
301
Барселона
246
Бас-Тер
616
Басра
241
Бастер
599
Батна
897
Бафусам
635
Бахавалпур
961
Бахр-Дар
1230
Башлыкент (05RUS)
463
Безансон
397
Бейнеу
903
Бейра
476
Бейрут
1224
Белая глина (23RUS)
30
Белгород
145
Белград
45
Белебей
804
Белен
54
Белорецк
799
Белу-Оризонти
336
Белфаст
209
Бельмопан
480
Бенгази
900
Бенгела
892
Бенин-Сити
423
Берген
513
Берлин
997
Берлингтон, VT
467
Берн
873
Бикин
299
Бильбао
345
Бирмингем
977
Бирмингем, AL
176
Биробиджан
926
Бисау
55
Бишкек
120
Благовещенск
1120
Благодарный (26RUS)
845
Блантайр
865
Блумфонтейн
923
Бобо-Диуласо
285
Богота
1017
Бойсе, ID
1169
Болгар
489
Болонья
877
Бома
523
Бонн
444
Бордо
980
Бостон, MA
1105
Ботлих (05RUS)
1126
Ботлихский район (05RUS)
509
Брага
871
Браззавиль
795
Бразилиа
551
Братислава
1041
Братск
530
Бремен
448
Брест
931
Бриа
1002
Бриджпорт, CT
227
Бриджтаун
696
Брисбен
346
Бристоль
550
Брно
335
Брюгге
63
Брюсcель
52
Брянск
77
Бугульма
553
Будапешт
1106
Буденновск
859
Бужумбура
403
Буинск
398
Буйнакск
295
Букараманга
910
Букоба
841
Булавайо
567
Бургас
576
Бурса
1182
Бут-Казмаляр (05RUS)
964
Буффало, NY
187
Бухара
560
Бухарест
1185
Буцра (05RUS)
262
Буэнос-Айрес
771
Бхопал
775
Бхубанешвар
416
Быдгощ
537
Вадуц
281
Валенсия
302
Валенсия
497
Валлетта
223
Вальпараисо
305
Вальядолид
1058
Ванкор (24RUS)
834
Ванкувер
566
Варна
133
Варшава
962
Вашингтон
109
Великий Новгород
683
Веллингтон
85
Вена
487
Венеция
375
Веракрус
1180
Верхнеяркеево (02RUS)
915
Виктория
378
Виктория-де-Дуранго
808
Вила-Велья
233
Виллемстад
132
Вильнюс
362
Вильяэрмоса
848
Виндхук
831
Виннипег
155
Винница
987
Вирджиния-Бич, VA
515
Висбаден
359
Висенте-Герреро
112
Владивосток
21
Владикавказ
134
Владимир
435
Влёра
14
Волгоград
1223
Волжский (34RUS)
127
Вологда
404
Воркута
102
Воронеж
1099
Ворух
415
Вроцлав
199
Вьентьян
328
Гаага
869
Габороне
205
Гавана
1205
Гагарин (67RUS)
1115
Гагатли (05RUS)
1144
Гаджиево (51RUS)
473
Газа
1066
Газах
580
Газиантеп
586
Газни
830
Галифакс
953
Галькайо
525
Гамбург
237
Гамильтон
778
Гангток
767
Гандинагар
532
Ганновер
688
Гаосюн
203
Гвадалахара
211
Гватемала
411
Гданьск
1074
Гейчай
1147
Геленджик
389
Генерал-Сантос
332
Гент
484
Генуя
587
Герат
1101
Герга (05RUS)
1108
Гертма (05RUS)
419
Гётеборг
1149
Гимры (05RUS)
341
Глазго
64
Гомель
698
Гонконг
965
Гонолулу, HI
104
Горно-Алтайск
805
Гояния
322
Грац
28
Грозный
723
Гуанчжоу (Кантон)
229
Гуаякиль
1067
Губа
401
Губкинский
638
Гуджранвала
720
Гуйян
188
Гулистан
879
Гулу
1116
Гуниб (05RUS)
1062
Гусар
852
Гянджа
392
Давао
936
Дакар
590
Дакка
1008
Даллас, TX
729
Далянь
787
Даман
541
Дамаск
409
Дананг
343
Данди
685
Данидин
909
Дар-эс-Салам
691
Дарвин
976
Де-Мойн, IA
558
Дебрецен
756
Дели
1020
Денвер, CO
656
Денпасар
165
Дербент
1131
Дербент 2
1001
Детройт, MI
782
Дехрадун
777
Джайпур
640
Джакарта
1132
Джалган (05RUS)
883
Джеймстаун
589
Джелалабад
244
Джибути
610
Джидда
189
Джизак
218
Джорджтаун
235
Джорджтаун
736
Джохор-Бару
860
Джуба
992
Джэксон, MS
1005
Джэксонвилл, FL
449
Дижон
658
Дили
762
Диспур
153
Днепропетровск
908
Додома
1225
Домбаровский (56RUS)
125
Донецк
1235
Донецк
526
Дортмунд
440
Доха
535
Дрезден
894
Дуала
547
Дубай
320
Дублин
527
Дуйсбург
867
Дурбан
433
Дуррес
75
Душанбе
1222
Дылым (05RUS)
1096
Дюбек (05RUS)
529
Дюссельдорф
1072
Евлах
12
Екатеринбург
89
Екибастуз (Экибастуз)
98
Ереван
1160
Жайрем
1119
Жаксы
1079
Жанаозен
1157
Жанатас
1165
Жанибек
1167
Жаркент
90
Жезказган
468
Женева
91
Жетысай
167
Житомир
811
Жуан-Песоа
675
Заболь
1042
Заветное (61RUS)
1075
Загатала
146
Загреб
1090
Заинск
324
Зальцбург
393
Замбоанга
911
Занзибар
1080
Заполярный (51RUS)
124
Запорожье
1234
Запорожье
1208
Зеленодольcк (16RUS)
1210
Зеленокумcк (26RUS)
820
Зея
944
Зуэрат
296
Ибаге
889
Ибадан
169
Ивано-Франковск
101
Иваново
857
Игарка
474
Иерусалим
11
Ижевск
1036
Избербаш
577
Измир
838
Икалуит
791
Импхал
974
Индианаполис, IN
325
Инсбрук
703
Иньчуань
746
Иокогама
737
Ипох
439
Ираклион
100
Иркутск
83
Исламабад
1127
Истаравшан
1098
Исфара
666
Исфахан
790
Итанагар
1118
Иу
1133
Ихрек (05RUS)
837
Йеллоунайф
866
Йоханнесбург
84
Йошкар-Ола
584
Кабул
788
Каваратти
752
Кавасаки
390
Кагаян-де-Оро
890
Кадуна
1
Казань
1060
Казыгурт
498
Каир
219
Кайенна
581
Кайсери
832
Калгари
297
Кали
111
Калининград
135
Калуга
759
Калькутта
493
Кальяри
1048
Каменск-Шахтинский (61RUS)
878
Кампала
816
Кампу-Гранди
455
Кан
689
Канберра
588
Кандагар
1117
Кандры (02RUS)
1151
Кандыагаш
1007
Канзас-Сити, MO
382
Канкун
888
Кано
408
Кантхо
1166
Капшагай
933
Кара
1178
Карабудахкент (05RUS)
47
Караганда
817
Каракараи
276
Каракас
1146
Каракол
1158
Каратау
73
Карачаевск
82
Карачи
338
Кардифф
733
Карловы Вары
288
Картахена
190
Карши
570
Касабланка
907
Касама
400
Каспийск
240
Кастри
1175
Касумкент (05RUS)
659
Катманду
1077
Каунас
1171
Каякент (05RUS)
679
Кванджу
826
Квебек
637
Кветта
938
Кедугу
864
Кейптаун
514
Кёльн
163
Кемерово
628
Кербела
674
Керман
557
Кечкемет
858
Кигали
947
Кидаль
17
Киев
855
Кизилюрт
1211
Кизилюрт 2
399
Кизляр
524
Киль
230
Кингстаун
231
Кингстон
875
Киншаса
751
Киото
621
Киркук
35
Киров
177
Кировоград
27
Кисловодск
914
Кисуму
228
Кито
1102
Кичи-Гамри (05RUS)
96
Кишинев
457
Клермон-Ферран
1014
Кливленд, OH
750
Кобе
353
Ковентри
854
Когалым
60
Кокшетау
384
Колима
657
Коломбо
1051
Коломыя
982
Колумбия, SC
1012
Колумбус, OH
555
Комло
928
Конакри
222
Консепсьон
597
Константина
395
Константиновка
563
Констанца
582
Конья
317
Копенгаген
263
Кордова
321
Корк
1216
Коркмаскала (05RUS)
941
Корого
59
Костанай
136
Кострома
1193
Косфельд
742
Кота-Бару
741
Кота-Кинабалу
1140
Котельниково (34RUS)
774
Кохима
552
Кошице
686
Крайстчерч
410
Краков
29
Краснодар
39
Красноярск
81
Куала-Лумпур
536
Кувейт
901
Куито
402
Кукмор
293
Кукута
1153
Кульсары
364
Кульякан
673
Кум
1196
Кунбатар (05RUS)
713
Куньмин
654
Купанг
170
Курган
1081
Курган-Тюбе
802
Куритиба
1125
Курсавка (26RUS)
107
Курск
257
Куско
738
Кучинг
372
Куэрнавака
815
Куяба
591
Кхулна
152
Кызыл
1184
Кызыл-Кия
92
Кызылорда
225
Ла-Пас
368
Ла-Пас
267
Ла-Плата
887
Лагос
1174
Лаишево (16RUS)
783
Лакхнау
719
Ланьчжоу
1021
Лас-Вегас, NV
316
Лас-Пальмас-де-Гран-Канария
630
Лахор
1110
Ленинаул (05RUS)
1142
Лениногорск
1053
Ленкорань
49
Ленск
377
Леон
354
Лестер
286
Летисия
920
Либревиль
351
Ливерпуль
347
Лидс
456
Лилль
844
Лилонгве
255
Лима
453
Лимож
323
Линц
559
Линчёпинг
462
Лион
138
Липецк
507
Лиссабон
986
Литл-Рок, AR
313
Логроньо
414
Лодзь
471
Лозанна
932
Ломе
80
Лондон
337
Лондондерри
967
Лос-Анджелес, CA
898
Луанда
876
Лубумбаши
154
Луганск
1236
Луганск
998
Луисвилл, KY
905
Лусака
166
Луцк
702
Лхаса
157
Львов
333
Льеж
417
Люблин
147
Любляна
512
Люксембург
1177
Люксембург (05RUS)
57
Лянтор
171
Магадан
1199
Магадан 2
519
Магдебург
33
Магнитогорск
1031
Маджуро
298
Мадрид
585
Мазари-Шариф
1003
Майами, FL
885
Майдугури
38
Майкоп
533
Майнц
699
Макао
653
Макасар
1154
Макат
387
Макати
243
Малабо
314
Малага
601
Мале
1238
Малмыж
421
Мальмё
1221
Мамадыш (16RUS)
916
Мамудзу
214
Манагуа
441
Манама
814
Манаус
663
Мандалай
385
Манила
352
Манчестер
1000
Манчестер, NH
902
Мапуту
268
Мар-дель-Плата
950
Маради
279
Маракай
283
Маракайбо
571
Марракеш
460
Марсель
896
Маруа
809
Масейо
846
Масеру
538
Маскат
655
Матарам
26
Махачкала
1214
Махачкала 2
847
Мбабане
643
Медан
289
Медельин
612
Медина
611
Мекка
821
Мелекеок
695
Мельбурн
979
Мемфис, TN
1192
Менден
265
Мендоса
645
Мерауке
306
Мерида
355
Мерида
504
Мерса-Матрух
583
Мерсин
369
Мехикали
201
Мехико
454
Мец
668
Мешхед
485
Милан
1011
Милуоки, WI
1015
Миннеаполис, MN
19
Минск
482
Мисурата
1189
Митлиуриб (05RUS)
556
Мишкольц
952
Могадишо
65
Могилев
1084
Моздок
662
Моламьяйн
913
Момбаса
539
Монако
452
Монпелье
824
Монреаль
862
Монровия
249
Монтевидео
204
Монтеррей
948
Мопти
373
Морелия
603
Морони
2
Москва
1228
Москва Ханафи
617
Мосул
1202
Мохсоголлох (14 RUS)
633
Мултан
758
Мумбаи
1129
Муни (05RUS)
386
Мунтинлупа
1040
Муравленко
479
Мурзук
128
Мурманск
311
Мурсия
842
Мутаре
1186
Муцалаул (05RUS)
1195
Мюнстер
522
Мюнхен
1134
Мюхрек (05RUS)
3
Набережные Челны
191
Навои
749
Нагоя
22
Назрань
1052
Назрань-2
912
Найроби
23
Нальчик
192
Наманган
904
Нампула
705
Нанкин
458
Нант
712
Наньнин
725
Наньчан
1191
Нариманов (30 RUS)
172
Нарьян-Мар
618
Насирия
217
Нассау
807
Натал
1073
Нахичевань
978
Нашвилл, TN
934
Нджамена
906
Ндола
496
Неаполь
1037
Невинномысск
664
Нейпьидо
945
Нема
853
Нерюнгри
274
Неукен
1026
Нефтекумск
58
Нефтеюганск
929
Нзерекоре
949
Ниамей
36
Нижневартовск
48
Нижнекамск
5
Нижний Новгород
1200
Нижний Тагил
156
Николаев
430
Никосия
447
Ницца
1231
Новое Гаквари (05RUS)
164
Новокузнецк
1217
Новолакское (05RUS)
517
Новороссийск
53
Новосибирск
1176
Новые Бухты (05RUS)
1229
Новый Костек (05RUS)
994
Новый Орлеан, LA
115
Новый Уренгой
405
Норильск
1198
Норильск2
349
Ноттингем
406
Ноябрьск
943
Нуакшот
1034
Нукуалофа
396
Нукус
1030
Нумеа
1091
Нурлат
232
Нуук (Готхоб)
1043
Нытва
963
Нью-Йорк
999
Ньюарк, NJ
350
Ньюкасл-апон-Тайн
340
Ньюпорт
1083
Нюрнберг
367
Оахака-де-Хуарес
307
Овьедо
319
Оденсе
122
Одесса
988
Оклахома-Сити, OK
684
Окленд
856
Октябрьский
1054
Ольштын
1016
Омаха, NE
116
Омск
87
Орал (Уральск)
598
Оран
234
Ораньестад
148
Орёл
10
Оренбург
464
Орлеан
1039
Орск
318
Орхус
747
Осака
93
Оскемен (Усть-Каменогорск)
422
Осло
549
Острава
823
Оттава
56
Ош
68
Павлодар
644
Паданг
647
Палембанг
494
Палермо
1122
Палласовка (34RUS)
300
Пальма-де-Мальорка
312
Памплона
764
Панаджи
216
Панама
919
Параку
208
Парамарибо
1219
Параул (05RUS)
442
Париж
292
Пасто
763
Патна
379
Пачука-де-Сото
254
Педро-Хуан-Кабальеро
646
Пеканбару
697
Пекин
41
Пенза
294
Перейра
13
Пермь
693
Перт
490
Перуджа
42
Петрозаводск
69
Петропавловск
162
Петропавловск-Камчатский
639
Пешавар
437
Пирей
996
Питтсбург, PA
565
Пловдив
198
Пномпень
142
Подгорица
1203
Подпорожье (47RUS)
412
Познань
1057
Покачи (86RUS)
178
Полтава
511
Понта-Делгада
652
Понтианак
291
Попаян
781
Порт-Блэр
792
Порт-Вила
600
Порт-Луи
245
Порт-Морсби
207
Порт-о-Пренс
236
Порт-оф-Спейн
501
Порт-Саид
956
Порт-Судан
891
Порт-Харкорт
868
Порт-Элизабет
984
Портленд, ME
1024
Портленд, OR
918
Порто-Ново
508
Порту
803
Порту-Алегри
528
Потсдам
548
Прага
843
Прая
863
Претория
431
Приштина
989
Провиденс, RI
106
Псков
461
Пуатье
1050
Пугачёв (64RUS)
789
Пудучерри
680
Пусан
202
Пуэбла
872
Пуэнт-Нуар
277
Пуэрто-Аякучо
676
Пхеньян
1045
Пыть-Ях
261
Пьюра
24
Пятигорск
568
Рабат
632
Равалпинди
1121
Радужный (86RUS)
785
Райпур
593
Рангпур
769
Ранчи
1104
Рахата (05RUS)
426
Рейкьявик
465
Реймс
361
Рейноса
446
Ренн
1194
Рес
272
Ресистенсия
798
Ресифи
131
Рига
1156
Риддер
483
Рим
797
Рио-де-Жанейро
813
Риу-Бранку
179
Ровно
242
Род-Таун
239
Розо
264
Росарио
20
Ростов-на-Дону
518
Росток
327
Роттердам
450
Руан
1162
Рудный
564
Русе
139
Рязань
534
Саарбрюккен
1068
Саатлы
1141
Сабетта (89RUS)
1069
Сабирабад
1220
Сагаси-Дейбук (05RUS)
800
Салвадор
174
Салехард
438
Салоники
1206
Салым (86RUS)
270
Сальта
250
Сальто
9
Самара
66
Самарканд
1010
Сан-Антонио, TX
969
Сан-Диего, CA
284
Сан-Кристобаль
806
Сан-Луис
365
Сан-Луис-Потоси
266
Сан-Мигель-де-Тукуман
796
Сан-Паулу
942
Сан-Педро
213
Сан-Сальвадор
882
Сан-Томе
380
Сан-Франсиско-де-Кампече
968
Сан-Франциско, CA
215
Сан-Хосе
970
Сан-Хосе, CA
248
Сан-Хуан
271
Сан-Хуан
544
Сана
740
Сандакан
4
Санкт-Петербург
1035
Санкт-Петербург - ДУМ
226
Санта-Крус-де-ла-Сьерра
315
Санта-Крус-де-Тенерифе
269
Санта-Фе
309
Сантандер
210
Санто-Доминго
221
Сантьяго
381
Сантьяго-де-Керетаро
308
Сантьяго-де-Компостела
206
Сантьяго-де-Куба
273
Сантьяго-дель-Эстеро
748
Саппоро
304
Сарагоса
141
Сараево
126
Саранск
37
Саратов
636
Саргодха
1168
Сарманово (16RUS)
1059
Сарыагаш
828
Саскатун
1161
Сатпаев
394
Себу
185
Севастополь
1086
Севастополь
303
Севилья
554
Сегед
650
Семаранг
94
Семей
881
Сен-Дени
937
Сен-Луи
755
Сендай
667
Сенендедж
836
Сент-Джон
220
Сент-Джонс
835
Сент-Джонс
238
Сент-Джорджес
1006
Сент-Луис, MO
641
Серанг
1218
Сергокала (05RUS)
678
Сеул
727
Сиань
1047
Сибай
692
Сидней
786
Силвасса
123
Симферополь
1085
Симферополь
200
Сингапур
714
Синин
1023
Сиэтл, WA
144
Скопье
1063
Славянск-на-Кубани
149
Смоленск
1181
Соликамск
1019
Солт-Лейк-Сити, UT
143
София
50
Сочи
768
Сринагар
424
Ставангер
15
Ставрополь
578
Стамбул
1049
Старый Оскол (31RUS)
1061
Степногорск
1188
Стерлитамак
418
Стокгольм
443
Страсбург
991
Су-Фолс, SD
1033
Сува
224
Сукре
615
Сулеймания
851
Сумгаит
180
Сумы
339
Суонси
651
Сурабая
31
Сургут
1087
Сухум
499
Суэц
74
Сызрань
105
Сыктывкар
280
Сьюдад-Боливар
360
Сьюдад-Виктория
253
Сьюдад-дель-Эсте
357
Сьюдад-Хуарес
1111
Табошар
1145
Таганрог
687
Тайбэй
732
Тайюань
251
Такуарембо
1076
Талас
95
Талдыкорган
130
Таллин
925
Тамале
595
Таманрассет
150
Тамбов
1004
Тампа, FL
429
Тампере
569
Танжер
86
Тараз
1028
Тарко-Сале
1082
Тарумовка (05RUS)
46
Ташкент
97
Тбилиси
151
Тверь
669
Тебриз
665
Тегеран
212
Тегусигальпа
472
Тель-Авив
1046
Темрюк
371
Тепик
810
Терезина
1148
Терекли-Мектеб (05RUS)
193
Термез
181
Тернополь
619
Тикрит
562
Тимишоара
432
Тирана
770
Тируванантапурам
1128
Тисси-Шава (05RUS)
370
Тихуана
1095
Тлох (05RUS)
1139
Тлярата (05RUS)
119
Тобольск
745
Токио
310
Толедо
1027
Тольятти
118
Томск
1183
Томск-ДУМ
825
Торонто
383
Торреон
540
Торсхавн
491
Триест
477
Триполи
478
Триполи
425
Тронхейм
259
Трухильо
117
Туапсе
137
Тула
445
Тулон
466
Тулуза
506
Тунис
290
Тунха
492
Турин
71
Туркестан
428
Турку
356
Тустла-Гутьеррес
660
Тхимпху
1173
Тырныауз (07RUS)
681
Тэгу
682
Тэджон
8
Тюмень
1233
Тюмень2
1055
Тюслинг
707
Тяньцзинь
922
Уагадугу
827
Уайтхорс
899
Уамбо
258
Уанкайо
605
Удонтхани
168
Ужгород
971
Уилмингтон, DE
975
Уичито, KS
140
Улан-Батор
103
Улан-Удэ
6
Ульяновск
1172
Ульяновск центр мчт
1124
Унцукуль (05RUS)
874
Уолфиш-Бей
420
Уппсала
194
Ургенч
672
Урмия
700
Урумчи
1123
Усинск
1038
Усть-Омчуг (Магаданская обл.)
330
Утрехт
7
Уфа
709
Ухань
44
Ухта
743
Уэст-Айленд
935
Файя-Ларжо
990
Фарго, ND
510
Фару
631
Фейсалабад
195
Фергана
572
Фес
850
Фианаранцуа
995
Филадельфия, PA
993
Финикс, AZ
744
Флайинг-Фиш-Коув
495
Флоренция
812
Флорианополис
247
Фор-де-Франс
801
Форталеза
520
Франкфурт-на-Майне
870
Франсистаун
366
Фреснильо
861
Фритаун
753
Фукуока
818
Фунафути
917
Фуншал
718
Фучжоу
113
Хабаровск
634
Хайдарабад
757
Хайдарабад
721
Хайкоу
407
Хайфон
543
Халеб (Алеппо)
677
Хамхын
1204
Хандыга (14 RUS)
196
Ханой
173
Ханты-Мансийск
730
Ханчжоу
840
Хараре
706
Харбин
954
Харгейса
955
Хартум
99
Харьков
62
Хасавюрт
1044
Хасавюрт - новое
1089
Хасавюрт 2
1092
Хасавюрт 3
607
Хатъяй
1071
Хачмаз
427
Хельсинки
158
Херсон
1237
Херсон
626
Хилла
754
Хиросима
182
Хмельницкий
690
Хобарт
542
Хомс
793
Хониара
197
Хошимин
1152
Хромтау
1207
Хубар (05RUS)
819
Худжанд
1113
Хунзах (05RUS)
503
Хургада
704
Хух-Хото
1138
Хучни (05RUS)
1009
Хьюстон, TX
717
Хэфэй
731
Цзинань
711
Циндао
1013
Цинциннати, OH
1107
Цияб-Цолода (05RUS)
1130
Цолода (05RUS)
1100
Цуриб (05RUS)
1088
Цхинвал
470
Цюрих
776
Чандигарх
728
Чанчунь
715
Чанша
1164
Чапаев
973
Чарлстон, WV
1190
Чаяндинское ГМ (14 RUS)
114
Чебоксары
18
Челябинск
779
Ченнаи (Мадрас)
1112
Червленные Буруны (05RUS)
183
Черкассы
72
Черкесск
121
Чернигов
184
Черновцы
716
Чжэнчжоу
606
Чиангмай
966
Чикаго, IL
260
Чиклайо
1213
Чиркей (05RUS)
1135
Чистополь
161
Чита
592
Читтагонг
358
Чиуауа
1179
Чонтаул (05RUS)
722
Чунцин
708
Чэнду
1018
Шайенн, WY
701
Шанхай
1163
Шардара
334
Шарлеруа
983
Шарлотт, NC
829
Шарлоттаун
502
Шарм-эш-Шейх
1093
Шаури (05RUS)
739
Шах-Алам
1201
Шахты (61RUS)
531
Шверин
51
Шеки
1070
Шемахы
348
Шеффилд
772
Шиллонг
784
Шимла
670
Шираз
726
Шицзячжуан
434
Шкодер
521
Штутгарт
70
Шымкент
724
Шэньчжэнь
710
Шэньян
413
Щецин
625
Эд-Дивания
342
Эдинбург
833
Эдмонтон
329
Эйндховен
40
Элиста
880
Эль-Аюн
481
Эль-Джауф
624
Эль-Кут
958
Эль-Обейд
622
Эль-Фаллуджа
957
Эль-Фашер
609
Эль-Хуфуф
629
Эр-Рамади
608
Эр-Рияд
627
Эрбиль
363
Эрмосильо
516
Эрфурт
574
Эскишехир
1029
Югорск
1032
Южная Тарава
110
Южно-Сахалинск
735
Южно-Сухокумск
79
Якутск
939
Ямусукро
661
Янгон
822
Ярен
129
Ярославль
561
Яссы
893
Яунде
1197
﻿Нижнее Казанище (05RUS)
1215
﻿Цунта (05RUS)
1238
1143
48.283333
46.166667
1
886
5.116667
7.366667
178
159
53.716667
91.416667
1
344
57.15
-2.1
11
940
5.316667
-4.033333
199
546
24.478056
54.368611
115
884
9.066667
7.483333
178
734
60.144444
16.1675
84
951
16.966667
7.983333
202
780
23.833333
91.266667
148
1056
42.533333
46.1
1
1064
39.988889
46.933611
5
766
27.18
78.02
148
376
21.880833
-102.129444
34
575
37
35.325
121
959
9.03
38.74
205
694
-34.933333
138.583333
143
545
12.783333
45.016667
114
596
27.874167
-0.293889
124
1137
54.85
53.066667
1
773
23.727222
92.717778
148
374
16.851667
-99.909722
34
924
5.55
-0.2
191
1109
51.167778
52.995
4
1209
54.833333
50.783333
1
1094
55.7
54.083333
1
61
43.65
51.15
4
78
50.266667
57.216667
4
500
31.2
29.916667
103
1150
44.7
42.983333
1
594
36.776389
3.058611
124
1114
43.640833
46.861389
1
765
25.45
81.85
148
43
43.25
76.9
4
1022
35.110703
-106.609991
206
32
54.9
 52.3
1
475
31.933333
35.933333
98
326
52.383333
4.9
82
459
49.9
2.3
94
620
31.989167
44.324444
131
175
64.733333
177.516667
1
1025
44.894444
37.316667
1
1136
42.783333
46.25
1
186
40.7
72.35
6
573
39.866667
32.866667
121
486
43.616667
13.516667
101
972
61.216667
-149.9
206
579
36.9
30.683333
121
849
-18.938611
47.521389
163
331
51.216667
4.4
8
391
14.583333
121.166667
83
1097
55.204167
48.504444
1
794
-13.833333
-171.75
151
1078
46.8
61.666667
4
256
-16.398764
-71.536883
75
88
50.248611
66.911389
4
613
45
41.116667
1
1226
56.090556
49.876389
1
108
64.55
40.533333
1
927
15.333333
38.933333
193
34
51.183333
71.4
4
1065
38.44
48.875
5
16
46.333333
48.016667
1
1103
46.333333
48.016667
1
505
24.088919
32.899731
103
252
-25.266667
-57.666667
74
981
33.755
-84.39
206
67
47.116667
51.883333
4
960
7.05
38.466667
205
436
38
23.716667
91
671
31.320278
48.669167
138
761
23.03
72.58
148
1227
42.2774
45.4988
16
1232
42.768056
46.3075
1
76
37.95
58.383333
10
1155
47.966667
80.433333
4
451
41.92667
8.73694
94
623
33.744722
44.643611
131
1187
43.599167
46.775833
1
614
33.325
44.422
131
469
47.566667
7.6
95
275
-38.716667
-62.266667
76
839
45.616667
63.316667
4
1212
52.583333
58.316667
1
388
10.666667
122.95
83
25
40.366656
49.835183
5
1170
41.723333
46.391944
5
985
39.283333
-76.616667
206
1159
46.842778
74.9775
4
946
12.65
-8
201
895
5.933333
10.166667
179
760
12.966667
77.566667
148
930
4.366667
18.583333
195
604
13.75
100.516667
129
642
5.55
95.316667
132
648
-5.429444
105.2625
132
602
4.916667
114.916667
127
649
-6.914744
107.609811
132
921
13.453056
-16.5775
189
488
41.133333
16.866667
101
282
10.066667
-69.333333
77
160
53.356667
83.787222
1
287
10.963889
-74.796389
78
278
10.133333
-64.683333
77
301
41.383333
2.183333
79
246
16
-61.716667
70
616
30.488889
47.81
131
241
17.298333
-62.734167
65
599
35.55
6.166667
124
897
5.466667
10.416667
179
635
29.395556
71.683611
13
961
11.6
37.383333
205
1230
42.258333
47.846389
1
463
47.24306
6.02194
94
397
45.316667
55.2
4
903
-19.833333
34.85
181
476
33.889798
35.500259
99
1224
46.083333
40.85
1
30
50.6
36.6
1
145
44.816667
20.466667
27
45
54.1
54.133333
1
804
-1.455833
-48.503889
152
54
53.966667
58.4
1
799
-19.916667
-43.933333
152
336
54.596667
-5.938333
11
209
17.25
-88.7675
38
480
32.1167
20.0666
100
900
-12.55
13.416667
180
892
6.3176
5.6145
178
423
60.3925
5.323333
85
513
52.516667
13.383333
107
997
44.475833
-73.211944
206
467
46.95
7.45
95
873
46.816667
134.25
1
299
43.256944
-2.923611
79
345
52.483333
-1.9
11
977
33.524755
-86.81274
206
176
48.783333
132.933333
1
926
11.85
-15.566667
192
55
42.866667
74.566667
7
120
50.283333
127.533333
1
1120
45.102904
43.425151
1
845
-15.786111
35.005833
159
865
-29.116667
26.216667
169
923
11.183333
-4.283333
190
285
4.598889
-74.080833
78
1017
43.613739
-116.237651
206
1169
54.966667
49.033333
1
489
44.5
11.35
101
877
-5.85
13.05
172
523
50.733889
7.099722
107
444
44.837912
-0.579541
94
980
42.358056
-71.063611
206
1105
42.665
46.22
1
1126
42.797383
46.290614
1
509
41.583334
-8.416667
105
871
-4.266667
15.283333
171
795
-15.798889
-47.866667
152
551
48.144722
17.112778
117
1041
56.116667
101.6
1
530
53.076944
8.808889
107
448
48.390834
-4.485556
94
931
6.536944
21.991944
195
1002
41.186389
-73.195556
206
227
13.096111
-59.608333
52
696
-27.467778
153.027778
143
346
51.45
-2.583333
11
550
49.195278
16.608333
116
335
51.209444
3.22
8
63
50.846667
4.3525
8
52
53.25
34.366667
1
77
54.533333
52.783333
1
553
47.516667
19.083333
118
1106
44.79
44.14
1
859
-3.3825
29.361111
165
403
54.966667
48.283333
1
398
42.816667
47.116667
1
295
7.1
-73.1
78
910
-1.333333
31.816667
183
841
-20.17
28.58
157
567
42.5
27.466667
25
576
40.183333
29.066667
121
1182
41.701389
48.4
1
964
42.904722
-78.849444
206
187
39.774722
64.428611
6
560
44.4
26.083333
119
1185
42.589812
46.768756
1
262
-34.599722
-58.381944
76
771
23.25
77.416667
148
775
20.27
85.84
148
416
53.116667
18
21
537
47.139722
9.521944
109
281
10.166667
-68
77
302
39.466667
-0.375
79
497
35.897778
14.5125
102
223
-33.066667
-71.633333
50
305
41.633333
-4.716667
79
1058
67.755278
83.461389
1
834
49.25
-123.1
156
566
43.216667
27.916667
25
133
52.216667
21.033333
21
962
38.895111
-77.036667
206
109
58.525
31.275
1
683
-41.288889
174.777222
141
85
48.216667
16.373333
14
487
45.433333
12.316667
101
375
19.313333
-96.226667
34
1180
55.445837
54.316815
1
915
-4.6167
55.45
185
378
24.022778
-104.654444
34
808
-20.33
-40.291944
152
233
12.116667
-68.933333
57
132
54.683333
25.283333
20
362
17.834722
-92.919167
34
848
-22.57
17.083611
162
831
49.899444
-97.139167
156
155
49.237222
28.467222
2
987
36.8506
-75.9779
206
515
50.082054
8.241377
107
359
19.118889
-98.17
34
112
43.116667
131.9
1
21
43.016667
44.65
1
134
56.133333
40.416667
1
435
40.45
19.483333
90
14
48.7
44.483333
1
1223
48.783333
44.766667
1
127
59.216667
39.9
1
404
67.5
64.033333
1
102
51.671667
39.210556
1
1099
39.853333
70.576944
9
415
51.116667
17.033333
21
199
17.966667
102.6
32
328
52.084167
4.3175
82
869
-24.658056
25.912222
170
205
23.116667
-82.383333
35
1205
55.55
35
1
1115
42.797383
46.290614
1
1144
69.255278
33.316667
1
473
31.516667
34.45
97
1066
41.093333
45.366111
5
580
37.066667
37.383333
121
586
33.55
68.416667
122
830
44.854444
-63.199167
156
953
6.769722
47.430833
203
525
53.55
10
107
237
32.2975
-64.801389
61
778
27.33
88.62
148
767
23.22
72.68
148
532
52.374444
9.738611
107
688
22.633333
120.266667
142
203
20.666111
-103.351944
34
211
14.622778
-90.531389
40
411
54.366667
18.633333
21
1074
40.655278
47.738889
5
1147
44.560833
38.076667
1
389
6.116667
125.166667
83
332
51.05
3.716667
8
484
44.416667
8.933333
101
587
34.341944
62.203056
122
1101
42.347295
47.964107
1
1108
42.996711
46.74415
1
419
57.7
11.933333
84
1149
42.757778
46.842222
1
341
55.87
-4.27
11
64
52.441667
30.983333
3
698
22.278333
114.158889
144
965
21.3
-157.816667
206
104
51.95
85.966667
1
805
-16.678889
-49.253889
152
322
47.066667
15.433333
14
28
43.31666
45.7
1
723
23.1275
113.247222
144
229
-2.183333
-79.883333
53
1067
41.365278
48.526389
5
401
64.433333
76.5
1
638
32.15
74.183333
13
720
26.583333
106.716667
144
188
40.483333
68.783333
6
879
2.78
32.3
173
1116
42.386667
46.961667
1
1062
41.426389
48.435556
5
852
40.682778
46.360556
5
392
7.5
126
83
936
14.692778
-17.446667
198
590
23.7
90.375
123
1008
32.7825
-96.7975
206
729
39.033333
121.766667
144
787
20.416939
72.834022
148
541
33.5
36.3
113
409
16.048611
108.220556
30
343
56.45
-2.983333
11
685
-45.866667
170.5
141
909
-6.8
39.283333
183
691
-12.466667
130.833333
143
976
41.590833
-93.620833
206
558
47.53
21.639167
118
756
28.666667
77.216667
148
1020
39.739167
-104.984722
206
656
-8.65
115.216667
132
165
42.069167
48.295833
1
1131
42.069167
48.295833
1
1001
42.331389
-83.045833
206
782
30.318
78.029
148
777
26.926
75.8235
148
640
-6.2
106.8
132
1132
42.024167
48.264167
1
883
-15.924444
-5.718056
177
589
34.434167
70.447778
122
244
11.595
43.148056
68
610
21.542778
39.172778
130
189
40.116667
67.85
6
218
6.783333
-58.166667
47
235
19.3034
-81.3863
59
736
1.483333
103.733333
12
860
4.85
31.6
166
992
32.298889
-90.184722
206
1005
30.316667
-81.65
206
449
47.32167
5.04139
94
658
-8.566667
125.566667
134
762
26.140833
91.790833
148
153
48.466601
35.018155
2
908
-6.173056
35.741944
183
1225
50.766389
59.544444
1
125
48.008889
37.804167
2
1235
48.008889
37.804167
1
526
51.513889
7.465278
107
440
25.3
51.533333
92
535
51.033333
13.733333
107
894
4.05
9.7
179
547
25.269722
55.309444
115
320
53.3425
-6.265833
81
527
51.432222
6.761111
107
867
-29.883333
31.05
169
433
41.324167
19.455833
90
75
38.573056
68.786389
9
1222
43.070833
46.637222
1
1096
42.0275
47.969167
1
529
51.216667
6.816667
107
1072
40.617222
47.15
5
12
56.833333
60.5833333
1
89
51.729778
75.326583
4
98
40.183333
44.516667
17
1160
48.3375
70.169167
4
1119
51.913333
67.3325
4
1079
43.3
52.8
4
1157
43.566667
69.75
4
1165
49.416667
46.85
4
1167
44.166667
80
4
90
47.783333
67.7
4
468
46.2
6.15
95
91
40.775278
68.327222
4
167
50.254444
28.657778
2
811
-7.083333
-34.833333
152
675
31.028611
61.501111
138
1042
47.117222
43.890833
1
1075
41.633611
46.643333
5
146
45.8
15.95
28
1090
55.3
52.016667
1
324
47.8
13.033333
14
393
6.866667
122.066667
83
911
-6.165833
39.199167
183
1080
69.416667
30.8
1
124
47.837778
35.138333
2
1234
47.837778
35.138333
1
1208
55.85
48.516667
1
1210
44.407012
43.873124
1
820
53.733333
127.25
1
944
22.683333
-12.466667
200
296
4.433333
-75.233333
78
889
7.396389
3.916667
178
169
48.922778
24.710556
2
101
57
40.983333
1
857
67.466667
86.566667
1
474
31.783333
35.233333
97
11
56.8
53.2166667
1
1036
42.566667
47.866667
1
577
38.433333
27.15
121
838
63.748611
-68.519722
156
791
24.82
93.95
148
974
39.791
-86.148
206
325
47.266667
11.383333
14
703
38.466667
106.266667
144
746
35.444167
139.638056
147
737
4.6
101.07
12
439
35.333333
25.133333
91
100
52.283333
104.3
1
83
33.666667
73.166667
13
1127
39.910833
69.006389
9
1098
40.116667
70.633333
9
666
32.633333
51.483333
138
790
27.1
93.62
148
1118
29.534444
120.1
144
1133
41.696111
47.214444
1
837
62.442222
-114.3975
156
866
-26.204444
28.045556
169
84
56.632778
47.895833
1
584
34.532778
69.165833
122
788
10.566667
72.638889
148
752
35.516667
139.7
147
390
8.483333
124.65
83
890
10.516667
7.433333
178
1
55.790833
49.1144444
1
1060
41.760685
69.398611
4
498
30.056111
31.239444
103
219
4.933333
-52.333333
48
581
38.733333
35.483333
121
832
51.05
-114.066667
156
297
3.457222
-76.528333
78
111
54.716667
20.5
1
135
54.533333
36.266667
1
759
22.566667
88.366667
148
493
39.216667
9.116667
101
1048
48.316667
40.266667
1
878
0.313611
32.581111
173
816
-20.468611
-54.622222
152
455
49.183056
-0.369444
94
689
-35.302778
149.141667
143
588
31.616667
65.716667
122
1117
54.566667
54.116667
1
1151
49.455556
57.416111
4
1007
39.05
-94.583333
206
382
21.160556
-86.8475
34
888
12
8.516667
178
408
10.033333
105.783333
30
1166
44.166667
80
4
933
9.548889
1.190556
196
1178
42.7
47.55
1
47
49.8
73.116667
4
817
-1.815833
-61.127778
152
276
10.5
-66.933333
77
1146
42.5
78.383333
7
1158
43.16666
70.466667
4
73
43.766667
41.9
1
82
24.86
67.01
13
338
51.48
-3.18
11
733
50.230556
12.8725
116
288
10.441667
-75.513333
78
190
38.866667
65.8
6
570
33.599167
-7.62
120
907
-10.211667
31.178333
182
400
42.883333
47.633333
1
240
14.016667
-60.983333
64
1175
41.666667
48.133333
1
659
27.716667
85.366667
135
1077
54.9
23.933333
20
1171
42.3875
47.986667
1
679
35.166667
126.916667
140
826
46.816667
-71.216667
156
637
30.210556
67.018889
13
938
12.55
-12.183333
198
864
-33.925278
18.423889
169
514
50.942222
6.957778
107
163
55.333333
86.066667
1
628
32.616667
44.033333
131
674
30.283333
57.083333
138
557
46.906944
19.693333
118
858
-1.953611
30.060556
164
947
18.438889
1.408333
201
17
50.45
30.5
2
855
43.2
46.866667
1
1211
43.2
46.866667
1
399
43.85
46.716667
1
524
54.325278
10.140556
107
230
13.166667
-61.233333
54
231
17.983333
-76.8
55
875
-4.325
15.322222
172
751
35.016667
135.75
147
621
35.466667
44.4
131
35
58.6
49.65
1
177
48.51
32.266667
2
27
43.916666
42.71666
1
914
-0.1
34.75
184
228
-0.218611
-78.509722
53
1102
42.312222
47.710833
1
96
47.005556
28.8575
15
457
45.783088
3.082352
94
1014
41.482222
-81.669722
206
750
34.699722
135.143333
147
353
52.416667
-1.516667
11
854
62.266667
74.483333
1
60
53.291667
69.391667
4
384
19.243611
-103.730833
34
657
6.934444
79.842778
133
1051
48.516667
25.033333
2
982
34.000833
-81.035278
206
1012
39.983333
-82.983333
206
555
46.191111
18.261111
118
928
9.509167
-13.712222
194
222
-36.833333
-73.05
50
597
36.365
6.614722
124
395
48.533333
37.716667
2
563
44.173333
28.638333
119
582
37.866667
32.483333
121
317
55.686944
12.583333
80
263
-31.416667
-64.183333
76
321
51.9
-8.473056
81
1216
43.028056
47.291944
1
941
9.416667
-5.616667
199
59
53.2
63.633333
4
136
57.766667
40.933333
1
1193
51.945833
7.1675
107
742
6.133333
102.25
12
741
5.971389
116.095278
12
1140
47.633333
43.133333
1
774
25.6701
94.1077
148
552
48.716667
21.25
117
686
-43.53
172.620278
141
410
50.066667
19.95
21
29
45.03333334
38.98333334
1
39
56.016667
92.866667
1
81
3.159722
101.7
12
536
29.375
47.98
108
901
-12.383333
16.933333
180
402
56.1825
50.906389
1
293
7.9
-72.5
78
1153
46.983333
54.016667
4
364
24.799167
-107.389444
34
673
34.646111
50.878889
138
1196
44.293611
45.584167
1
713
25.066667
102.683333
144
654
-10.183333
123.583333
132
170
55.440833
65.341111
1
1081
37.836389
68.780278
9
802
-25.416667
-49.25
152
1125
44.46
42.495278
1
107
51.716667
36.183333
1
257
-13.527222
-71.971389
75
738
1.539722
110.354167
12
372
18.918611
-99.234167
34
815
-15.595833
-56.096944
152
591
22.816667
89.55
123
152
51.716667
94.45
1
1184
40.266667
72.05
7
92
44.85
65.516667
4
225
-16.494167
-68.1475
51
368
24.142222
-110.310833
34
267
-34.933333
-57.95
76
887
6.453056
3.395833
178
1174
55.4
49.55
1
783
26.847
80.947
148
719
36.033333
103.8
144
1021
36.175
-115.136389
206
316
28.127222
-15.431389
79
630
31.549722
74.343611
13
1110
43.087842
46.563089
1
1142
54.598869
52.442272
1
1053
38.753611
48.851111
5
49
60.716667
114.9
1
377
21.116667
-101.683333
34
354
52.635
-1.135
11
286
-4.216944
-69.938889
78
920
0.3901
9.4544
188
351
53.416667
-3
11
347
53.799722
-1.549167
11
456
50.637222
3.063333
94
844
-13.983333
33.783333
159
255
-12.035
-77.018611
75
453
45.85
1.25
94
323
48.3
14.283333
14
559
58.408333
15.625
84
462
45.759722
4.842222
94
138
52.616667
39.6
1
507
38.71
-9.14
105
986
34.736111
-92.331111
206
313
42.47
-2.445556
79
414
51.783333
19.466667
21
471
46.519833
6.6335
95
932
6.131944
1.222778
196
80
51.507222
-0.1275
11
337
54.991667
-7.341667
11
967
34.05
-118.25
206
898
-8.838333
13.234444
180
876
-11.669722
27.458056
172
154
48.583333
39.333333
2
1236
48.583333
39.333333
1
998
38.25
-85.766667
206
905
-15.416667
28.283333
182
166
50.747778
25.324444
2
702
29.656389
91.128333
144
157
49.833333
24
2
333
50.65
5.566667
8
417
51.233333
22.566667
21
147
46.05
14.516667
29
512
49.611667
6.13
106
1177
43.65
46.733333
1
57
61.616667
72.166667
1
171
59.566667
150.8
1
1199
59.566667
150.8
1
519
52.133333
11.616667
107
33
53.383333
59.033333
1
1031
7.066667
171.266667
208
298
40.4
-3.683333
79
585
36.71
67.11
122
1003
25.783333
-80.216667
206
885
11.833333
13.15
178
38
44.6
40.083333
1
533
50
8.266667
107
699
22.161667
113.558333
144
653
-5.133333
119.431111
132
1154
47.65
53.316667
4
387
14.55
121.033333
83
243
3.586389
8.778889
67
314
36.666667
-4.483333
79
601
4.175278
73.508889
126
1238
56.3122
50.4051
1
421
55.583333
13.033333
84
1221
55.7
51.4
1
916
-12.7806
45.2278
186
214
12.15
-86.266667
43
441
26.216667
50.583056
93
814
-3.1
-60.016667
152
663
21.976944
96.086944
137
385
14.583333
121
83
352
53.466667
-2.233333
11
1000
42.990833
-71.463611
206
902
-25.966667
32.583333
181
268
-38
-57.55
76
950
13.483333
7.1
202
279
10.246944
-67.595833
77
283
10.633333
-71.633333
77
571
31.633333
-8
120
460
43.296346
5.369889
94
896
10.582322
14.327544
179
809
-9.665833
-35.735
152
846
-29.322222
27.487778
160
538
23.61
58.54
110
655
-8.583333
116.116667
132
26
42.983333
47.483333
1
1214
42.983333
47.483333
1
847
-26.320833
31.161667
161
643
3.583333
98.666667
132
289
6.231944
-75.568056
78
612
24.466667
39.6
130
611
21.42263
39.826212
130
821
7.5
134.616667
154
695
-37.820556
144.961389
143
979
35.117365
-89.971068
206
1192
51.433333
7.8
107
265
-32.883333
-68.816667
76
645
-8.466667
140.333333
132
306
38.9
-6.333333
79
355
20.967778
-89.621667
34
504
31.333333
27.233333
103
583
36.8
34.616667
121
369
32.663333
-115.467778
34
201
19.419444
-99.145556
34
454
49.1203
6.1778
94
668
36.306944
59.604167
138
485
45.466667
9.166667
101
1011
43.05
-87.95
206
1015
44.983333
-93.266667
206
19
53.9166667
27.5555555
3
482
32.366667
15.083333
100
1189
42.439417
46.6871
1
556
48.105556
20.783333
118
952
2.033333
45.35
203
65
53.916667
30.35
3
1084
43.750017
44.649983
1
662
16.484722
97.625833
137
913
-4.05
39.666667
184
539
43.7309
7.4241
111
452
43.611944
3.877222
94
824
45.5
-73.566667
156
862
6.310556
-10.804722
168
249
-34.866944
-56.166667
73
204
25.666667
-100.3
34
948
14.495833
-4.198611
201
373
19.704444
-101.199444
34
603
-11.703611
43.253611
128
2
55.755786
37.617633
1
1228
55.755786
37.617633
1
617
36.366667
43.116667
131
1202
61.402003
128.947191
1
633
30.2
71.416667
13
758
18.966667
72.833333
148
1129
42.683333
46.310278
1
386
14.383333
121.05
83
1040
63.794444
74.497222
1
479
25.9
13.9
100
128
68.966667
33.083333
1
311
37.983333
-1.133333
79
842
-18.966667
32.633333
157
1186
43.268595
46.72657
1
1195
51.966667
7.633333
107
522
48.133333
11.566667
107
1134
41.665833
47.279722
1
3
55.7
52.3333333
1
191
40.083333
65.383333
6
749
35.116667
136.933333
147
22
43.216667
44.766667
1
1052
43.216667
44.766667
1
912
-1.283333
36.816667
184
23
43.483333
43.616667
1
192
40.966667
71.566667
6
904
-15.116667
39.266667
181
705
32.05
118.766667
144
458
47.21806
-1.55278
94
712
22.816667
108.316667
144
725
28.683333
115.883333
144
1191
46.683333
47.85
1
172
67.637778
53.006667
1
618
31.053889
46.250278
131
217
25.066667
-77.333333
46
807
-5.795
-35.208889
152
1073
39.208889
45.412222
5
978
36.166667
-86.783333
206
934
12.113056
15.049167
197
906
-12.966667
28.633333
182
496
40.833333
14.25
101
1037
44.633333
41.933333
1
664
19.737778
96.2075
137
945
16.616667
-7.25
200
853
56.658333
124.725
1
274
-38.95735
-68.045533
76
1026
44.750556
44.979722
1
58
61.1
72.6
1
929
7.75
-8.816667
194
949
13.508611
2.111111
202
36
60.95
76.55
1
48
55.633333
51.816667
1
5
56.326944
44.0075
1
1200
57.916667
59.966667
1
156
46.966667
32
2
430
35.166667
33.366667
88
447
43.695949
7.271413
94
1231
43.604351
46.46075
1
164
53.75
87.116667
1
1217
43.116667
46.483333
1
517
44.716667
37.766667
1
53
55.033333
82.916667
1
1176
44.140852
46.966379
1
1229
43.333135
46.826589
1
994
29.966667
-90.05
206
115
66.084722
76.678889
1
405
69.333333
88.216667
1
1198
69.333333
88.216667
1
349
52.955
-1.149167
11
406
63.201667
75.451667
1
943
18.078333
-15.974444
200
1034
-21.133333
-175.2
211
396
42.464722
59.602222
6
1030
-22.2758
166.458
207
1091
54.433333
50.8
1
232
64.175
-51.733333
56
1043
57.933333
55.333333
1
963
40.728333
-73.994167
206
999
40.72422
-74.172574
206
350
54.977778
-1.613333
11
340
51.59
-3
11
1083
49.452778
11.077778
107
367
17.067778
-96.72
34
307
43.35
-5.833333
79
319
55.4
10.383333
80
122
46.466667
30.733333
2
988
35.482222
-97.535
206
684
-36.85
174.783333
141
856
54.483333
53.483333
1
1054
53.783333
20.483333
21
1016
41.25
-96
206
116
54.966667
73.383333
1
87
51.233333
51.366667
4
598
35.706111
0.637778
124
234
12.5
-70.016667
58
148
52.966667
36.083333
1
10
51.766667
51.1
1
464
47.9025
1.909
94
1039
51.2
58.616667
1
318
56.15
10.216667
80
747
34.693611
135.501944
147
93
49.95
82.616667
4
422
59.911111
10.752778
85
549
49.835556
18.2925
116
823
45.417
-75.7
156
56
40.533333
72.783333
7
68
52.315556
76.956389
4
644
-0.95
100.353056
132
647
-2.983333
104.764444
132
494
38.116667
13.366667
101
1122
50.05
46.883333
1
300
39.566667
2.65
79
312
42.816667
-1.65
79
764
15.498889
73.827778
148
216
9
-79.5
45
919
9.35
2.616667
187
208
5.866667
-55.166667
37
1219
42.740833
47.352778
1
442
48.833333
2.333333
94
292
1.166667
-77.266667
78
763
25.611
85.144
148
379
20.039444
-98.356667
34
254
-22.566667
-55.716667
74
646
0.533333
101.45
132
697
39.933333
116.4
144
41
53.2
45
1
294
4.814278
-75.694558
78
13
58.013889
56.248889
1
693
-31.953056
115.858889
143
490
43.116667
12.383333
101
42
61.783333
34.35
1
69
54.862222
69.140833
4
162
53.016667
158.65
1
639
34.016667
71.583333
13
437
37.966667
23.633333
91
996
40.441667
-80
206
565
42.15
24.75
25
198
11.55
104.916667
31
142
42.439722
19.266111
24
1203
60.916667
34.166667
1
412
52.333333
17
21
1057
61.75
75.583333
1
178
49.574444
34.568611
2
511
37.733333
-25.666667
105
652
0
109.333333
132
291
2.433333
-76.616667
78
781
11.668333
92.737778
148
792
-17.75
168.3
149
600
-20.166667
57.5
125
245
-9.5
147.2
69
207
18.5425
-72.338611
36
236
10.666667
-61.516667
60
501
31.25
32.283333
103
956
19.616667
37.216667
204
891
4.75
7
178
868
-33.958056
25.6
169
984
43.666667
-70.266667
206
1024
45.52
-122.681944
206
918
6.497222
2.605
187
508
41.15
-8.6
105
803
-30.033056
-51.23
152
528
52.4
13.066667
107
548
50.088611
14.421389
116
843
14.916667
-23.516667
158
863
-25.725556
28.243889
169
431
42.666667
21.166667
89
989
41.823611
-71.422222
206
106
57.816667
28.333333
1
461
46.581945
0.346112
94
1050
52.016667
48.8
1
789
11.93
79.83
148
680
35.1
129.040278
140
202
19
-98
34
872
-4.788889
11.865278
171
277
5.666667
-67.633333
77
676
39.03
125.73
139
1045
60.75
72.783333
1
261
-5.200833
-80.625278
75
24
44.033333
43.05
1
568
34.025278
-6.836111
120
632
33.6
73.050278
13
1121
62.133333
77.466667
1
785
21.14
81.38
148
593
25.75
89.25
123
769
23.35
85.33
148
1104
42.690833
46.143889
1
426
64.15
-21.883333
86
465
49.26278
4.03472
94
361
26.016667
-98.233333
34
446
48.114722
-1.679444
94
1194
51.766667
6.4
107
272
-27.451389
-58.986667
76
798
-8.05
-34.9
152
131
56.9475
24.106944
19
1156
50.35
83.516667
4
483
41.9
12.5
101
797
-22.908333
-43.196389
152
813
-9.974722
-67.81
152
179
50.619722
26.251389
2
242
18.433333
-64.616667
66
239
15.3
-61.383333
63
264
-32.95
-60.65
76
20
47.233333
39.716667
1
518
54.083333
12.133333
107
327
51.930833
4.479167
82
450
49.443232
1.099971
94
1162
52.96666
63.11666
4
564
43.85
25.983333
25
139
54.616667
39.716667
1
534
49.233333
7
107
1068
39.931111
48.369722
5
1141
71.25
72.102778
1
1069
40.005278
48.471944
5
1220
42.509444
47.842778
1
800
-12.974722
-38.510833
152
174
66.533333
66.633333
1
438
40.633333
22.95
91
1206
60.075833
71.468889
1
270
-24.788333
-65.410556
76
250
-31.388333
-57.960556
73
9
53.1833333
50.1166667
1
66
39.654167
66.959722
6
1010
29.428611
-98.493333
206
969
32.715
-117.1625
206
284
7.75
-72.216667
77
806
-2.53
-44.302778
152
365
22.151111
-100.976111
34
266
-26.830556
-65.203611
76
796
-23.5
-46.616667
152
942
4.751389
-6.638611
199
213
13.683333
-89.183333
42
882
0.336111
6.681389
176
380
19.848611
-90.525278
34
968
37.783333
-122.416667
206
215
9.933333
-84.083333
44
970
37.333333
-121.9
206
248
18.45
-66.066667
72
271
-31.5375
-68.536389
76
544
15.35
44.2
114
740
5.833333
118.116667
12
4
59.95
30.316667
1
1035
59.95
30.316667
1
226
-17.789167
-63.1975
51
315
28.466667
-16.25
79
269
-31.744444
-60.541944
76
309
43.466667
-3.8
79
210
18.476389
-69.893333
39
221
-33.45
-70.666667
50
381
20.616667
-100.466667
34
308
42.866667
-8.55
79
206
20.028333
-75.820556
35
273
-27.784444
-64.266944
76
748
43.05
141.35
147
304
41.65
-0.9
79
141
43.866667
18.416667
23
126
54.183333
45.183333
1
37
51.533333
46.0
1
636
32.083611
72.671111
13
1168
55.254444
52.589722
1
1059
41.466667
69.166667
4
828
52.133333
-106.683333
156
1161
47.9
67.533333
4
394
10.240872
123.837361
83
185
44.6
33.533333
2
1086
44.6
33.533333
1
303
37.383333
-5.983333
79
554
46.25
20.166667
118
650
-6.966667
110.416667
132
94
50.411111
80.2275
4
881
-20.8789
55.4481
175
937
16.033333
-16.5
198
755
38.268333
140.869444
147
667
35.314444
46.992222
138
836
45.2796
-66.0628
156
220
17.121111
-61.844722
49
835
47.5675
-52.707222
156
238
12.044444
-61.741667
62
1006
38.616667
-90.2
206
641
-6.12
106.150278
132
1218
42.443889
47.666667
1
678
37.566536
126.977969
140
727
34.266667
108.9
144
1047
52.7
58.65
1
692
-33.869444
151.208333
143
786
20.27
73.02
148
123
44.948056
34.104167
2
1085
44.948056
34.104167
1
200
1.35
103.85
33
714
36.633333
101.766667
144
1023
47.609722
-122.333056
206
144
41.983333
21.433333
26
1063
45.258611
38.124722
1
149
54.782778
32.045278
1
1181
59.633333
56.766667
1
1019
40.75
-111.883333
206
143
42.7
23.333333
25
50
43.585278
39.720278
1
768
34.09
74.79
148
424
58.960833
5.715556
85
15
45.05
41.98333
1
578
41.01
28.960278
121
1049
51.298056
37.835
1
1061
52.346944
71.881667
4
1188
53.633333
55.95
1
418
59.333333
18.066667
84
443
48.58476
7.750576
94
991
43.536389
-96.731667
206
1033
-18.1416
178.4419
210
224
-19.209444
-65.255278
51
615
35.55
45.433333
131
851
40.591667
49.639722
5
180
50.913993
34.802354
2
339
51.616667
-3.933333
11
651
-7.233333
112.733333
132
31
61.25
73.43333334
1
1087
43.003333
41.015278
212
499
29.966667
32.533333
103
74
53.166667
48.466667
1
105
61.666667
50.816667
1
280
8.116667
-63.55
77
360
23.733889
-99.135
34
253
-25.516667
-54.616667
74
357
31.739444
-106.486944
34
1111
40.568889
69.640278
9
1145
47.239167
38.883333
1
687
25.033333
121.533333
142
732
37.85
112.55
144
251
-31.733333
-55.983333
73
1076
42.516667
72.233333
7
95
45.016667
78.366667
4
130
59.433333
24.75
18
925
9.4075
-0.853333
191
595
22.785
5.522778
124
150
52.716667
41.433333
1
1004
27.970833
-82.464722
206
429
61.498056
23.760833
87
569
35.784722
-5.8125
120
86
42.883333
71.366667
4
1028
64.914722
77.772778
1
1082
44.073611
46.534722
1
46
41.3
69.266667
6
97
41.716667
44.8
16
151
56.857828
35.921928
1
669
38.083333
46.283333
138
665
35.7
51.416667
138
212
14.094167
-87.206667
41
472
32.083333
34.8
96
1046
45.266667
37.383333
1
371
21.5
-104.9
34
810
-5.095
-42.804167
152
1148
44.165278
45.871111
1
193
37.224167
67.278333
6
181
49.566667
25.6
2
619
34.6
43.683333
131
562
45.759722
21.23
119
432
41.33
19.82
90
770
8.4875
76.9525
148
1128
42.483333
46.15
1
370
32.530833
-117.02
34
1095
42.675
46.468333
1
1139
42.1
46.333333
1
119
58.195278
68.258056
1
745
35.683333
139.6
147
310
39.866667
-4.033333
79
1027
53.516667
49.416667
1
118
56.488611
84.952222
1
1183
56.488611
84.952222
1
825
43.7
-79.4
156
383
25.544444
-103.441667
34
540
62
-6.783333
112
491
45.633333
13.8
101
477
34.44
35.83
99
478
32.902222
13.185833
100
425
63.426944
10.393056
85
259
-8.111944
-79.028889
75
117
44.1
39.083333
1
137
54.2
37.616667
1
445
43.1222
5.93
94
466
43.604482
1.443962
94
506
36.800833
10.18
104
290
5.533333
-73.366667
78
492
45.066667
7.7
101
71
43.3
68.243611
4
428
60.451667
22.27
87
356
16.753056
-93.115556
34
660
27.483333
89.633333
136
1173
43.389266
42.918907
1
681
35.866667
128.6
140
682
36.341667
127.409167
140
8
57.15
65.5333333
1
1233
57.15
65.5333333
1
1055
48.216667
12.583333
107
707
39.133333
117.183333
144
922
12.357222
-1.535278
190
827
60.716667
-135.05
156
899
-12.766667
15.733333
180
258
-12.066667
-75.216667
75
605
17.416667
102.75
129
168
48.623889
22.295
2
971
39.745833
-75.546667
206
975
37.688889
-97.336111
206
140
47.916667
106.916667
22
103
51.833333
107.616667
1
6
54.312422
48.395625
1
1172
54.312422
48.395625
1
1124
42.709444
46.788611
1
874
-22.956111
14.508056
162
420
59.85
17.65
84
194
41.55
60.633333
6
672
37.55
45.1
138
700
43.8
87.583333
144
1123
65.999772
57.541422
1
1038
61.15
149.633333
1
330
52.088889
5.115556
82
7
54.733333
55.966667
1
709
30.583333
114.283333
144
44
63.566667
53.7
1
743
-12.186944
96.828333
145
935
17.916944
19.116667
197
990
46.877222
-96.789444
206
510
37.033333
-7.916667
105
631
31.410556
73.088611
13
195
40.386389
71.786389
6
572
34.044167
-5.001944
120
850
-21.433333
47.083333
163
995
39.95
-75.166667
206
993
33.45
-112.066667
206
744
-10.421667
105.678056
146
495
43.783333
11.25
101
812
-27.596944
-48.548889
152
247
14.599722
-61.083056
71
801
-3.718333
-38.542778
152
520
50.113611
8.679722
107
870
-21.173611
27.5125
170
366
23.175556
-102.8675
34
861
8.483333
-13.233056
167
753
33.590278
130.401944
147
818
-8.516667
179.216667
153
917
32.65
-16.916667
105
718
26.076111
119.306389
144
113
48.483333
135.066667
1
634
25.379167
68.368333
13
757
17.366667
78.466667
148
721
20.046667
110.338889
144
407
20.855833
106.681944
30
543
36.2
37.15
113
677
39.916667
127.533333
139
1204
62.653333
135.559167
1
196
21.033333
105.85
30
173
61.000822
69.006239
1
730
30.273056
120.176944
144
840
-17.863889
31.029722
157
706
45.75
126.633333
144
954
9.55
44.066667
203
955
15.633333
32.533333
204
99
49.916667
36.316667
2
62
43.25
46.583333
1
1044
43.25
46.583333
1
1089
43.25
46.583333
1
1092
43.25
46.583333
1
607
7.016667
100.466667
129
1071
41.468056
48.802778
5
427
60.173333
24.948611
87
158
46.633333
32.6
2
1237
46.633333
32.6
1
626
32.483333
44.433333
131
754
34.385278
132.455278
147
182
49.42
27
2
690
-42.883333
147.316667
143
542
34.733333
36.716667
113
793
-9.466667
159.816667
150
197
10.766667
106.666667
30
1152
50.250278
58.434722
4
1207
43.050922
46.753717
1
819
40.283333
69.616667
9
1113
42.55
46.75
1
503
27.257778
33.811667
103
704
40.816667
111.65
144
1138
41.948307
47.946159
1
1009
29.762778
-95.383056
206
717
31.866667
117.283333
144
731
36.666667
116.983333
144
711
36.116667
120.4
144
1013
39.1
-84.516667
206
1107
43.251223
46.416103
1
1130
42.635833
46.366389
1
1100
42.237778
46.833333
1
1088
42.225661
43.970072
16
470
47.366667
8.55
95
776
30.75
76.78
148
728
43.9
125.2
144
715
28.196111
112.972222
144
1164
50.2
51.166667
4
973
38.347222
-81.633333
206
1190
60.462778
112.471944
1
114
56.133333
47.25
1
18
55.15
61.4
1
779
13.083889
80.27
148
1112
44.161925
45.632372
1
183
49.444444
32.059722
2
72
44.222222
42.0575
1
121
51.5
31.3
2
184
48.290833
25.934444
2
716
34.766667
113.65
144
606
18.788889
98.983333
129
966
41.881944
-87.627778
206
260
-6.771667
-79.838611
75
1213
42.963333
46.976667
1
1135
55.364722
50.626111
1
161
52.033333
113.5
1
592
22.366667
91.8
123
358
28.635278
-106.088889
34
1179
43.305
46.863889
1
722
29.55
106.506944
144
708
30.663611
104.066667
144
1018
41.145556
-104.801944
206
701
31.2
121.5
144
1163
41.254722
67.969167
4
334
50.416667
4.444167
8
983
35.226944
-80.843333
206
829
46.24
-63.1399
156
502
27.978611
34.393611
103
1093
42.193056
45.958333
1
739
3.083333
101.533333
12
1201
47.712211
40.208369
1
531
53.633333
11.416667
107
51
41.191944
47.170556
5
1070
40.633889
48.639167
5
348
53.3825
-1.471944
11
772
25.5667
91.8833
148
784
31.103333
77.172222
148
670
29.6
52.516667
138
726
38.066667
114.483333
144
434
42.066667
19.5
90
521
48.776111
9.1775
107
70
42.3
69.6
4
724
22.533333
114.133333
144
710
41.795556
123.448056
144
413
53.433333
14.533333
21
625
31.989167
44.924722
131
342
55.95
-3.198889
11
833
53.533333
-113.5
156
329
51.434444
5.484167
82
40
46.316667
44.266667
1
880
27.153611
-13.203333
174
481
24.216667
23.3
100
624
32.514722
45.818889
131
958
13.183333
30.216667
204
622
33.35
43.783333
131
957
13.630556
25.35
204
609
25.383333
49.583333
130
629
33.416667
43.3
131
608
24.65
46.71
130
627
36.191111
44.009444
131
363
29.095556
-110.950833
34
516
50.978056
11.029167
107
574
39.776667
30.520556
121
1029
61.316667
63.35
1
1032
1.433333
173
209
110
46.95
142.733333
1
735
44.666667
45.65
1
79
62.033333
129.733333
1
939
6.816667
-5.283333
199
661
16.8
96.15
137
822
-0.55
166.916667
155
129
57.616667
39.85
1
561
47.162222
27.588889
119
893
3.866667
11.516667
179
1197
42.764444
47.161111
1
1215
42.201944
45.936111
1
212
212
Абхазия
143
Австралия
14
Австрия
5
Азербайджан
90
Албания
124
Алжир
180
Ангола
49
Антигуа и Барбуда
76
Аргентина
17
Армения
58
Аруба
122
Афганистан
46
Багамские Острова
123
Бангладеш
52
Барбадос
93
Бахрейн
38
Белиз
3
Белоруссия
8
Бельгия
187
Бенин
61
Бермудские острова
25
Болгария
51
Боливия
23
Босния и Герцеговина
170
Ботсвана
152
Бразилия
66
Британские Виргинские острова
127
Бруней
190
Буркина-Фасо
165
Бурунди
136
Бутан
149
Вануату
11
Великобритания
118
Венгрия
77
Венесуэла
134
Восточный Тимор
30
Вьетнам
188
Габон
47
Гайана
189
Гамбия
191
Гана
70
Гваделупа
40
Гватемала
194
Гвинея
192
Гвинея-Бисау
107
Германия
41
Гондурас
62
Гренада
56
Гренландия
91
Греция
16
Грузия
80
Дания
172
Демократическая Республика Конго
68
Джибути
63
Доминика
39
Доминиканская Республика
103
Египет
182
Замбия
174
Западная Сахара
157
Зимбабве
96
Израиль
148
Индия
132
Индонезия
98
Иордания
131
Ирак
138
Иран
81
Ирландия
86
Исландия
79
Испания
101
Италия
114
Йемен
158
Кабо-Верде
4
Казахстан
59
Каймановы острова
31
Камбоджа
179
Камерун
156
Канада
92
Катар
184
Кения
88
Кипр
209
Кирибати
144
Китай
139
КНДР
145
Кокосовые острова
78
Колумбия
128
Коморы
140
Корея (Республика Корея)
89
Косово
44
Коста-Рика
199
Кот-дИвуар
35
Куба
108
Кувейт
7
Кыргызстан
57
Кюрасао
32
Лаос
19
Латвия
160
Лесото
168
Либерия
99
Ливан
100
Ливия
20
Литва
109
Лихтенштейн
106
Люксембург
125
Маврикий
200
Мавритания
163
Мадагаскар
186
Майотта
26
Македония
159
Малави
12
Малайзия
201
Мали
126
Мальдивы
102
Мальта
120
Марокко
71
Мартиника
208
Маршалловы Острова
34
Мексика
181
Мозамбик
15
Молдaвия
111
Монако
22
Монголия
137
Мьянма
162
Намибия
155
Науру
135
Непал
202
Нигер
178
Нигерия
82
Нидерланды
43
Никарагуа
141
Новая Зеландия
207
Новая Каледония
85
Норвегия
115
ОАЭ
110
Оман
146
Остров Рождества
177
Остров Святой Елены
13
Пакистан
154
Палау
97
Палестина
45
Панама
69
Папуа — Новая Гвинея
74
Парагвай
75
Перу
21
Польша
105
Португалия
72
Пуэрто-Рико
36
Республика Гаити
171
Республика Конго
175
Реюньон
1
Россия
164
Руанда
119
Румыния
42
Сальвадор
151
Самоа
176
Сан-Томе и Принсипи
130
Саудовская Аравия
161
Свазиленд
185
Сейшельские Острова
198
Сенегал
54
Сент-Винсент и Гренадины
65
Сент-Китс и Невис
64
Сент-Люсия
27
Сербия
33
Сингапур
113
Сирия
117
Словакия
29
Словения
150
Соломоновы Острова
203
Сомали
204
Судан
37
Суринам
206
США
167
Сьерра-Леоне
9
Таджикистан
129
Таиланд
142
Тайвань
183
Танзания
196
Того
211
Тонга
60
Тринидад и Тобаго
153
Тувалу
104
Тунис
10
Туркменистан
121
Турция
173
Уганда
6
Узбекистан
2
Украина
73
Уругвай
112
Фарерские острова
210
Фиджи
83
Филиппины
87
Финляндия
94
Франция
48
Французская Гвиана
28
Хорватия
195
Центральноафриканская Республика
197
Чад
24
Черногория
116
Чехия
50
Чили
95
Швейцария
84
Швеция
133
Шри Ланка
53
Эквадор
67
Экваториальная Гвинея
193
Эритрея
18
Эстония
205
Эфиопия
169
Южно-Африканская Республика
166
Южный Судан
55
Ямайка
147
Япония
