1
For advertising or questions send us e-mail kogdanamaz@gmail.com 
30
2 4 -1 12 16 18 20
21 48 -1 0 24 39 33
2 4 -1 12 16 18 20
25 50 -1 0 22 36 30
2 4 -1 12 16 18 20
28 52 -1 0 20 33 27
2 4 -1 12 16 18 20
31 54 -1 0 18 31 23
2 4 -1 12 16 18 20
34 56 -1 0 16 28 20
2 4 -1 12 16 18 20
37 58 -1 0 14 26 17
2 5 -1 12 16 18 20
40 0 -1 0 12 23 13
2 5 -1 12 16 18 20
43 2 -1 0 10 20 10
2 5 -1 12 16 18 20
46 4 -1 0 8 18 7
2 5 -1 12 16 18 20
49 6 -1 0 6 15 4
2 5 -1 12 16 18 20
51 8 -1 0 4 13 1
2 5 -1 12 16 18 19
54 9 -1 0 2 10 57
2 5 -1 12 16 18 19
57 11 -1 0 0 7 54
3 5 -1 12 15 18 19
0 13 -1 0 57 5 51
3 5 -1 12 15 18 19
2 15 -1 0 55 2 48
3 5 -1 12 15 17 19
5 17 -1 0 53 59 45
3 5 -1 12 15 17 19
7 19 -1 0 51 57 42
3 5 -1 12 15 17 19
10 21 -1 0 49 54 39
3 5 -1 12 15 17 19
12 23 -1 0 47 52 36
3 5 -1 12 15 17 19
15 25 -1 0 44 49 33
3 5 -1 12 15 17 19
17 27 -1 0 42 46 30
3 5 -1 12 15 17 19
20 29 -1 0 40 44 27
3 5 -1 12 15 17 19
22 31 -1 0 38 41 24
3 5 -1 12 15 17 19
25 33 -1 0 35 38 21
3 5 -1 12 15 17 19
27 35 -1 0 33 36 18
3 5 -1 12 15 17 19
29 37 -1 0 31 33 16
3 5 -1 12 15 17 19
32 38 -1 0 29 30 13
3 5 -1 12 15 17 19
34 40 -1 0 26 28 10
3 5 -1 12 15 17 19
36 42 -1 0 24 25 7
3 5 -1 12 15 17 19
38 44 -1 0 22 23 4
30






























1
По всем вопросам касающимся приложения обращайтесь по WhatsApp +79952867503
1
09.2026

      
	
