1
For advertising or questions send us e-mail kogdanamaz@gmail.com 
30
5 6 -1 14 18 20 21
1 31 -1 0 0 6 36
5 6 -1 14 17 20 21
3 33 -1 0 58 3 33
5 6 -1 14 17 20 21
5 35 -1 0 57 1 31
5 6 -1 14 17 19 21
6 36 -1 0 55 59 29
5 6 -1 14 17 19 21
8 38 -1 0 53 57 27
5 6 -1 14 17 19 21
9 39 -1 0 51 54 24
5 6 -1 14 17 19 21
11 41 -1 0 49 52 22
5 6 -1 14 17 19 21
13 43 -1 0 48 50 20
5 6 -1 14 17 19 21
14 44 -1 0 46 47 17
5 6 -1 14 17 19 21
16 46 -1 0 44 45 15
5 6 -1 14 17 19 21
17 47 -1 0 42 43 13
5 6 -1 14 17 19 21
19 49 -1 0 40 40 10
5 6 -1 14 17 19 21
21 51 -1 0 38 38 8
5 6 -1 14 17 19 21
22 52 -1 0 36 36 6
5 6 -1 14 17 19 21
24 54 -1 0 34 33 3
5 6 -1 14 17 19 21
26 56 -1 0 32 31 1
5 6 -1 14 17 19 20
27 57 -1 0 31 29 59
5 6 -1 14 17 19 20
29 59 -1 0 29 57 57
5 7 -1 14 17 19 20
30 0 -1 0 27 24 54
5 7 -1 14 17 19 20
32 2 -1 0 25 22 52
5 7 -1 14 17 19 20
34 4 -1 0 23 20 50
5 7 -1 14 17 19 20
35 5 -1 0 21 17 47
5 7 -1 14 17 19 20
37 7 -1 0 19 15 45
5 7 -1 14 17 19 20
39 9 -1 0 17 13 43
5 7 -1 14 17 19 20
40 10 -1 0 15 10 40
5 7 -1 14 17 19 20
42 12 -1 0 13 8 38
5 7 -1 14 17 19 20
43 13 -1 0 11 6 36
5 7 -1 14 17 19 20
45 15 -1 0 9 3 33
5 7 -1 14 17 19 20
47 17 -1 0 7 1 31
5 7 -1 14 17 18 20
48 18 -1 0 5 59 29
30






























1
По всем вопросам касающимся приложения обращайтесь по WhatsApp +79952867503
1
09.2026

      
	
