1
For advertising or questions send us e-mail kogdanamaz@gmail.com 
30
4 6 -1 13 17 19 21
32 13 -1 3 44 52 36
4 6 -1 13 17 19 21
34 14 -1 3 42 50 33
4 6 -1 13 17 19 21
36 16 -1 2 41 48 30
4 6 -1 13 17 19 21
38 17 -1 2 39 46 27
4 6 -1 13 17 19 21
40 19 -1 2 37 44 24
4 6 -1 13 17 19 21
43 21 -1 1 35 41 21
4 6 -1 13 17 19 21
45 22 -1 1 33 39 19
4 6 -1 13 17 19 21
47 24 -1 1 31 37 16
4 6 -1 13 17 19 21
49 26 -1 0 30 35 13
4 6 -1 13 17 19 21
51 27 -1 0 28 32 10
4 6 -1 13 17 10 21
53 29 -1 0 26 30 7
4 6 -1 12 17 19 21
55 31 -1 59 24 27 5
4 6 -1 12 17 19 21
57 32 -1 59 22 25 2
4 6 -1 12 17 19 20
59 34 -1 59 20 23 59
5 6 -1 12 17 19 20
1 36 -1 58 18 20 57
5 6 -1 12 17 19 20
3 37 -1 58 16 18 54
5 6 -1 12 17 19 20
5 39 -1 58 14 15 51
5 6 -1 12 17 19 20
7 40 -1 57 12 13 49
5 6 -1 12 17 19 20
9 42 -1 57 10 11 46
5 6 -1 12 17 19 20
11 44 -1 57 8 8 42
5 6 -1 12 17 19 20
13 45 -1 56 6 6 40
5 6 -1 12 17 19 20
15 47 -1 56 4 4 38
5 6 -1 12 17 19 20
17 49 -1 55 2 1 35
5 6 -1 12 17 18 20
19 50 -1 55 0 59 33
5 6 -1 12 16 18 20
21 52 -1 55 58 57 31
5 6 -1 12 16 18 20
22 54 -1 54 56 54 29
5 6 -1 12 16 18 20
24 55 -1 54 54 52 26
5 6 -1 12 16 18 20
25 57 -1 54 52 50 24
5 6 -1 12 16 18 20
27 59 -1 53 50 48 21
5 7 -1 12 16 18 20
29 1 -1 53 48 45 19
30






























1
По всем вопросам касающимся приложения обращайтесь по WhatsApp +79952867503
1
09.2026

      
	
