1
For advertising or questions send us e-mail kogdanamaz@gmail.com 
31
5 6 -1 12 15 18 19
27 43 -1 36 52 28 45
5 6 -1 12 15 18 19
28 44 -1 36 50 26 43
5 6 -1 12 15 18 19
29 45 -1 35 49 24 42
5 6 -1 12 15 18 19
30 46 -1 35 48 22 40
5 6 -1 12 15 18 19
31 47 -1 35 47 21 38
5 6 -1 12 15 18 19
33 48 -1 34 45 19 36
5 6 -1 12 15 18 19
34 49 -1 34 44 17 35
5 6 -1 12 15 18 19
35 51 -1 34 43 15 33
5 6 -1 12 15 18 19
36 52 -1 34 41 14 31
5 6 -1 12 15 18 19
37 53 -1 33 40 12 29
5 6 -1 12 15 18 19
38 54 -1 33 39 10 28
5 6 -1 12 15 18 19
39 55 -1 33 37 9 26
5 6 -1 12 15 18 19
41 56 -1 33 36 7 25
5 6 -1 12 15 18 19
42 58 -1 32 35 5 23
5 6 -1 12 15 18 19
43 59 -1 32 34 4 21
5 7 -1 12 15 18 19
44 0 -1 32 32 2 20
5 7 -1 12 15 18 19
45 1 -1 32 31 1 18
5 7 -1 12 15 17 19
46 2 -1 31 30 59 17
5 7 -1 12 15 17 19
47 4 -1 31 29 57 15
5 7 -1 12 15 17 19
49 5 -1 31 27 56 14
5 7 -1 12 15 17 19
50 6 -1 31 26 54 12
5 7 -1 12 15 17 19
51 7 -1 31 25 53 11
5 7 -1 12 15 17 19
52 9 -1 31 24 51 9
5 7 -1 12 15 17 19
53 10 -1 31 23 50 8
5 7 -1 12 15 17 19
54 11 -1 30 22 48 7
5 7 -1 12 15 17 19
55 12 -1 30 20 47 5
5 7 -1 12 15 17 19
56 14 -1 30 19 45 4
5 7 -1 12 15 17 19
58 15 -1 30 18 44 3
5 7 -1 12 15 17 19
59 16 -1 30 17 43 1
6 7 -1 12 15 17 19
0 17 -1 30 16 41 0
6 7 -1 12 15 17 18
1 19 -1 30 15 40 59
31































1
По всем вопросам касающимся приложения обращайтесь по WhatsApp +79952867503
1
10.2026

      
	
