1
For advertising or questions send us e-mail kogdanamaz@gmail.com 
31
5 6 -1 13 16 20 21
39 47 -1 28 56 7 16
5 6 -1 13 16 20 21
40 47 -1 28 56 7 16
5 6 -1 13 16 20 21
40 48 -1 27 56 6 15
5 6 -1 13 16 20 21
41 48 -1 27 56 5 14
5 6 -1 13 16 20 21
42 49 -1 27 56 5 13
5 6 -1 13 16 20 21
42 49 -1 27 56 4 12
5 6 -1 13 16 20 21
43 50 -1 27 56 3 11
5 6 -1 13 16 20 21
43 50 -1 27 56 2 10
5 6 -1 13 16 20 21
44 51 -1 27 56 2 9
5 6 -1 13 16 20 21
45 51 -1 27 56 1 9
5 6 -1 13 16 20 21
45 51 -1 26 56 0 8
5 6 -1 13 16 19 21
46 52 -1 26 56 59 7
5 6 -1 13 16 19 21
47 52 -1 26 56 59 6
5 6 -1 13 16 19 21
47 53 -1 26 56 58 5
5 6 -1 13 16 19 21
48 53 -1 26 56 57 4
5 6 -1 13 16 19 21
48 54 -1 26 55 56 3
5 6 -1 13 16 19 21
49 54 -1 25 55 55 2
5 6 -1 13 16 19 21
50 55 -1 25 55 54 1
5 6 -1 13 16 19 20
50 55 -1 25 55 53 59
5 6 -1 13 16 19 20
51 56 -1 25 55 52 58
5 6 -1 13 16 19 20
51 56 -1 24 55 51 57
5 6 -1 13 16 19 20
52 56 -1 24 54 50 56
5 6 -1 13 16 19 20
53 57 -1 24 54 50 55
5 6 -1 13 16 19 20
53 57 -1 24 54 49 54
5 6 -1 13 16 19 20
54 58 -1 23 54 48 53
5 6 -1 13 16 19 20
54 58 -1 23 53 47 52
5 6 -1 13 16 19 20
55 59 -1 23 53 46 51
5 6 -1 13 16 19 20
55 59 -1 22 53 45 50
5 6 -1 13 16 19 20
56 59 -1 22 52 44 49
5 7 -1 13 16 19 20
56 0 -1 22 52 43 47
5 7 -1 13 16 19 20
57 0 -1 22 52 42 46
31































1
По всем вопросам касающимся приложения обращайтесь по WhatsApp +79952867503
1
08.2026

      
	
