1
For advertising or questions send us e-mail kogdanamaz@gmail.com 
31
5 6 -1 13 17 20 21
42 52 -1 37 10 20 31
5 6 -1 13 17 20 21
43 53 -1 37 10 19 30
5 6 -1 13 17 20 21
44 53 -1 37 10 19 29
5 6 -1 13 17 20 21
45 54 -1 36 10 18 28
5 6 -1 13 17 20 21
45 54 -1 36 9 17 27
5 6 -1 13 17 20 21
46 55 -1 36 9 16 26
5 6 -1 13 17 20 21
47 55 -1 36 9 16 25
5 6 -1 13 17 20 21
48 56 -1 36 9 15 24
5 6 -1 13 17 20 21
48 56 -1 36 9 14 23
5 6 -1 13 17 20 21
49 57 -1 36 9 13 22
5 6 -1 13 17 20 21
50 57 -1 36 9 12 21
5 6 -1 13 17 20 21
50 58 -1 35 9 11 20
5 6 -1 13 17 20 21
51 59 -1 35 9 10 19
5 6 -1 13 17 20 21
52 59 -1 35 8 10 18
5 7 -1 13 17 20 21
52 0 -1 35 8 9 17
5 7 -1 13 17 20 21
53 0 -1 35 8 8 16
5 7 -1 13 17 20 21
54 1 -1 34 8 7 15
5 7 -1 13 17 20 21
55 1 -1 34 7 6 14
5 7 -1 13 17 20 21
55 2 -1 34 7 5 13
5 7 -1 13 17 20 21
56 2 -1 34 7 4 11
5 7 -1 13 17 20 21
57 3 -1 33 7 3 10
5 7 -1 13 17 20 21
57 3 -1 33 6 2 9
5 7 -1 13 17 20 21
58 4 -1 33 6 1 8
5 7 -1 13 17 20 21
58 4 -1 33 6 0 7
5 7 -1 13 17 19 21
59 5 -1 32 5 59 6
6 7 -1 13 17 19 21
0 5 -1 32 5 58 4
6 7 -1 13 17 19 21
0 6 -1 32 4 57 3
6 7 -1 13 17 19 21
1 6 -1 32 4 56 2
6 7 -1 13 17 19 21
2 7 -1 31 4 54 1
6 7 -1 13 17 19 21
2 7 -1 31 3 53 0
6 7 -1 13 17 19 20
3 8 -1 31 3 52 58
31































1
По всем вопросам касающимся приложения обращайтесь по WhatsApp +79952867503
1
08.2026

      
	
