1
For advertising or questions send us e-mail kogdanamaz@gmail.com 
30
5 7 -1 13 17 19 20
57 3 -1 27 1 50 58
5 7 -1 13 17 19 20
57 3 -1 27 1 49 56
5 7 -1 13 17 19 20
58 4 -1 26 0 47 55
5 7 -1 13 16 19 20
59 5 -1 26 59 46 54
5 7 -1 13 16 19 20
59 5 -1 26 59 45 52
6 7 -1 13 16 19 20
0 6 -1 25 58 44 51
6 7 -1 13 16 19 20
1 6 -1 25 58 43 50
6 7 -1 13 16 19 20
1 7 -1 25 57 41 48
6 7 -1 13 16 19 20
2 7 -1 24 56 40 47
6 7 -1 13 16 19 20
3 8 -1 24 56 39 45
6 7 -1 13 16 19 20
3 8 -1 24 55 38 44
6 7 -1 13 16 19 20
4 9 -1 23 54 36 43
6 7 -1 13 16 19 20
5 9 -1 23 54 35 41
6 7 -1 13 16 19 20
5 10 -1 23 53 34 40
6 7 -1 13 16 19 20
6 11 -1 22 52 33 39
6 7 -1 13 16 19 20
6 11 -1 22 52 31 37
6 7 -1 13 16 19 20
7 12 -1 22 51 30 36
6 7 -1 13 16 19 20
8 12 -1 21 50 29 35
6 7 -1 13 16 19 20
8 13 -1 21 49 27 33
6 7 -1 13 16 19 20
9 13 -1 20 49 26 32
6 7 -1 13 16 19 20
9 14 -1 20 48 25 31
6 7 -1 13 16 19 20
10 14 -1 20 47 24 30
6 7 -1 13 16 19 20
11 15 -1 19 46 22 28
6 7 -1 13 16 19 20
11 16 -1 19 45 21 27
6 7 -1 13 16 19 20
12 16 -1 19 45 20 26
6 7 -1 13 16 19 20
12 17 -1 18 44 19 24
6 7 -1 13 16 19 20
13 17 -1 18 43 17 23
6 7 -1 13 16 19 20
14 18 -1 18 42 16 22
6 7 -1 13 16 19 20
14 18 -1 17 42 15 21
6 7 -1 13 16 19 20
15 19 -1 17 41 14 19
30






























1
По всем вопросам касающимся приложения обращайтесь по WhatsApp +79952867503
1
09.2026

      
	
