1
For advertising or questions send us e-mail kogdanamaz@gmail.com 
31
5 6 -1 12 16 18 19
45 56 -1 51 10 44 57
5 6 -1 12 16 18 19
46 57 -1 51 9 42 55
5 6 -1 12 16 18 19
46 57 -1 51 9 42 55
5 6 -1 12 16 18 19
47 58 -1 50 8 41 53
5 7 -1 12 16 18 19
49 0 -1 50 6 38 50
5 7 -1 12 16 18 19
50 1 -1 49 5 36 49
5 7 -1 12 16 18 19
51 2 -1 49 3 35 47
5 7 -1 12 16 18 19
52 3 -1 49 2 33 46
5 7 -1 12 16 18 19
53 4 -1 48 1 32 44
5 7 -1 12 16 18 19
54 5 -1 48 0 30 43
5 7 -1 12 15 18 19
55 6 -1 48 59 29 41
5 7 -1 12 15 18 19
56 7 -1 48 58 27 40
5 7 -1 12 15 18 19
56 8 -1 47 57 26 38
5 7 -1 12 15 18 19
57 9 -1 47 56 24 37
5 7 -1 12 15 18 19
58 9 -1 47 55 23 36
5 7 -1 12 15 18 19
59 10 -1 47 53 22 34
6 7 -1 12 15 18 19
0 11 -1 47 52 20 33
6 7 -1 12 15 18 19
0 11 -1 47 52 20 33
6 7 -1 12 15 18 19
1 12 -1 46 51 19 32
6 7 -1 12 15 18 19
3 15 -1 46 49 16 29
6 7 -1 12 15 18 19
4 16 -1 46 48 15 28
6 7 -1 12 15 18 19
5 17 -1 46 47 13 27
6 7 -1 12 15 18 19
6 18 -1 46 46 12 25
6 7 -1 12 15 18 19
7 19 -1 45 45 11 24
6 7 -1 12 15 18 19
8 20 -1 45 44 10 23
6 7 -1 12 15 18 19
9 21 -1 45 43 8 22
6 7 -1 12 15 18 19
10 22 -1 45 42 7 21
6 7 -1 12 15 18 19
11 23 -1 45 41 6 20
6 7 -1 12 15 18 19
12 24 -1 45 40 5 18
6 7 -1 12 15 18 19
12 25 -1 45 39 3 17
6 7 -1 12 15 18 19
13 26 -1 45 38 2 16
31































1
По всем вопросам касающимся приложения обращайтесь по WhatsApp +79952867503
1
10.2026

      
	