1
For advertising or questions send us e-mail kogdanamaz@gmail.com 
30
5 7 -1 13 17 19 21
53 1 -1 28 4 52 2
5 7 -1 13 17 19 21
54 2 -1 27 3 51 1
5 7 -1 13 17 19 20
55 3 -1 27 2 50 59
5 7 -1 13 17 19 20
55 3 -1 27 2 50 59
5 7 -1 13 17 19 20
56 3 -1 27 2 48 58
5 7 -1 13 17 19 20
57 5 -1 26 0 46 55
5 7 -1 13 17 19 20
58 5 -1 26 0 45 53
5 7 -1 13 16 19 20
59 6 -1 25 59 43 52
5 7 -1 13 16 19 20
59 7 -1 25 58 42 51
6 7 -1 13 16 19 20
0 7 -1 25 57 41 49
6 7 -1 13 16 19 20
1 8 -1 24 57 39 48
6 7 -1 13 16 19 20
2 8 -1 24 56 38 46
6 7 -1 13 16 19 20
2 9 -1 24 55 36 45
6 7 -1 13 16 19 20
3 10 -1 23 54 35 43
6 7 -1 13 16 19 20
4 10 -1 23 53 34 42
6 7 -1 13 16 19 20
4 11 -1 22 53 32 40
6 7 -1 13 16 19 20
5 12 -1 22 52 31 39
6 7 -1 13 16 19 20
6 12 -1 22 51 30 38
6 7 -1 13 16 19 20
6 12 -1 22 51 30 38
6 7 -1 13 16 19 20
7 13 -1 21 50 28 36
6 7 -1 13 16 19 20
8 14 -1 21 48 26 33
6 7 -1 13 16 19 20
9 15 -1 20 48 24 32
6 7 -1 13 16 19 20
9 16 -1 20 47 23 31
6 7 -1 13 16 19 20
10 16 -1 20 46 22 29
6 7 -1 13 16 19 20
11 17 -1 19 45 20 28
6 7 -1 13 16 19 20
12 18 -1 19 44 19 26
6 7 -1 13 16 19 20
12 18 -1 19 43 18 25
6 7 -1 13 16 19 20
13 19 -1 18 42 16 24
6 7 -1 13 16 19 20
14 20 -1 18 41 15 22
6 7 -1 13 16 19 20
14 20 -1 18 41 14 21
30






























1
По всем вопросам касающимся приложения обращайтесь по WhatsApp +79952867503
1
09.2026

      
	
