1
For advertising or questions send us e-mail kogdanamaz@gmail.com 
30
3 5 -1 12 16 19 20
29 17 -1 30 57 14 44
3 5 -1 12 16 19 20
32 19 -1 30 55 12 42
3 5 -1 12 16 19 20
34 21 -1 30 53 9 39
3 5 -1 12 16 19 20
37 23 -1 30 51 6 36
3 5 -1 12 16 19 20
40 25 -1 30 48 4 34
3 5 -1 12 16 19 20
43 27 -1 30 46 1 31
3 5 -1 12 16 18 20
45 29 -1 30 44 58 28
3 5 -1 12 16 18 20
45 29 -1 30 44 58 28
3 5 -1 12 16 18 20
51 33 -1 30 40 53 23
3 5 -1 12 16 18 20
53 35 -1 30 38 50 20
3 5 -1 12 16 18 20
56 37 -1 30 36 47 17
3 5 -1 12 16 18 20
58 39 -1 30 33 45 15
4 5 -1 12 16 18 20
1 41 -1 30 31 42 12
4 5 -1 12 16 18 20
3 43 -1 30 29 39 9
4 5 -1 12 16 18 20
6 45 -1 30 27 36 6
4 5 -1 12 16 18 20
8 47 -1 30 24 34 4
4 5 -1 12 16 18 20
11 49 -1 30 22 31 1
4 5 -1 12 16 18 19
13 51 -1 30 20 28 58
4 5 -1 12 16 18 19
16 53 -1 30 18 25 55
4 5 -1 12 16 18 19
18 55 -1 30 15 23 53
4 5 -1 12 16 18 19
20 57 -1 30 13 20 50
4 6 -1 12 16 18 19
23 0 -1 30 11 17 47
4 6 -1 12 16 18 19
23 0 -1 30 11 17 47
4 6 -1 12 16 18 19
27 4 -1 30 6 12 42
4 6 -1 12 16 18 19
30 6 -1 30 4 9 39
4 6 -1 12 16 18 19
32 8 -1 30 1 6 36
4 6 -1 12 15 18 19
34 10 -1 30 59 3 33
4 6 -1 12 15 18 19
36 12 -1 30 57 1 31
4 6 -1 12 15 17 19
39 14 -1 30 54 58 28
4 6 -1 12 15 17 19
41 16 -1 30 52 55 25
30






























1
По всем вопросам касающимся приложения обращайтесь по WhatsApp +79952867503
1
09.2026

      
	
