1
For advertising or questions send us e-mail kogdanamaz@gmail.com 
31
5 6 -1 13 17 20 21
43 54 -1 41 17 27 39
5 6 -1 13 17 20 21
43 54 -1 41 17 26 38
5 6 -1 13 17 20 21
44 55 -1 41 17 25 37
5 6 -1 13 17 20 21
45 55 -1 41 17 25 36
5 6 -1 13 17 20 21
46 56 -1 41 17 24 35
5 6 -1 13 17 20 21
46 56 -1 41 17 24 35
5 6 -1 13 17 20 21
47 57 -1 40 16 22 33
5 6 -1 13 17 20 21
48 58 -1 40 16 21 32
5 6 -1 13 17 20 21
49 58 -1 40 16 20 31
5 6 -1 13 17 20 21
50 59 -1 40 16 20 30
5 7 -1 13 17 20 21
50 0 -1 40 16 19 29
5 7 -1 13 17 20 21
51 0 -1 40 15 18 28
5 7 -1 13 17 20 21
52 1 -1 39 15 17 27
5 7 -1 13 17 20 21
53 1 -1 39 15 16 26
5 7 -1 13 17 20 21
54 2 -1 39 15 15 25
5 7 -1 13 17 20 21
54 2 -1 39 14 14 23
5 7 -1 13 17 20 21
55 3 -1 39 14 13 22
5 7 -1 13 17 20 21
56 3 -1 38 14 12 21
5 7 -1 13 17 20 21
56 4 -1 38 13 11 20
5 7 -1 13 17 20 21
56 4 -1 38 13 11 20
5 7 -1 13 17 20 21
57 5 -1 38 13 10 19
5 7 -1 13 17 20 21
59 6 -1 37 12 8 16
5 7 -1 13 17 20 21
59 6 -1 37 12 7 15
6 7 -1 13 17 20 21
0 7 -1 37 12 6 14
6 7 -1 13 17 20 21
1 7 -1 37 11 5 13
6 7 -1 13 17 20 21
1 8 -1 36 11 3 11
6 7 -1 13 17 20 21
2 8 -1 36 10 2 10
6 7 -1 13 17 20 21
3 9 -1 36 10 1 9
6 7 -1 13 17 20 21
3 10 -1 36 9 0 8
6 7 -1 13 17 19 21
4 10 -1 35 9 59 6
6 7 -1 13 17 19 21
5 11 -1 35 8 58 5
31































1
По всем вопросам касающимся приложения обращайтесь по WhatsApp +79952867503
1
08.2026

      
	
