1
For advertising or questions send us e-mail kogdanamaz@gmail.com 
31
4 5 -1 12 16 20 21
10 42 -1 58 56 13 47
4 5 -1 12 16 20 21
11 43 -1 58 56 12 45
4 5 -1 12 16 20 21
13 44 -1 58 55 11 44
4 5 -1 12 16 20 21
14 45 -1 58 55 10 42
4 5 -1 12 16 20 21
16 46 -1 58 54 8 40
4 5 -1 12 16 20 21
16 46 -1 58 54 8 40
4 5 -1 12 16 20 21
19 48 -1 58 53 6 37
4 5 -1 12 16 20 21
20 49 -1 58 53 4 35
4 5 -1 12 16 20 21
22 50 -1 58 52 3 33
4 5 -1 12 16 20 21
24 52 -1 57 52 2 31
4 5 -1 12 16 20 21
25 53 -1 57 51 0 30
4 5 -1 12 16 19 21
27 54 -1 57 50 59 28
4 5 -1 12 16 19 21
28 55 -1 57 50 57 26
4 5 -1 12 16 19 21
30 56 -1 57 49 56 24
4 5 -1 12 16 19 21
31 57 -1 57 48 54 22
4 5 -1 12 16 19 21
33 58 -1 56 47 53 20
4 5 -1 12 16 19 21
34 59 -1 56 47 51 18
4 6 -1 12 16 19 21
35 0 -1 56 46 50 16
4 6 -1 12 16 19 21
37 1 -1 56 45 48 14
4 6 -1 12 16 19 21
37 1 -1 56 45 48 14
4 6 -1 12 16 19 21
38 2 -1 55 44 47 13
4 6 -1 12 16 19 21
41 5 -1 55 43 44 9
4 6 -1 12 16 19 21
43 6 -1 55 42 42 7
4 6 -1 12 16 19 21
44 7 -1 54 41 40 5
4 6 -1 12 16 19 21
46 8 -1 54 40 39 3
4 6 -1 12 16 19 21
47 9 -1 54 39 37 1
4 6 -1 12 16 19 20
48 10 -1 54 38 35 59
4 6 -1 12 16 19 20
50 11 -1 53 37 34 57
4 6 -1 12 16 19 20
51 12 -1 53 36 32 55
4 6 -1 12 16 19 20
53 13 -1 53 35 30 53
4 6 -1 12 16 19 20
54 14 -1 52 34 29 51
31































1
По всем вопросам касающимся приложения обращайтесь по WhatsApp +79952867503
1
08.2026

      
	
