1
For advertising or questions send us e-mail kogdanamaz@gmail.com 
30
5 6 -1 13 17 20 21
43 59 -1 33 13 4 22
5 7 -1 13 17 20 21
44 0 -1 32 12 3 20
5 7 -1 13 17 20 21
45 1 -1 32 11 1 18
5 7 -1 13 17 19 21
47 2 -1 32 10 59 16
5 7 -1 13 17 19 21
48 3 -1 31 9 58 15
5 7 -1 13 17 19 21
49 4 -1 31 8 56 13
5 7 -1 13 17 19 21
50 5 -1 31 7 54 11
5 7 -1 13 17 19 21
51 6 -1 30 6 53 9
5 7 -1 13 17 19 21
52 7 -1 30 5 51 7
5 7 -1 13 17 19 21
53 8 -1 29 4 50 6
5 7 -1 13 17 19 21
54 9 -1 29 3 48 4
5 7 -1 13 17 19 21
56 10 -1 29 2 46 2
5 7 -1 13 17 19 21
57 11 -1 28 1 45 0
5 7 -1 13 17 19 20
58 12 -1 28 0 43 58
5 7 -1 13 16 19 20
59 12 -1 28 59 41 57
6 7 -1 13 16 19 20
0 13 -1 27 58 40 55
6 7 -1 13 16 19 20
1 14 -1 27 56 38 53
6 7 -1 13 16 19 20
2 15 -1 27 55 36 51
6 7 -1 13 16 19 20
3 16 -1 26 54 35 50
6 7 -1 13 16 19 20
4 17 -1 26 53 33 48
6 7 -1 13 16 19 20
5 18 -1 26 52 31 46
6 7 -1 13 16 19 20
6 19 -1 25 51 30 44
6 7 -1 13 16 19 20
7 20 -1 25 50 28 43
6 7 -1 13 16 19 20
8 21 -1 25 49 26 41
6 7 -1 13 16 19 20
9 22 -1 24 47 25 39
6 7 -1 13 16 19 20
10 23 -1 24 46 23 37
6 7 -1 13 16 19 20
11 24 -1 24 45 21 36
6 7 -1 13 16 19 20
12 25 -1 23 44 20 34
6 7 -1 13 16 19 20
13 26 -1 23 43 18 32
6 7 -1 13 16 19 20
14 27 -1 23 42 16 31
30






























1
По всем вопросам касающимся приложения обращайтесь по WhatsApp +79952867503
1
09.2026

      
	
