1
For advertising or questions send us e-mail kogdanamaz@gmail.com 
30
5 7 -1 13 17 20 21
51 6 -1 38 18 9 25
5 7 -1 13 17 20 21
52 7 -1 38 17 7 24
5 7 -1 13 17 20 21
53 8 -1 38 16 6 22
5 7 -1 13 17 20 21
54 9 -1 37 15 4 20
5 7 -1 13 17 20 21
55 10 -1 37 14 3 18
5 7 -1 13 17 20 21
57 11 -1 37 13 1 17
5 7 -1 13 17 20 21
58 11 -1 36 13 0 15
5 7 -1 13 17 19 21
59 12 -1 36 12 58 13
6 7 -1 13 17 19 21
0 13 -1 36 11 56 11
6 7 -1 13 17 19 21
1 14 -1 35 10 55 10
6 7 -1 13 17 19 21
2 15 -1 35 9 53 8
6 7 -1 13 17 19 21
3 16 -1 35 8 52 6
6 7 -1 13 17 19 21
4 17 -1 34 7 50 4
6 7 -1 13 17 19 21
5 18 -1 34 6 48 3
6 7 -1 13 17 19 21
6 19 -1 33 4 47 1
6 7 -1 13 17 19 20
7 20 -1 33 3 45 59
6 7 -1 13 17 19 20
8 20 -1 33 2 43 57
6 7 -1 13 17 19 20
9 21 -1 32 1 42 56
6 7 -1 13 17 19 20
10 22 -1 32 0 40 54
6 7 -1 13 16 19 20
11 23 -1 32 59 39 52
6 7 -1 13 16 19 20
12 24 -1 31 58 37 51
6 7 -1 13 16 19 20
13 25 -1 31 57 35 49
6 7 -1 13 16 19 20
14 26 -1 31 56 34 47
6 7 -1 13 16 19 20
15 27 -1 30 55 32 46
6 7 -1 13 16 19 20
16 28 -1 30 54 31 44
6 7 -1 13 16 19 20
17 29 -1 30 52 29 42
6 7 -1 13 16 19 20
18 30 -1 29 51 27 41
6 7 -1 13 16 19 20
19 31 -1 29 50 26 39
6 7 -1 13 16 19 20
20 32 -1 29 49 24 37
6 7 -1 13 16 19 20
21 32 -1 28 48 23 36
30






























1
По всем вопросам касающимся приложения обращайтесь по WhatsApp +79952867503
1
09.2026

      
	
