1
For advertising or questions send us e-mail kogdanamaz@gmail.com 
31
4 6 -1 13 17 20 22
52 21 -1 34 29 45 15
4 6 -1 13 17 20 22
54 22 -1 34 29 43 13
4 6 -1 13 17 20 22
55 23 -1 33 28 42 12
4 6 -1 13 17 20 22
57 24 -1 33 28 41 10
4 6 -1 13 17 20 22
58 25 -1 33 28 40 9
4 6 -1 13 17 20 22
59 26 -1 33 27 39 7
5 6 -1 13 17 20 22
1 27 -1 33 27 37 5
5 6 -1 13 17 20 22
2 28 -1 33 26 36 4
5 6 -1 13 17 20 22
4 29 -1 33 26 35 2
5 6 -1 13 17 20 22
5 30 -1 33 25 34 0
5 6 -1 13 17 20 21
6 31 -1 32 24 32 58
5 6 -1 13 17 20 21
8 32 -1 32 24 31 57
5 6 -1 13 17 20 21
9 33 -1 32 23 29 55
5 6 -1 13 17 20 21
11 34 -1 32 23 28 53
5 6 -1 13 17 20 21
12 35 -1 32 22 27 51
5 6 -1 13 17 20 21
13 36 -1 32 21 25 50
5 6 -1 13 17 20 21
15 37 -1 31 21 24 48
5 6 -1 13 17 20 21
16 38 -1 31 20 22 46
5 6 -1 13 17 20 21
17 39 -1 31 19 21 44
5 6 -1 13 17 20 21
19 40 -1 31 18 19 42
5 6 -1 13 17 20 21
20 41 -1 30 18 18 41
5 6 -1 13 17 20 21
21 42 -1 30 17 16 39
5 6 -1 13 17 20 21
23 43 -1 30 16 15 37
5 6 -1 13 17 20 21
24 44 -1 30 15 13 35
5 6 -1 13 17 20 21
25 45 -1 29 14 12 33
5 6 -1 13 17 20 21
27 46 -1 29 13 10 31
5 6 -1 13 17 20 21
28 47 -1 29 13 8 29
5 6 -1 13 17 20 21
29 48 -1 28 12 7 28
5 6 -1 13 17 20 21
31 49 -1 28 11 5 26
5 6 -1 13 17 20 21
32 50 -1 28 10 4 24
5 6 -1 13 17 20 21
33 51 -1 28 9 2 22
31































1
По всем вопросам касающимся приложения обращайтесь по WhatsApp +79952867503
1
08.2026

      
	
