1
For advertising or questions send us e-mail kogdanamaz@gmail.com 
30
5 7 -1 13 17 20 21
46 7 -1 46 28 22 46
5 7 -1 13 17 20 21
48 9 -1 45 26 19 42
5 7 -1 13 17 20 21
50 10 -1 45 24 17 39
5 7 -1 13 17 20 21
51 12 -1 44 23 15 37
5 7 -1 13 17 20 21
52 13 -1 44 22 13 35
5 7 -1 13 17 20 21
54 14 -1 44 21 12 33
5 7 -1 13 17 20 21
55 15 -1 43 20 10 31
5 7 -1 13 17 20 21
56 16 -1 43 19 8 29
5 7 -1 13 17 20 21
58 17 -1 43 18 6 27
5 7 -1 13 17 20 21
59 18 -1 42 17 4 25
6 7 -1 13 17 20 21
0 19 -1 42 15 3 23
6 7 -1 13 17 20 21
2 20 -1 42 14 1 21
6 7 -1 13 17 19 21
3 22 -1 41 13 59 19
6 7 -1 13 17 19 21
4 23 -1 41 12 57 17
6 7 -1 13 17 19 21
6 24 -1 40 11 55 15
6 7 -1 13 17 19 21
6 24 -1 40 11 55 15
6 7 -1 13 17 19 21
8 26 -1 40 8 52 11
6 7 -1 13 17 19 21
9 27 -1 39 7 50 9
6 7 -1 13 17 19 21
11 28 -1 39 6 48 7
6 7 -1 13 17 19 21
12 29 -1 39 4 46 5
6 7 -1 13 17 19 21
13 31 -1 38 3 44 3
6 7 -1 13 17 19 21
14 32 -1 38 2 43 1
6 7 -1 13 17 19 21
16 33 -1 38 0 41 0
6 7 -1 13 16 19 20
17 34 -1 37 59 39 58
6 7 -1 13 16 19 20
18 35 -1 37 58 37 56
6 7 -1 13 16 19 20
19 36 -1 37 57 35 54
6 7 -1 13 16 19 20
21 37 -1 36 55 33 52
6 7 -1 13 16 19 20
22 39 -1 36 54 32 50
6 7 -1 13 16 19 20
23 40 -1 36 53 30 48
6 7 -1 13 16 19 20
24 41 -1 35 51 28 46
30






























1
По всем вопросам касающимся приложения обращайтесь по WhatsApp +79952867503
1
09.2026

      
	
