1
For advertising or questions send us e-mail kogdanamaz@gmail.com 
31
5 6 -1 12 16 18 19
41 55 -1 50 8 43 59
5 6 -1 12 16 18 19
43 57 -1 49 6 40 55
5 6 -1 12 16 18 19
44 58 -1 49 4 38 54
5 6 -1 12 16 18 19
45 59 -1 49 3 37 52
5 7 -1 12 16 18 19
46 0 -1 48 2 35 50
5 7 -1 12 16 18 19
47 1 -1 48 1 33 49
5 7 -1 12 16 18 19
48 2 -1 48 0 32 47
5 7 -1 12 15 18 19
50 3 -1 47 58 30 45
5 7 -1 12 15 18 19
51 4 -1 47 57 29 44
5 7 -1 12 15 18 19
52 5 -1 47 56 27 42
5 7 -1 12 15 18 19
53 6 -1 47 55 25 41
5 7 -1 12 15 18 19
54 7 -1 46 53 24 39
5 7 -1 12 15 18 19
55 8 -1 46 52 22 38
5 7 -1 12 15 18 19
56 10 -1 46 51 21 36
5 7 -1 12 15 18 19
57 11 -1 46 50 19 35
5 7 -1 12 15 18 19
58 12 -1 45 49 18 33
5 7 -1 12 15 18 19
59 13 -1 45 48 16 32
6 7 -1 12 15 18 19
0 14 -1 45 46 15 30
6 7 -1 12 15 18 19
1 15 -1 45 45 13 29
6 7 -1 12 15 18 19
2 16 -1 45 44 12 27
6 7 -1 12 15 18 19
3 17 -1 45 43 10 26
6 7 -1 12 15 18 19
4 19 -1 44 42 9 25
6 7 -1 12 15 18 19
5 20 -1 44 41 7 23
6 7 -1 12 15 18 19
6 21 -1 44 40 6 22
6 7 -1 12 15 18 19
7 22 -1 44 39 5 21
6 7 -1 12 15 18 19
8 23 -1 44 37 3 19
6 7 -1 12 15 18 19
9 24 -1 44 36 2 18
6 7 -1 12 15 18 19
10 25 -1 44 35 1 17
6 7 -1 12 15 17 19
12 27 -1 44 34 59 16
6 7 -1 12 15 17 19
12 27 -1 44 34 59 16
6 7 -1 12 15 17 19
14 29 -1 44 32 57 14
31































1
По всем вопросам касающимся приложения обращайтесь по WhatsApp +79952867503
1
10.2026

      
	