1
For advertising or questions send us e-mail kogdanamaz@gmail.com 
30
5 6 -1 13 17 20 21
36 53 -1 28 9 2 21
5 6 -1 13 17 19 21
38 55 -1 28 7 59 17
5 6 -1 13 17 19 21
40 56 -1 27 6 57 15
5 6 -1 13 17 19 21
41 57 -1 27 6 55 13
5 6 -1 13 17 19 21
42 58 -1 27 5 54 11
5 6 -1 13 17 19 21
43 59 -1 26 4 52 10
5 7 -1 13 17 19 21
44 0 -1 26 3 50 8
5 7 -1 13 17 19 21
45 1 -1 26 1 49 6
5 7 -1 13 17 19 21
47 2 -1 25 0 47 4
5 7 -1 13 16 19 21
48 3 -1 25 59 45 2
5 7 -1 13 16 19 21
49 4 -1 25 58 44 0
5 7 -1 13 16 19 20
50 5 -1 24 57 42 59
5 7 -1 13 16 19 20
51 6 -1 24 56 40 57
5 7 -1 13 16 19 20
52 7 -1 24 55 39 55
5 7 -1 13 16 19 20
53 8 -1 23 54 37 53
5 7 -1 13 16 19 20
53 8 -1 23 54 37 53
5 7 -1 13 16 19 20
56 10 -1 23 52 34 49
5 7 -1 13 16 19 20
57 11 -1 22 51 32 48
5 7 -1 13 16 19 20
58 12 -1 22 49 30 46
5 7 -1 13 16 19 20
59 13 -1 21 48 28 44
6 7 -1 13 16 19 20
0 14 -1 21 47 27 42
6 7 -1 13 16 19 20
1 15 -1 21 46 25 40
6 7 -1 13 16 19 20
2 16 -1 20 45 23 39
6 7 -1 13 16 19 20
3 17 -1 20 44 22 37
6 7 -1 13 16 19 20
4 18 -1 20 42 20 35
6 7 -1 13 16 19 20
5 19 -1 19 41 18 33
6 7 -1 13 16 19 20
6 20 -1 19 40 17 32
6 7 -1 13 16 19 20
7 21 -1 19 39 15 30
6 7 -1 13 16 19 20
8 22 -1 18 38 13 28
6 7 -1 13 16 19 20
10 23 -1 18 37 12 27
30






























1
По всем вопросам касающимся приложения обращайтесь по WhatsApp +79952867503
1
09.2026

      
	
