1
For advertising or questions send us e-mail kogdanamaz@gmail.com 
30
3 5 -1 12 16 19 20
51 32 -1 25 9 12 50
3 5 -1 12 16 19 20
53 34 -1 24 8 10 47
3 5 -1 12 16 19 20
55 35 -1 24 6 8 45
3 5 -1 12 16 19 20
57 37 -1 24 5 6 42
3 5 -1 12 16 19 20
59 39 -1 23 3 3 40
4 5 -1 12 16 19 20
1 40 -1 23 2 1 37
4 5 -1 12 16 18 20
2 42 -1 23 0 59 35
4 5 -1 12 15 18 20
4 43 -1 22 59 57 32
4 5 -1 12 15 18 20
6 45 -1 22 57 54 30
4 5 -1 12 15 18 20
8 47 -1 22 56 52 28
4 5 -1 12 15 18 20
10 48 -1 21 54 50 25
4 5 -1 12 15 18 20
11 50 -1 21 53 47 23
4 5 -1 12 15 18 20
13 51 -1 21 51 45 20
4 5 -1 12 15 18 20
15 53 -1 20 50 43 18
4 5 -1 12 15 18 20
17 55 -1 20 48 40 15
4 5 -1 12 15 18 20
18 56 -1 20 47 38 13
4 5 -1 12 15 18 20
20 58 -1 19 45 36 10
4 5 -1 12 15 18 20
22 59 -1 19 43 34 8
4 6 -1 12 15 18 20
23 1 -1 19 42 31 6
4 6 -1 12 15 18 20
25 3 -1 18 40 29 3
4 6 -1 12 15 18 20
27 4 -1 18 39 27 1
4 6 -1 12 15 18 19
29 6 -1 18 37 24 58
4 6 -1 12 15 18 19
30 7 -1 17 35 22 56
4 6 -1 12 15 18 19
32 9 -1 17 34 20 54
4 6 -1 12 15 18 19
34 11 -1 16 32 17 51
4 6 -1 12 15 18 19
35 12 -1 16 30 15 49
4 6 -1 12 15 18 19
37 14 -1 16 29 13 47
4 6 -1 12 15 18 19
38 16 -1 15 27 10 44
4 6 -1 12 15 18 19
40 17 -1 15 25 8 42
4 6 -1 12 15 18 19
42 19 -1 15 23 6 40
30






























1
По всем вопросам касающимся приложения обращайтесь по WhatsApp +79952867503
1
09.2026

      
	
