1
For advertising or questions send us e-mail kogdanamaz@gmail.com 
30
5 6 -1 13 16 19 20
11 27 -1 1 41 33 51
5 6 -1 13 16 19 20
13 29 -1 0 39 30 47
5 6 -1 13 16 19 20
14 29 -1 0 38 28 45
5 6 -1 12 16 19 20
15 30 -1 59 38 27 43
5 6 -1 12 16 19 20
17 31 -1 59 37 25 42
5 6 -1 12 16 19 20
18 32 -1 59 36 24 40
5 6 -1 12 16 19 20
19 33 -1 58 35 22 38
5 6 -1 12 16 19 20
20 34 -1 58 34 20 36
5 6 -1 12 16 19 20
21 35 -1 58 33 19 34
5 6 -1 12 16 19 20
22 36 -1 57 32 17 33
5 6 -1 12 16 19 20
23 37 -1 57 31 15 31
5 6 -1 12 16 19 20
24 38 -1 57 30 14 29
5 6 -1 12 16 19 20
25 39 -1 56 29 12 27
5 6 -1 12 16 19 20
26 40 -1 56 28 11 26
5 6 -1 12 16 19 20
27 41 -1 56 26 9 24
5 6 -1 12 16 19 20
27 41 -1 56 26 9 24
5 6 -1 12 16 19 20
29 42 -1 55 24 6 20
5 6 -1 12 16 19 20
30 43 -1 55 23 4 19
5 6 -1 12 16 19 20
32 44 -1 54 22 2 17
5 6 -1 12 16 19 20
33 45 -1 54 21 1 15
5 6 -1 12 16 18 20
34 46 -1 53 20 59 13
5 6 -1 12 16 18 20
35 47 -1 53 19 57 12
5 6 -1 12 16 18 20
36 48 -1 53 18 56 10
5 6 -1 12 16 18 20
37 49 -1 52 16 54 8
5 6 -1 12 16 18 20
38 50 -1 52 15 52 6
5 6 -1 12 16 18 20
39 51 -1 52 14 51 5
5 6 -1 12 16 18 20
40 52 -1 51 13 49 3
5 6 -1 12 16 18 20
41 53 -1 51 12 48 1
5 6 -1 12 16 18 20
42 54 -1 51 11 46 0
5 6 -1 12 16 18 19
43 55 -1 50 10 44 58
30






























1
По всем вопросам касающимся приложения обращайтесь по WhatsApp +79952867503
1
09.2026

      
	
