1
For advertising or questions send us e-mail kogdanamaz@gmail.com 
30
5 6 -1 12 16 19 20
0 12 -1 41 19 9 22
5 6 -1 12 16 19 20
1 12 -1 41 18 7 20
5 6 -1 12 16 19 20
2 13 -1 40 17 6 18
5 6 -1 12 16 19 20
3 14 -1 40 17 4 17
5 6 -1 12 16 19 20
4 15 -1 40 16 3 15
5 6 -1 12 16 19 20
5 16 -1 39 15 1 14
5 6 -1 12 16 19 20
6 16 -1 39 14 0 12
5 6 -1 12 16 18 20
7 17 -1 39 13 58 10
5 6 -1 12 16 18 20
8 18 -1 38 12 57 9
5 6 -1 12 16 18 20
9 19 -1 38 12 56 7
5 6 -1 12 16 18 20
9 19 -1 38 11 54 6
5 6 -1 12 16 18 20
10 20 -1 37 10 53 4
5 6 -1 12 16 18 20
11 21 -1 37 9 51 2
5 6 -1 12 16 18 20
12 22 -1 36 8 50 1
5 6 -1 12 16 18 19
13 23 -1 36 7 48 59
5 6 -1 12 16 18 19
14 23 -1 36 6 47 58
5 6 -1 12 16 18 19
15 24 -1 35 5 45 56
5 6 -1 12 16 18 19
16 25 -1 35 4 44 54
5 6 -1 12 16 18 19
16 26 -1 35 3 42 53
5 6 -1 12 16 18 19
17 26 -1 34 2 41 51
5 6 -1 12 16 18 19
18 27 -1 34 1 39 50
5 6 -1 12 16 18 19
19 28 -1 34 0 38 48
5 6 -1 12 15 18 19
20 29 -1 33 59 36 47
5 6 -1 12 15 18 19
21 30 -1 33 58 35 45
5 6 -1 12 15 18 19
22 30 -1 33 57 33 44
5 6 -1 12 15 18 19
22 31 -1 32 56 32 42
5 6 -1 12 15 18 19
23 32 -1 32 55 30 41
5 6 -1 12 15 18 19
24 33 -1 32 54 29 39
5 6 -1 12 15 18 19
25 34 -1 31 53 27 38
5 6 -1 12 15 18 19
26 34 -1 31 52 26 36
30






























1
По всем вопросам касающимся приложения обращайтесь по WhatsApp +79952867503
1
09.2026

      
	
