1
For advertising or questions send us e-mail kogdanamaz@gmail.com 
31
5 7 -1 12 16 18 20
53 0 -1 57 19 52 2
5 7 -1 12 16 18 19
54 2 -1 56 17 50 59
5 7 -1 12 16 18 19
55 3 -1 56 16 48 57
5 7 -1 12 16 18 19
56 3 -1 56 15 47 56
5 7 -1 12 16 18 19
56 4 -1 55 14 45 55
5 7 -1 12 16 18 19
57 5 -1 55 13 44 53
5 7 -1 12 16 18 19
58 6 -1 55 12 43 52
5 7 -1 12 16 18 19
59 6 -1 55 11 41 50
6 7 -1 12 16 18 19
0 7 -1 54 10 40 49
6 7 -1 12 16 18 19
0 8 -1 54 9 39 48
6 7 -1 12 16 18 19
1 9 -1 54 8 37 46
6 7 -1 12 16 18 19
2 10 -1 54 7 36 45
6 7 -1 12 16 18 19
3 11 -1 53 6 35 44
6 7 -1 12 16 18 19
3 11 -1 53 5 33 43
6 7 -1 12 16 18 19
4 12 -1 53 4 32 41
6 7 -1 12 16 18 19
5 13 -1 53 3 31 40
6 7 -1 12 16 18 19
6 14 -1 52 2 29 39
6 7 -1 12 16 18 19
7 15 -1 52 2 28 38
6 7 -1 12 16 18 19
7 16 -1 52 1 27 37
6 7 -1 12 16 18 19
8 16 -1 52 0 26 36
6 7 -1 12 15 18 19
9 17 -1 52 59 25 34
6 7 -1 12 15 18 19
10 18 -1 52 58 23 33
6 7 -1 12 15 18 19
11 19 -1 51 57 22 32
6 7 -1 12 15 18 19
11 20 -1 51 56 21 31
6 7 -1 12 15 18 19
12 21 -1 51 55 20 30
6 7 -1 12 15 18 19
13 22 -1 51 54 19 29
6 7 -1 12 15 18 19
14 23 -1 51 54 18 28
6 7 -1 12 15 18 19
15 24 -1 51 53 17 27
6 7 -1 12 15 18 19
15 25 -1 51 52 16 26
6 7 -1 12 15 18 19
15 25 -1 51 52 16 26
6 7 -1 12 15 18 19
17 26 -1 51 50 14 24
31































1
По всем вопросам касающимся приложения обращайтесь по WhatsApp +79952867503
1
10.2026

      
	