1
For advertising or questions send us e-mail kogdanamaz@gmail.com 
30
4 6 -1 13 16 19 21
59 28 -1 10 52 50 20
5 6 -1 13 16 19 21
1 29 -1 9 51 48 18
5 6 -1 13 16 19 21
2 30 -1 9 49 46 16
5 6 -1 13 16 19 21
4 32 -1 9 48 44 13
5 6 -1 13 16 19 21
6 33 -1 8 47 42 11
5 6 -1 13 16 19 21
7 34 -1 8 46 40 9
5 6 -1 13 16 19 21
9 36 -1 8 44 38 6
5 6 -1 13 16 19 21
11 37 -1 7 43 36 4
5 6 -1 13 16 19 21
12 38 -1 7 42 34 2
5 6 -1 13 16 19 20
14 40 -1 7 40 32 59
5 6 -1 13 16 19 20
16 41 -1 6 39 30 57
5 6 -1 13 16 19 20
17 42 -1 6 38 28 55
5 6 -1 13 16 19 20
19 44 -1 6 36 26 53
5 6 -1 13 16 19 20
20 45 -1 5 35 24 50
5 6 -1 13 16 19 20
22 46 -1 5 33 22 48
5 6 -1 13 16 19 20
23 48 -1 5 32 20 46
5 6 -1 13 16 19 20
25 49 -1 4 31 18 44
5 6 -1 13 16 19 20
26 50 -1 4 29 16 41
5 6 -1 13 16 19 20
28 52 -1 4 28 14 39
5 6 -1 13 16 19 20
30 53 -1 3 26 11 37
5 6 -1 13 16 19 20
31 54 -1 3 25 9 35
5 6 -1 13 16 19 20
33 56 -1 2 23 7 32
5 6 -1 13 16 19 20
34 57 -1 2 22 5 30
5 6 -1 13 16 19 20
35 58 -1 2 20 3 28
5 7 -1 13 16 19 20
37 0 -1 1 19 1 26
5 7 -1 13 16 18 20
38 1 -1 1 18 59 24
5 7 -1 13 16 18 20
40 3 -1 1 16 57 22
5 7 -1 13 16 18 20
41 4 -1 0 15 55 19
5 7 -1 13 16 18 20
43 5 -1 0 13 53 17
5 7 -1 13 16 18 20
44 7 -1 0 12 51 15
30






























1
По всем вопросам касающимся приложения обращайтесь по WhatsApp +79952867503
1
09.2026

      
	
