1
For advertising or questions send us e-mail kogdanamaz@gmail.com 
30
5 6 -1 13 16 19 21
7 32 -1 11 53 49 15
5 6 -1 13 16 19 21
9 33 -1 11 52 47 13
5 6 -1 13 16 19 21
10 34 -1 11 51 45 11
5 6 -1 13 16 19 21
12 35 -1 10 50 43 8
5 6 -1 13 16 19 21
13 37 -1 10 48 41 6
5 6 -1 13 16 19 21
15 38 -1 10 47 39 4
5 6 -1 13 16 19 21
16 39 -1 9 46 37 2
5 6 -1 13 16 19 21
18 40 -1 9 45 36 0
5 6 -1 13 16 19 20
19 42 -1 9 43 34 58
5 6 -1 13 16 19 20
21 43 -1 8 42 32 56
5 6 -1 13 16 19 20
22 44 -1 8 41 30 53
5 6 -1 13 16 19 20
24 45 -1 7 40 28 51
5 6 -1 13 16 19 20
25 46 -1 7 38 26 49
5 6 -1 13 16 19 20
27 48 -1 7 37 24 47
5 6 -1 13 16 19 20
28 49 -1 6 36 22 45
5 6 -1 13 16 19 20
29 50 -1 6 35 20 43
5 6 -1 13 16 19 20
31 51 -1 6 33 18 41
5 6 -1 13 16 19 20
32 53 -1 5 32 16 39
5 6 -1 13 16 19 20
33 54 -1 5 31 14 36
5 6 -1 13 16 19 20
35 55 -1 5 29 12 34
5 6 -1 13 16 19 20
36 56 -1 4 28 11 32
5 6 -1 13 16 19 20
38 57 -1 4 26 9 30
5 6 -1 13 16 19 20
39 59 -1 4 25 7 28
5 7 -1 13 16 19 20
40 0 -1 3 24 5 26
5 7 -1 13 16 19 20
42 1 -1 3 22 3 24
5 7 -1 13 16 19 20
43 2 -1 3 21 1 22
5 7 -1 13 16 18 20
44 4 -1 2 20 59 20
5 7 -1 13 16 18 20
46 5 -1 2 18 57 18
5 7 -1 13 16 18 20
47 6 -1 2 17 55 16
5 7 -1 13 16 18 20
48 7 -1 1 15 53 14
30






























1
По всем вопросам касающимся приложения обращайтесь по WhatsApp +79952867503
1
09.2026

      
	
