1
For advertising or questions send us e-mail kogdanamaz@gmail.com 
31
4 6 -1 12 15 18 19
47 26 -1 22 37 13 47
4 6 -1 12 15 18 19
49 27 -1 22 36 11 45
4 6 -1 12 15 18 19
50 28 -1 21 34 10 43
4 6 -1 12 15 18 19
51 29 -1 21 33 8 41
4 6 -1 12 15 18 19
53 31 -1 21 32 6 39
4 6 -1 12 15 18 19
54 32 -1 20 30 4 37
4 6 -1 12 15 18 19
55 33 -1 20 29 2 35
4 6 -1 12 15 18 19
57 34 -1 20 28 0 33
4 6 -1 12 15 17 19
58 36 -1 19 26 59 31
4 6 -1 12 15 17 19
59 37 -1 19 25 57 30
5 6 -1 12 15 17 19
0 38 -1 19 23 55 28
5 6 -1 12 15 17 19
2 39 -1 19 22 53 26
5 6 -1 12 15 17 19
3 41 -1 18 21 51 24
5 6 -1 12 15 17 19
4 42 -1 18 19 50 23
5 6 -1 12 15 17 19
5 43 -1 18 18 48 21
5 6 -1 12 15 17 19
7 45 -1 18 17 46 19
5 6 -1 12 15 17 19
8 46 -1 18 15 45 18
5 6 -1 12 15 17 19
9 47 -1 17 14 43 16
5 6 -1 12 15 17 19
10 48 -1 17 13 41 14
5 6 -1 12 15 17 19
12 50 -1 17 11 40 13
5 6 -1 12 15 17 19
13 51 -1 17 10 38 11
5 6 -1 12 15 17 19
14 52 -1 17 9 36 10
5 6 -1 12 15 17 19
15 54 -1 17 8 35 8
5 6 -1 12 15 17 19
17 55 -1 16 6 33 7
5 6 -1 12 15 17 19
18 56 -1 16 5 31 5
5 6 -1 12 15 17 19
19 58 -1 16 4 30 4
5 6 -1 12 15 17 19
20 59 -1 16 3 28 2
5 7 -1 12 15 17 19
22 0 -1 16 1 27 1
5 7 -1 12 15 17 18
23 2 -1 16 0 25 59
5 7 -1 12 14 17 18
24 3 -1 16 59 24 58
5 7 -1 12 14 17 18
25 5 -1 16 58 22 57
31































1
По всем вопросам касающимся приложения обращайтесь по WhatsApp +79952867503
1
10.2026

      
	