1
For advertising or questions send us e-mail kogdanamaz@gmail.com 
31
4 5 -1 11 15 17 19
17 55 -1 51 7 43 16
4 5 -1 11 15 17 19
18 56 -1 51 5 41 14
4 5 -1 11 15 17 19
20 57 -1 51 4 39 12
4 5 -1 11 15 17 19
21 59 -1 50 3 37 10
4 6 -1 11 15 17 19
22 0 -1 50 1 35 8
4 6 -1 11 15 17 19
24 1 -1 50 0 34 6
4 6 -1 11 14 17 19
25 2 -1 49 58 32 4
4 6 -1 11 14 17 19
26 4 -1 49 57 30 2
4 6 -1 11 14 17 19
27 5 -1 49 56 28 1
4 6 -1 11 14 17 18
29 6 -1 49 54 26 59
4 6 -1 11 14 17 18
30 7 -1 48 53 25 57
4 6 -1 11 14 17 18
31 9 -1 48 52 23 55
4 6 -1 11 14 17 18
32 10 -1 48 50 21 54
4 6 -1 11 14 17 18
34 11 -1 48 49 19 52
4 6 -1 11 14 17 18
35 12 -1 47 48 18 50
4 6 -1 11 14 17 18
36 14 -1 47 46 16 48
4 6 -1 11 14 17 18
37 15 -1 47 45 14 47
4 6 -1 11 14 17 18
39 16 -1 47 44 12 45
4 6 -1 11 14 17 18
40 18 -1 47 42 11 44
4 6 -1 11 14 17 18
41 19 -1 46 41 9 42
4 6 -1 11 14 17 18
42 20 -1 46 40 7 40
4 6 -1 11 14 17 18
44 22 -1 46 38 6 39
4 6 -1 11 14 17 18
45 23 -1 46 37 4 37
4 6 -1 11 14 17 18
46 24 -1 46 36 3 36
4 6 -1 11 14 17 18
47 26 -1 46 35 1 34
4 6 -1 11 14 17 18
48 27 -1 46 33 0 33
4 6 -1 11 14 16 18
50 28 -1 45 32 58 32
4 6 -1 11 14 16 18
51 30 -1 45 31 57 30
4 6 -1 11 14 16 18
52 31 -1 45 30 55 29
4 6 -1 11 14 16 18
53 32 -1 45 29 54 27
4 6 -1 11 14 16 18
55 34 -1 45 27 52 26
31































1
По всем вопросам касающимся приложения обращайтесь по WhatsApp +79952867503
1
10.2026

      
	
