1
For advertising or questions send us e-mail kogdanamaz@gmail.com 
31
4 5 -1 12 15 17 18
50 59 -1 0 30 19 49
4 6 -1 12 15 17 18
52 2 -1 0 27 16 46
4 6 -1 12 15 17 18
55 5 -1 0 23 12 42
4 6 -1 12 15 17 18
58 8 -1 0 20 8 38
5 6 -1 12 15 17 18
1 11 -1 0 17 5 34
5 6 -1 12 15 17 18
4 14 -1 0 13 1 31
5 6 -1 12 15 16 18
7 17 -1 0 9 57 27
5 6 -1 12 15 16 18
11 21 -1 0 6 54 24
5 6 -1 12 15 16 18
14 24 -1 0 2 50 20
5 6 -1 12 14 16 18
17 27 -1 0 58 46 16
5 6 -1 12 14 16 18
20 30 -1 0 55 43 13
5 6 -1 12 14 16 18
23 33 -1 0 51 39 9
5 6 -1 12 14 16 18
26 36 -1 0 48 36 6
5 6 -1 12 14 16 18
28 39 -1 0 44 32 2
5 6 -1 12 14 16 17
32 42 -1 0 40 28 58
5 6 -1 12 14 16 17
35 45 -1 0 37 25 55
5 6 -1 12 14 16 17
39 49 -1 0 33 21 51
5 6 -1 12 14 16 17
42 52 -1 0 30 18 48
5 6 -1 12 14 16 17
45 55 -1 0 26 14 44
5 6 -1 12 14 16 17
48 58 -1 0 23 11 41
5 7 -1 12 14 16 17
51 1 -1 0 19 7 37
5 7 -1 12 14 16 17
55 5 -1 0 15 3 33
5 7 -1 12 14 16 17
58 8 -1 0 12 0 30
6 7 -1 12 14 15 17
1 11 -1 0 8 56 26
6 7 -1 12 14 15 17
4 14 -1 0 5 53 23
6 7 -1 12 14 15 17
8 18 -1 0 1 49 19
6 7 -1 12 13 15 17
11 21 -1 0 58 46 16
6 7 -1 12 13 15 17
14 24 -1 0 54 42 12
6 7 -1 12 13 15 17
18 28 -1 0 51 39 9
6 7 -1 12 13 15 17
21 31 -1 0 48 36 6
6 7 -1 12 13 15 17
24 34 -1 0 44 32 2
31































1
По всем вопросам касающимся приложения обращайтесь по WhatsApp +79952867503
1
10.2026

      
	
