1
For advertising or questions send us e-mail kogdanamaz@gmail.com 
30
3 5 -1 12 16 19 22
9 37 -1 47 29 55 22
3 5 -1 12 16 19 22
13 40 -1 46 27 52 17
3 5 -1 12 16 19 22
18 42 -1 46 25 48 12
3 5 -1 12 16 19 22
22 45 -1 46 23 45 7
3 5 -1 12 16 19 22
26 47 -1 45 21 42 2
3 5 -1 12 16 19 21
30 50 -1 45 19 39 58
3 5 -1 12 16 19 21
34 52 -1 45 17 36 53
3 5 -1 12 16 19 21
38 55 -1 44 15 33 49
3 5 -1 12 16 19 21
42 57 -1 44 13 29 44
3 6 -1 12 16 19 21
45 0 -1 44 11 26 40
3 6 -1 12 16 19 21
49 2 -1 43 9 23 36
3 6 -1 12 16 19 21
52 5 -1 43 7 20 31
3 6 -1 12 16 19 21
56 7 -1 43 5 17 27
3 6 -1 12 16 19 21
59 10 -1 42 2 13 23
4 6 -1 12 16 19 21
3 12 -1 42 0 10 19
4 6 -1 12 15 19 21
6 15 -1 42 58 7 15
4 6 -1 12 15 19 21
9 17 -1 41 56 4 11
4 6 -1 12 15 19 21
13 20 -1 41 54 1 7
4 6 -1 12 15 18 21
16 22 -1 40 51 57 3
4 6 -1 12 15 18 20
19 25 -1 40 49 54 59
4 6 -1 12 15 18 20
22 27 -1 40 47 51 55
4 6 -1 12 15 18 20
25 30 -1 39 45 48 52
4 6 -1 12 15 18 20
28 32 -1 39 43 45 48
4 6 -1 12 15 18 20
31 35 -1 39 40 41 44
4 6 -1 12 15 18 20
34 37 -1 38 38 38 41
4 6 -1 12 15 18 20
37 40 -1 38 36 35 37
4 6 -1 12 15 18 20
40 42 -1 38 33 32 33
4 6 -1 12 15 18 20
43 45 -1 37 31 29 30
4 6 -1 12 15 18 20
46 47 -1 37 29 25 26
4 6 -1 12 15 18 20
49 50 -1 37 27 22 23
30






























1
По всем вопросам касающимся приложения обращайтесь по WhatsApp +79952867503
1
09.2026

      
	
