1
For advertising or questions send us e-mail kogdanamaz@gmail.com 
31
4 6 -1 12 15 18 20
37 41 -1 52 58 38 27
4 6 -1 12 15 18 20
39 43 -1 52 57 35 24
4 6 -1 12 15 18 20
41 44 -1 52 55 33 22
4 6 -1 12 15 18 20
42 46 -1 51 53 31 20
4 6 -1 12 15 18 20
44 48 -1 51 51 29 17
4 6 -1 12 15 18 20
46 49 -1 51 50 26 15
4 6 -1 12 15 18 20
48 51 -1 51 48 24 13
4 6 -1 12 15 18 20
50 53 -1 50 46 22 10
4 6 -1 12 15 18 20
51 55 -1 50 45 19 8
4 6 -1 12 15 18 20
53 56 -1 50 43 17 6
4 6 -1 12 15 18 20
55 58 -1 49 41 15 4
4 7 -1 12 15 18 20
57 0 -1 49 39 13 1
4 7 -1 12 15 18 19
58 1 -1 49 38 11 59
5 7 -1 12 15 18 19
0 3 -1 49 36 8 57
5 7 -1 12 15 18 19
2 5 -1 49 34 6 55
5 7 -1 12 15 18 19
3 7 -1 48 33 4 53
5 7 -1 12 15 18 19
5 8 -1 48 31 2 51
5 7 -1 12 15 18 19
7 10 -1 48 29 0 49
5 7 -1 12 15 17 19
8 12 -1 48 28 58 47
5 7 -1 12 15 17 19
10 14 -1 48 26 55 45
5 7 -1 12 15 17 19
12 15 -1 47 24 53 43
5 7 -1 12 15 17 19
13 17 -1 47 23 51 41
5 7 -1 12 15 17 19
15 19 -1 47 21 49 39
5 7 -1 12 15 17 19
17 21 -1 47 20 47 37
5 7 -1 12 15 17 19
18 23 -1 47 18 45 35
5 7 -1 12 15 17 19
20 24 -1 47 16 43 33
5 7 -1 12 15 17 19
22 26 -1 47 15 41 31
5 7 -1 12 15 17 19
23 28 -1 46 13 39 30
5 7 -1 12 15 17 19
25 30 -1 46 12 37 28
5 7 -1 12 15 17 19
26 32 -1 46 10 35 26
5 7 -1 12 15 17 19
28 33 -1 46 9 33 25
31































1
По всем вопросам касающимся приложения обращайтесь по WhatsApp +79952867503
1
10.2026

      
	
