1
For advertising or questions send us e-mail kogdanamaz@gmail.com 
30
4 6 -1 11 15 17 18
50 4 -1 55 16 45 55
4 6 -1 11 15 17 18
49 3 -1 55 15 45 55
4 6 -1 11 15 17 18
48 2 -1 54 15 45 56
4 6 -1 11 15 17 18
48 2 -1 54 15 46 56
4 6 -1 11 15 17 18
47 1 -1 54 15 46 56
4 6 -1 11 15 17 18
46 0 -1 53 15 46 56
4 5 -1 11 15 17 18
45 59 -1 53 15 46 57
4 5 -1 11 15 17 18
44 58 -1 53 15 47 57
4 5 -1 11 15 17 18
43 57 -1 52 15 47 57
4 5 -1 11 15 17 18
42 56 -1 52 15 47 57
4 5 -1 11 15 17 18
41 55 -1 52 15 48 58
4 5 -1 11 15 17 18
40 54 -1 51 15 48 58
4 5 -1 11 15 17 18
39 53 -1 51 14 48 58
4 5 -1 11 15 17 18
38 52 -1 50 14 48 59
4 5 -1 11 15 17 18
37 51 -1 50 14 49 59
4 5 -1 11 15 17 18
36 50 -1 50 14 49 59
4 5 -1 11 15 17 18
35 49 -1 49 14 49 59
4 5 -1 11 15 17 19
34 48 -1 49 14 49 0
4 5 -1 11 15 17 19
33 47 -1 49 13 50 0
4 5 -1 11 15 17 19
32 46 -1 48 13 50 0
4 5 -1 11 15 17 19
31 45 -1 48 13 50 1
4 5 -1 11 15 17 19
30 44 -1 48 13 51 1
4 5 -1 11 15 17 19
29 43 -1 47 13 51 1
4 5 -1 11 15 17 19
28 42 -1 47 12 51 2
4 5 -1 11 15 17 19
27 41 -1 47 12 51 2
4 5 -1 11 15 17 19
26 40 -1 46 12 52 2
4 5 -1 11 15 17 19
25 39 -1 46 12 52 3
4 5 -1 11 15 17 19
24 38 -1 46 11 52 3
4 5 -1 11 15 17 19
23 37 -1 45 11 53 3
4 5 -1 11 15 17 19
22 36 -1 45 11 53 4
30






























1
По всем вопросам касающимся приложения обращайтесь по WhatsApp +79952867503
1
09.2026

      
	
