1
For advertising or questions send us e-mail kogdanamaz@gmail.com 
31
5 6 -1 12 15 18 19
15 23 -1 26 41 27 33
5 6 -1 12 15 18 19
14 23 -1 25 41 27 32
5 6 -1 12 15 18 19
14 23 -1 25 41 26 32
5 6 -1 12 15 18 19
14 22 -1 25 41 26 31
5 6 -1 12 15 18 19
14 22 -1 24 41 25 31
5 6 -1 12 15 18 19
14 22 -1 24 41 25 30
5 6 -1 12 15 18 19
14 22 -1 24 41 24 30
5 6 -1 12 15 18 19
14 22 -1 23 41 24 29
5 6 -1 12 15 18 19
14 22 -1 23 41 24 29
5 6 -1 12 15 18 19
13 22 -1 23 41 23 28
5 6 -1 12 15 18 19
13 22 -1 23 41 22 28
5 6 -1 12 15 18 19
13 22 -1 22 41 22 28
5 6 -1 12 15 18 19
13 22 -1 22 41 22 27
5 6 -1 12 15 18 19
13 22 -1 22 41 21 27
5 6 -1 12 15 18 19
13 21 -1 22 41 21 26
5 6 -1 12 15 18 19
13 21 -1 21 41 20 26
5 6 -1 12 15 18 19
13 21 -1 21 41 20 26
5 6 -1 12 15 18 19
12 21 -1 21 41 19 25
5 6 -1 12 15 18 19
12 21 -1 21 41 19 25
5 6 -1 12 15 18 19
12 21 -1 21 41 19 25
5 6 -1 12 15 18 19
12 21 -1 20 41 18 25
5 6 -1 12 15 18 19
12 21 -1 20 41 18 24
5 6 -1 12 15 18 19
12 21 -1 20 41 18 24
5 6 -1 12 15 18 19
12 21 -1 20 41 17 24
5 6 -1 12 15 18 19
12 22 -1 20 41 17 24
5 6 -1 12 15 18 19
12 22 -1 20 41 17 23
5 6 -1 12 15 18 19
12 22 -1 20 41 17 23
5 6 -1 12 15 18 19
12 22 -1 20 41 16 23
5 6 -1 12 15 18 19
12 22 -1 19 41 16 23
5 6 -1 12 15 18 19
12 22 -1 19 41 16 23
5 6 -1 12 15 18 19
12 22 -1 19 41 16 23
31































1
По всем вопросам касающимся приложения обращайтесь по WhatsApp +79952867503
1
10.2026

      
	
