1
For advertising or questions send us e-mail kogdanamaz@gmail.com 
30
5 6 -1 12 15 18 19
2 14 -1 7 28 0 8
5 6 -1 12 15 18 19
1 13 -1 7 28 0 8
5 6 -1 12 15 18 19
0 12 -1 6 28 0 8
4 6 -1 12 15 18 19
59 11 -1 6 28 0 9
4 6 -1 12 15 18 19
59 11 -1 6 28 0 9
4 6 -1 12 15 18 19
58 10 -1 5 27 0 9
4 6 -1 12 15 18 19
57 9 -1 5 27 1 9
4 6 -1 12 15 18 19
56 8 -1 5 27 1 9
4 6 -1 12 15 18 19
56 8 -1 5 27 1 9
4 6 -1 12 15 18 19
55 6 -1 4 26 1 9
4 6 -1 12 15 18 19
54 5 -1 4 26 1 9
4 6 -1 12 15 18 19
53 5 -1 3 26 1 10
4 6 -1 12 15 18 19
52 4 -1 3 26 1 10
4 6 -1 12 15 18 19
51 3 -1 3 25 2 10
4 6 -1 12 15 18 19
50 2 -1 2 25 2 10
4 6 -1 12 15 18 19
49 1 -1 2 25 2 10
4 6 -1 12 15 18 19
49 0 -1 2 24 2 10
4 5 -1 12 15 18 19
48 59 -1 1 24 2 10
4 5 -1 12 15 18 19
47 59 -1 1 24 2 11
4 5 -1 12 15 18 19
46 58 -1 0 23 2 11
4 5 -1 12 15 18 19
45 57 -1 0 23 3 11
4 5 -1 12 15 18 19
44 56 -1 0 23 3 11
4 5 -1 11 15 18 19
43 55 -1 59 22 3 11
4 5 -1 11 15 18 19
43 55 -1 59 22 3 11
4 5 -1 11 15 18 19
42 53 -1 59 22 3 12
4 5 -1 11 15 18 19
41 53 -1 58 21 3 12
4 5 -1 11 15 18 19
40 52 -1 58 21 4 12
4 5 -1 11 15 18 19
39 51 -1 58 20 4 12
4 5 -1 11 15 18 19
38 50 -1 57 20 4 13
4 5 -1 11 15 18 19
37 49 -1 57 19 4 13
30






























1
По всем вопросам касающимся приложения обращайтесь по WhatsApp +79952867503
1
09.2026

      
	
