1
For advertising or questions send us e-mail kogdanamaz@gmail.com 
31
5 6 -1 12 15 18 19
8 22 -1 31 56 39 50
5 6 -1 12 15 18 19
7 21 -1 31 56 40 50
5 6 -1 12 15 18 19
6 20 -1 30 56 40 50
5 6 -1 12 15 18 19
5 19 -1 30 55 40 51
5 6 -1 12 15 18 19
4 18 -1 30 55 41 51
5 6 -1 12 15 18 19
3 17 -1 29 55 41 51
5 6 -1 12 15 18 19
2 16 -1 29 54 41 52
5 6 -1 12 15 18 19
1 16 -1 29 54 42 52
5 6 -1 12 15 18 19
0 15 -1 29 54 42 53
4 6 -1 12 15 18 19
59 14 -1 28 53 42 53
4 6 -1 12 15 18 19
58 13 -1 28 53 43 53
4 6 -1 12 15 18 19
58 13 -1 28 53 43 53
4 6 -1 12 15 18 19
56 11 -1 28 52 43 54
4 6 -1 12 15 18 19
55 10 -1 27 52 44 55
4 6 -1 12 15 18 19
54 10 -1 27 51 44 55
4 6 -1 12 15 18 19
53 9 -1 27 51 44 56
4 6 -1 12 15 18 19
53 8 -1 27 51 45 56
4 6 -1 12 15 18 19
52 7 -1 26 50 45 57
4 6 -1 12 15 18 19
51 6 -1 26 50 45 57
4 6 -1 12 15 18 19
50 6 -1 26 50 46 58
4 6 -1 12 15 18 19
49 5 -1 26 49 46 58
4 6 -1 12 15 18 19
48 4 -1 26 49 47 59
4 6 -1 12 15 18 20
47 3 -1 26 49 47 0
4 6 -1 12 15 18 20
46 3 -1 25 48 48 0
4 6 -1 12 15 18 20
45 2 -1 25 48 48 1
4 6 -1 12 15 18 20
45 2 -1 25 48 48 1
4 6 -1 12 15 18 20
45 1 -1 25 48 48 1
4 6 -1 12 15 18 20
43 0 -1 25 47 49 2
4 5 -1 12 15 18 20
42 59 -1 25 47 50 3
4 5 -1 12 15 18 20
41 59 -1 25 47 50 4
4 5 -1 12 15 18 20
41 58 -1 25 46 51 4
31































1
По всем вопросам касающимся приложения обращайтесь по WhatsApp +79952867503
1
10.2026

      
	
