1
For advertising or questions send us e-mail kogdanamaz@gmail.com 
31
5 7 -1 13 16 18 20
4 4 -1 20 46 34 28
5 7 -1 13 16 18 20
6 7 -1 20 43 31 26
5 7 -1 13 16 18 20
8 9 -1 20 40 28 23
5 7 -1 13 16 18 20
11 11 -1 20 37 25 21
5 7 -1 13 16 18 20
13 14 -1 20 35 22 18
5 7 -1 13 16 18 20
15 16 -1 20 33 19 15
5 7 -1 13 16 18 20
18 18 -1 20 30 16 13
5 7 -1 13 16 18 20
21 21 -1 20 28 13 10
5 7 -1 13 16 18 20
23 23 -1 20 25 10 7
5 7 -1 13 16 18 20
25 26 -1 20 23 7 5
5 7 -1 13 16 18 20
28 28 -1 20 20 4 2
5 7 -1 13 16 18 19
30 30 -1 20 17 2 59
5 7 -1 13 16 17 19
33 33 -1 20 15 59 56
5 7 -1 13 16 17 19
35 35 -1 20 13 56 53
5 7 -1 13 16 17 19
37 38 -1 20 10 53 51
5 7 -1 13 16 17 19
40 40 -1 20 7 50 48
5 7 -1 13 16 17 19
42 43 -1 20 5 47 45
5 7 -1 13 16 17 19
45 45 -1 20 3 44 43
5 7 -1 13 16 17 19
47 48 -1 20 0 41 40
5 7 -1 13 15 17 19
49 50 -1 20 57 39 37
5 7 -1 13 15 17 19
52 52 -1 20 55 36 34
5 7 -1 13 15 17 19
55 55 -1 20 53 33 31
5 7 -1 13 15 17 19
57 57 -1 20 50 30 28
5 8 -1 13 15 17 19
59 0 -1 20 47 27 25
6 8 -1 13 15 17 19
2 2 -1 20 44 25 22
6 8 -1 13 15 17 19
5 5 -1 20 41 22 19
6 8 -1 13 15 17 19
7 7 -1 20 38 19 16
6 8 -1 13 15 17 19
10 10 -1 20 35 16 13
6 8 -1 13 15 17 19
12 12 -1 20 32 14 10
6 8 -1 13 15 17 19
15 15 -1 20 29 11 7
6 8 -1 13 15 17 19
17 17 -1 20 26 8 4
31































1
По всем вопросам касающимся приложения обращайтесь по WhatsApp +79952867503
1
10.2026

      
	
