1
For advertising or questions send us e-mail kogdanamaz@gmail.com 
31
4 5 -1 11 14 17 19
11 43 -1 38 56 35 0
4 5 -1 11 14 17 18
12 45 -1 38 54 33 58
4 5 -1 11 14 17 18
14 46 -1 38 53 32 56
4 5 -1 11 14 17 18
15 47 -1 37 52 30 54
4 5 -1 11 14 17 18
16 48 -1 37 50 28 53
4 5 -1 11 14 17 18
17 49 -1 37 49 27 51
4 5 -1 11 14 17 18
18 50 -1 36 48 25 49
4 5 -1 11 14 17 18
19 51 -1 36 47 23 48
4 5 -1 11 14 17 18
21 52 -1 36 45 21 46
4 5 -1 11 14 17 18
22 54 -1 36 44 20 44
4 5 -1 11 14 17 18
23 55 -1 35 43 18 42
4 5 -1 11 14 17 18
24 56 -1 35 42 16 41
4 5 -1 11 14 17 18
25 57 -1 35 40 15 39
4 5 -1 11 14 17 18
26 58 -1 35 39 13 38
4 5 -1 11 14 17 18
27 59 -1 34 38 11 36
4 6 -1 11 14 17 18
28 0 -1 34 37 10 34
4 6 -1 11 14 17 18
30 2 -1 34 35 8 33
4 6 -1 11 14 17 18
31 3 -1 34 34 7 31
4 6 -1 11 14 17 18
32 4 -1 34 33 5 30
4 6 -1 11 14 17 18
33 5 -1 33 32 4 28
4 6 -1 11 14 17 18
34 6 -1 33 30 2 27
4 6 -1 11 14 17 18
35 8 -1 33 29 1 25
4 6 -1 11 14 16 18
36 9 -1 33 28 59 24
4 6 -1 11 14 16 18
37 10 -1 33 27 58 23
4 6 -1 11 14 16 18
39 11 -1 33 26 56 21
4 6 -1 11 14 16 18
40 12 -1 33 25 55 20
4 6 -1 11 14 16 18
41 14 -1 32 23 53 19
4 6 -1 11 14 16 18
42 15 -1 32 22 52 17
4 6 -1 11 14 16 18
43 16 -1 32 21 50 16
4 6 -1 11 14 16 18
44 17 -1 32 20 49 15
4 6 -1 11 14 16 18
45 19 -1 32 19 48 14
31































1
По всем вопросам касающимся приложения обращайтесь по WhatsApp +79952867503
1
10.2026

      
	
