1
For advertising or questions send us e-mail kogdanamaz@gmail.com 
30
3 5 -1 12 16 18 20
49 31 -1 13 53 57 29
3 5 -1 12 16 18 20
51 32 -1 12 51 55 27
3 5 -1 12 16 18 20
53 33 -1 12 50 53 25
3 5 -1 12 16 18 20
54 34 -1 12 48 51 23
3 5 -1 12 16 18 20
56 35 -1 11 47 49 20
3 5 -1 12 16 18 20
57 37 -1 11 45 47 18
3 5 -1 12 16 18 20
59 38 -1 11 44 46 16
4 5 -1 12 16 18 20
0 39 -1 10 42 44 14
4 5 -1 12 16 18 20
2 40 -1 10 41 42 12
4 5 -1 12 16 18 20
3 41 -1 10 39 40 10
4 5 -1 12 16 18 20
5 43 -1 9 38 38 7
4 5 -1 12 16 18 20
6 44 -1 9 36 36 5
4 5 -1 12 16 18 20
8 45 -1 9 35 34 3
4 5 -1 12 16 18 20
9 46 -1 8 33 32 1
4 5 -1 12 16 18 19
11 47 -1 8 32 31 59
4 5 -1 12 16 18 19
12 48 -1 8 30 29 57
4 5 -1 12 16 18 19
14 50 -1 7 29 27 55
4 5 -1 12 16 18 19
15 51 -1 7 27 25 53
4 5 -1 12 16 18 19
16 52 -1 6 26 23 51
4 5 -1 12 16 18 19
18 53 -1 6 24 21 48
4 5 -1 12 16 18 19
19 54 -1 6 22 19 46
4 5 -1 12 16 18 19
20 55 -1 5 21 17 44
4 5 -1 12 16 18 19
22 57 -1 5 19 15 42
4 5 -1 12 16 18 19
23 58 -1 5 18 13 40
4 5 -1 12 16 18 19
25 59 -1 4 16 12 38
4 6 -1 12 16 18 19
26 0 -1 4 14 10 36
4 6 -1 12 16 18 19
27 1 -1 4 13 8 34
4 6 -1 12 16 18 19
29 3 -1 3 11 6 32
4 6 -1 12 16 18 19
30 4 -1 3 9 4 30
4 6 -1 12 16 18 19
31 5 -1 3 8 2 28
30






























1
По всем вопросам касающимся приложения обращайтесь по WhatsApp +79952867503
1
09.2026

      
	
