1
For advertising or questions send us e-mail kogdanamaz@gmail.com 
30
4 5 -1 13 16 20 21
15 49 -1 3 47 11 42
4 5 -1 13 16 20 21
17 52 -1 3 45 8 39
4 5 -1 13 16 20 21
19 54 -1 2 43 5 36
4 5 -1 13 16 20 21
22 57 -1 2 41 2 33
4 5 -1 13 16 19 21
24 59 -1 2 39 59 30
4 6 -1 13 16 19 21
27 2 -1 1 37 56 27
4 6 -1 13 16 19 21
29 4 -1 1 35 52 24
4 6 -1 13 16 19 21
31 7 -1 1 33 49 21
4 6 -1 13 16 19 21
34 9 -1 0 31 46 18
4 6 -1 13 16 19 21
36 12 -1 0 29 43 15
4 6 -1 13 16 19 21
38 14 -1 0 27 40 12
4 6 -1 12 16 19 21
41 17 -1 59 25 37 9
4 6 -1 12 16 19 21
43 19 -1 59 23 33 6
4 6 -1 12 16 19 21
45 22 -1 59 21 30 3
4 6 -1 12 16 19 21
48 24 -1 58 19 27 0
4 6 -1 12 16 19 20
50 27 -1 58 16 24 57
4 6 -1 12 16 19 20
52 29 -1 58 14 21 54
4 6 -1 12 16 19 20
55 32 -1 57 12 18 51
4 6 -1 12 16 19 20
57 34 -1 57 10 14 48
4 6 -1 12 16 19 20
59 36 -1 57 8 11 45
5 6 -1 12 16 19 20
1 39 -1 56 5 8 42
5 6 -1 12 16 19 20
4 41 -1 56 3 5 39
5 6 -1 12 16 19 20
6 44 -1 55 1 2 36
5 6 -1 12 15 18 20
8 46 -1 55 59 59 33
5 6 -1 12 15 18 20
11 49 -1 55 57 55 30
5 6 -1 12 15 18 20
13 51 -1 54 54 52 27
5 6 -1 12 15 18 20
15 54 -1 54 52 49 24
5 6 -1 12 15 18 20
17 56 -1 54 50 46 21
5 6 -1 12 15 18 20
20 59 -1 53 47 43 18
5 7 -1 12 15 18 20
22 1 -1 53 45 40 15
30






























1
По всем вопросам касающимся приложения обращайтесь по WhatsApp +79952867503
1
09.2026

      
	
