1
For advertising or questions send us e-mail kogdanamaz@gmail.com 
30
4 6 -1 13 16 19 21
34 16 -1 7 51 54 31
4 6 -1 13 16 19 21
36 17 -1 7 50 51 29
4 6 -1 13 16 19 21
38 19 -1 6 48 49 26
4 6 -1 13 16 19 21
40 20 -1 6 47 47 24
4 6 -1 13 16 19 21
42 22 -1 6 46 45 22
4 6 -1 13 16 19 21
44 23 -1 5 44 42 19
4 6 -1 13 16 19 21
45 25 -1 5 43 40 17
4 6 -1 13 16 19 21
47 27 -1 5 41 38 14
4 6 -1 13 16 19 21
49 28 -1 4 40 36 12
4 6 -1 13 16 19 21
51 30 -1 4 38 33 9
4 6 -1 13 16 19 21
52 31 -1 4 37 31 7
4 6 -1 13 16 19 21
54 33 -1 3 35 29 4
4 6 -1 13 16 19 21
56 34 -1 3 34 27 2
4 6 -1 13 16 19 21
58 36 -1 3 32 24 0
4 6 -1 13 16 19 20
59 38 -1 2 31 22 57
5 6 -1 13 16 19 20
1 39 -1 2 29 20 55
5 6 -1 13 16 19 20
3 41 -1 2 27 18 52
5 6 -1 13 16 19 20
4 42 -1 1 26 15 50
5 6 -1 13 16 19 20
6 44 -1 1 24 13 48
5 6 -1 13 16 19 20
8 45 -1 1 23 11 45
5 6 -1 13 16 19 20
9 47 -1 0 21 8 43
5 6 -1 13 16 19 20
11 49 -1 0 19 6 40
5 6 -1 12 16 19 20
13 50 -1 59 18 4 38
5 6 -1 12 16 19 20
14 52 -1 59 16 2 36
5 6 -1 12 16 18 20
16 53 -1 59 15 59 33
5 6 -1 12 16 18 20
18 55 -1 58 13 57 31
5 6 -1 12 16 18 20
19 57 -1 58 11 55 29
5 6 -1 12 16 18 20
21 58 -1 58 10 52 27
5 7 -1 12 16 18 20
23 0 -1 57 8 50 24
5 7 -1 12 16 18 20
24 1 -1 57 6 48 22
30






























1
По всем вопросам касающимся приложения обращайтесь по WhatsApp +79952867503
1
09.2026

      
	
