1
For advertising or questions send us e-mail kogdanamaz@gmail.com 
30
3 5 -1 12 16 19 20
45 28 -1 16 55 2 44
3 5 -1 12 16 19 20
48 29 -1 15 53 0 41
3 5 -1 12 16 18 20
50 31 -1 15 52 58 38
3 5 -1 12 16 18 20
52 32 -1 15 50 56 35
3 5 -1 12 16 18 20
54 34 -1 14 48 53 33
3 5 -1 12 16 18 20
56 36 -1 14 46 51 30
3 5 -1 12 16 18 20
58 37 -1 14 44 49 27
4 5 -1 12 16 18 20
0 39 -1 13 42 46 24
4 5 -1 12 16 18 20
2 41 -1 13 41 44 22
4 5 -1 12 16 18 20
4 42 -1 13 39 42 19
4 5 -1 12 16 18 20
6 44 -1 12 37 39 16
4 5 -1 12 16 18 20
8 45 -1 12 35 37 14
4 5 -1 12 16 18 20
10 47 -1 11 33 35 11
4 5 -1 12 16 18 20
12 49 -1 11 31 32 8
4 5 -1 12 16 18 20
14 50 -1 11 29 30 6
4 5 -1 12 16 18 20
16 52 -1 10 27 28 3
4 5 -1 12 16 18 20
18 54 -1 10 25 25 0
4 5 -1 12 16 18 19
20 55 -1 10 23 23 58
4 5 -1 12 16 18 19
22 57 -1 9 21 21 55
4 5 -1 12 16 18 19
24 58 -1 9 19 18 53
4 6 -1 12 16 18 19
26 0 -1 9 17 16 50
4 6 -1 12 16 18 19
28 2 -1 8 15 14 48
4 6 -1 12 16 18 19
29 3 -1 8 13 11 45
4 6 -1 12 16 18 19
31 5 -1 8 11 9 43
4 6 -1 12 16 18 19
33 7 -1 7 9 7 40
4 6 -1 12 16 18 19
35 8 -1 7 7 4 38
4 6 -1 12 16 18 19
37 10 -1 7 5 2 35
4 6 -1 12 16 18 19
38 12 -1 6 3 0 33
4 6 -1 12 16 17 19
40 13 -1 6 1 57 30
4 6 -1 12 15 17 19
42 15 -1 6 59 55 28
30






























1
По всем вопросам касающимся приложения обращайтесь по WhatsApp +79952867503
1
09.2026

      
	
