1
For advertising or questions send us e-mail kogdanamaz@gmail.com 
31
4 6 -1 11 14 17 19
29 7 -1 53 36 34 10
4 6 -1 11 14 17 19
31 10 -1 53 34 31 7
4 6 -1 11 14 17 19
34 12 -1 53 31 27 4
4 6 -1 11 14 17 19
36 15 -1 52 29 24 1
4 6 -1 11 14 17 18
39 18 -1 52 26 20 58
4 6 -1 11 14 17 18
41 21 -1 52 24 17 55
4 6 -1 11 14 17 18
44 24 -1 51 21 13 51
4 6 -1 11 14 17 18
46 27 -1 51 19 10 48
4 6 -1 11 14 17 18
49 30 -1 51 16 7 45
4 6 -1 11 14 17 18
51 33 -1 50 14 3 42
4 6 -1 11 14 17 18
54 35 -1 50 11 0 39
4 6 -1 11 14 16 18
56 38 -1 50 9 56 36
4 6 -1 11 14 16 18
59 41 -1 50 6 53 33
5 6 -1 11 14 16 18
1 44 -1 49 3 49 30
5 6 -1 11 14 16 18
4 47 -1 49 1 46 27
5 6 -1 11 13 16 18
6 50 -1 49 59 43 24
5 6 -1 11 13 16 18
9 53 -1 49 56 39 21
5 6 -1 11 13 16 18
11 56 -1 49 54 36 18
5 6 -1 11 13 16 18
14 59 -1 48 51 33 15
5 7 -1 11 13 16 18
17 2 -1 48 49 29 12
5 7 -1 11 13 16 18
19 5 -1 48 46 26 9
5 7 -1 11 13 16 18
22 8 -1 48 44 23 7
5 7 -1 11 13 16 18
24 11 -1 48 41 19 4
5 7 -1 11 13 16 18
27 14 -1 48 39 16 1
5 7 -1 11 13 16 17
29 17 -1 48 37 13 58
5 7 -1 11 13 16 17
32 20 -1 47 34 9 55
5 7 -1 11 13 16 17
34 23 -1 47 32 6 53
5 7 -1 11 13 16 17
37 26 -1 47 30 3 50
5 7 -1 11 13 16 17
39 30 -1 47 27 0 47
5 7 -1 11 13 15 17
42 33 -1 47 25 56 44
5 7 -1 11 13 15 17
45 36 -1 47 23 53 42
31































1
По всем вопросам касающимся приложения обращайтесь по WhatsApp +79952867503
1
10.2026

      
	