1
For advertising or questions send us e-mail kogdanamaz@gmail.com 
31
5 7 -1 13 16 18 20
35 13 -1 5 5 51 26
5 7 -1 13 16 18 20
37 15 -1 4 3 49 23
5 7 -1 13 16 18 20
39 17 -1 4 1 46 21
5 7 -1 13 15 18 20
41 19 -1 4 59 43 18
5 7 -1 13 15 18 20
43 21 -1 3 57 41 16
5 7 -1 13 15 18 20
45 23 -1 3 55 38 13
5 7 -1 13 15 18 20
47 25 -1 3 53 35 11
5 7 -1 13 15 18 20
49 27 -1 3 51 33 9
5 7 -1 13 15 18 20
51 29 -1 2 49 30 6
5 7 -1 13 15 18 20
52 31 -1 2 47 28 4
5 7 -1 13 15 18 20
54 33 -1 2 45 25 1
5 7 -1 13 15 18 19
56 35 -1 1 43 23 59
5 7 -1 13 15 18 19
58 37 -1 1 41 20 57
6 7 -1 13 15 18 19
0 39 -1 1 39 17 54
6 7 -1 13 15 18 19
2 42 -1 1 37 15 52
6 7 -1 13 15 18 19
4 44 -1 0 35 12 50
6 7 -1 13 15 18 19
5 46 -1 0 33 10 47
6 7 -1 13 15 18 19
7 48 -1 0 31 7 45
6 7 -1 13 15 18 19
9 50 -1 0 29 5 43
6 7 -1 13 15 18 19
11 52 -1 0 27 2 41
6 7 -1 13 15 18 19
13 54 -1 0 26 0 38
6 7 -1 12 15 17 19
15 56 -1 59 24 58 36
6 7 -1 12 15 17 19
16 58 -1 59 22 55 34
6 8 -1 12 15 17 19
18 0 -1 59 20 53 32
6 8 -1 12 15 17 19
20 3 -1 59 18 50 30
6 8 -1 12 15 17 19
22 5 -1 59 16 48 28
6 8 -1 12 15 17 19
24 7 -1 59 15 46 26
6 8 -1 12 15 17 19
26 9 -1 59 13 43 24
6 8 -1 12 15 17 19
27 11 -1 59 11 41 22
6 8 -1 12 15 17 19
29 13 -1 59 9 39 20
6 8 -1 12 15 17 19
31 15 -1 58 7 37 18
31































1
По всем вопросам касающимся приложения обращайтесь по WhatsApp +79952867503
1
10.2026

      
	