1
For advertising or questions send us e-mail kogdanamaz@gmail.com 
31
4 6 -1 11 15 17 19
18 0 -1 56 9 46 23
4 6 -1 11 15 17 19
19 2 -1 55 7 44 21
4 6 -1 11 15 17 19
21 3 -1 55 6 42 19
4 6 -1 11 15 17 19
22 4 -1 55 4 40 17
4 6 -1 11 15 17 19
24 6 -1 54 3 38 15
4 6 -1 11 15 17 19
25 7 -1 54 1 36 13
4 6 -1 11 15 17 19
26 8 -1 54 0 34 11
4 6 -1 11 14 17 19
28 10 -1 54 58 32 9
4 6 -1 11 14 17 19
29 11 -1 53 57 31 7
4 6 -1 11 14 17 19
31 13 -1 53 55 29 5
4 6 -1 11 14 17 19
32 14 -1 53 54 27 3
4 6 -1 11 14 17 19
33 15 -1 52 52 25 1
4 6 -1 11 14 17 19
35 17 -1 52 51 23 0
4 6 -1 11 14 17 18
36 18 -1 52 49 21 58
4 6 -1 11 14 17 18
38 20 -1 52 48 19 56
4 6 -1 11 14 17 18
39 21 -1 52 47 17 54
4 6 -1 11 14 17 18
40 22 -1 51 45 16 52
4 6 -1 11 14 17 18
42 24 -1 51 44 14 51
4 6 -1 11 14 17 18
43 25 -1 51 42 12 49
4 6 -1 11 14 17 18
45 27 -1 51 41 10 47
4 6 -1 11 14 17 18
46 28 -1 51 39 8 45
4 6 -1 11 14 17 18
47 30 -1 50 38 7 44
4 6 -1 11 14 17 18
49 31 -1 50 37 5 42
4 6 -1 11 14 17 18
50 32 -1 50 35 3 40
4 6 -1 11 14 17 18
51 34 -1 50 34 1 39
4 6 -1 11 14 17 18
53 35 -1 50 33 0 37
4 6 -1 11 14 16 18
54 37 -1 50 31 58 36
4 6 -1 11 14 16 18
55 38 -1 50 30 56 34
4 6 -1 11 14 16 18
57 40 -1 50 29 55 33
4 6 -1 11 14 16 18
58 41 -1 50 27 53 31
4 6 -1 11 14 16 18
59 43 -1 50 26 52 30
31































1
По всем вопросам касающимся приложения обращайтесь по WhatsApp +79952867503
1
10.2026

      
	