1
For advertising or questions send us e-mail kogdanamaz@gmail.com 
30
3 4 -1 12 15 19 20
25 58 -1 10 54 17 48
3 5 -1 12 15 19 20
27 1 -1 10 52 14 45
3 5 -1 12 15 19 20
29 3 -1 10 50 11 42
3 5 -1 12 15 19 20
32 6 -1 9 48 8 39
3 5 -1 12 15 19 20
34 8 -1 9 46 4 36
3 5 -1 12 15 19 20
36 11 -1 9 44 1 33
3 5 -1 12 15 18 20
39 13 -1 8 42 58 30
3 5 -1 12 15 18 20
41 15 -1 8 40 55 27
3 5 -1 12 15 18 20
44 18 -1 8 38 52 24
3 5 -1 12 15 18 20
46 20 -1 7 36 49 21
3 5 -1 12 15 18 20
48 23 -1 7 34 46 18
3 5 -1 12 15 18 20
50 25 -1 7 32 43 15
3 5 -1 12 15 18 20
53 28 -1 6 30 40 12
3 5 -1 12 15 18 20
55 30 -1 6 28 36 9
3 5 -1 12 15 18 20
57 32 -1 6 26 33 6
4 5 -1 12 15 18 20
0 35 -1 5 24 30 3
4 5 -1 12 15 18 20
2 37 -1 5 21 27 0
4 5 -1 12 15 18 19
4 40 -1 4 19 24 57
4 5 -1 12 15 18 19
7 42 -1 4 17 21 54
4 5 -1 12 15 18 19
9 44 -1 4 15 18 51
4 5 -1 12 15 18 19
11 47 -1 3 13 15 48
4 5 -1 12 15 18 19
13 49 -1 3 11 11 45
4 5 -1 12 15 18 19
16 52 -1 3 8 8 42
4 5 -1 12 15 18 19
18 54 -1 2 6 5 39
4 5 -1 12 15 18 19
20 57 -1 2 4 2 36
4 5 -1 12 15 17 19
22 59 -1 2 2 59 33
4 6 -1 12 15 17 19
25 2 -1 1 0 56 31
4 6 -1 12 14 17 19
27 4 -1 1 57 53 28
4 6 -1 12 14 17 19
29 6 -1 1 55 50 25
4 6 -1 12 14 17 19
31 9 -1 0 53 47 22
30






























1
По всем вопросам касающимся приложения обращайтесь по WhatsApp +79952867503
1
09.2026

      
	
