1
For advertising or questions send us e-mail kogdanamaz@gmail.com 
30
4 5 -1 12 16 19 20
2 49 -1 32 15 10 51
4 5 -1 12 16 19 20
4 50 -1 32 14 8 49
4 5 -1 12 16 19 20
6 52 -1 31 13 6 47
4 5 -1 12 16 19 20
7 53 -1 31 12 4 44
4 5 -1 12 16 19 20
9 54 -1 31 10 3 42
4 5 -1 12 16 19 20
10 55 -1 30 9 1 40
4 5 -1 12 16 18 20
12 56 -1 30 8 59 38
4 5 -1 12 16 18 20
14 58 -1 30 7 57 35
4 5 -1 12 16 18 20
15 59 -1 29 6 55 33
4 6 -1 12 16 18 20
17 0 -1 29 4 53 31
4 6 -1 12 16 18 20
18 1 -1 29 3 51 29
4 6 -1 12 16 18 20
20 2 -1 28 2 49 27
4 6 -1 12 16 18 20
21 4 -1 28 1 47 24
4 6 -1 12 15 18 20
23 5 -1 28 59 46 22
4 6 -1 12 15 18 20
24 6 -1 27 58 44 20
4 6 -1 12 15 18 20
26 7 -1 27 57 42 18
4 6 -1 12 15 18 20
27 8 -1 27 56 40 16
4 6 -1 12 15 18 20
29 10 -1 26 54 38 14
4 6 -1 12 15 18 20
30 11 -1 26 53 36 11
4 6 -1 12 15 18 20
31 12 -1 25 52 34 9
4 6 -1 12 15 18 20
33 13 -1 25 50 32 7
4 6 -1 12 15 18 20
34 15 -1 25 49 30 5
4 6 -1 12 15 18 20
36 16 -1 24 48 28 3
4 6 -1 12 15 18 20
37 17 -1 24 46 26 1
4 6 -1 12 15 18 19
39 18 -1 24 45 24 59
4 6 -1 12 15 18 19
40 19 -1 23 43 23 57
4 6 -1 12 15 18 19
41 21 -1 23 42 21 55
4 6 -1 12 15 18 19
43 22 -1 23 41 19 53
4 6 -1 12 15 18 19
44 23 -1 22 39 17 51
4 6 -1 12 15 18 19
45 24 -1 22 38 15 49
30






























1
По всем вопросам касающимся приложения обращайтесь по WhatsApp +79952867503
1
09.2026

      
	
