1
For advertising or questions send us e-mail kogdanamaz@gmail.com 
31
4 6 -1 12 15 18 19
49 26 -1 20 27 9 43
4 6 -1 12 15 18 19
51 28 -1 20 26 6 40
4 6 -1 12 15 18 19
52 29 -1 19 24 4 38
4 6 -1 12 15 18 19
54 31 -1 19 22 2 36
4 6 -1 12 15 18 19
55 33 -1 19 21 0 34
4 6 -1 12 15 17 19
57 34 -1 18 19 57 32
4 6 -1 12 15 17 19
59 36 -1 18 17 55 29
5 6 -1 12 15 17 19
0 38 -1 18 16 53 27
5 6 -1 12 15 17 19
2 39 -1 17 14 51 25
5 6 -1 12 15 17 19
3 41 -1 17 12 49 23
5 6 -1 12 15 17 19
5 43 -1 17 11 46 21
5 6 -1 12 15 17 19
6 44 -1 17 9 44 19
5 6 -1 12 15 17 19
8 46 -1 16 7 42 17
5 6 -1 12 15 17 19
9 48 -1 16 6 40 15
5 6 -1 12 15 17 19
11 49 -1 16 4 38 13
5 6 -1 12 15 17 19
13 51 -1 16 2 36 11
5 6 -1 12 15 17 19
14 53 -1 16 1 34 9
5 6 -1 12 14 17 19
16 54 -1 15 59 32 7
5 6 -1 12 14 17 19
17 56 -1 15 57 29 5
5 6 -1 12 14 17 19
19 58 -1 15 56 27 3
5 6 -1 12 14 17 19
20 59 -1 15 54 25 1
5 7 -1 12 14 17 18
22 1 -1 15 53 23 59
5 7 -1 12 14 17 18
23 3 -1 14 51 21 57
5 7 -1 12 14 17 18
25 5 -1 14 49 19 56
5 7 -1 12 14 17 18
26 6 -1 14 48 17 54
5 7 -1 12 14 17 18
28 8 -1 14 46 15 52
5 7 -1 12 14 17 18
29 10 -1 14 45 14 50
5 7 -1 12 14 17 18
31 12 -1 14 43 12 49
5 7 -1 12 14 17 18
32 13 -1 14 42 10 47
5 7 -1 12 14 17 18
34 15 -1 14 40 8 45
5 7 -1 12 14 17 18
35 17 -1 14 39 6 44
31































1
По всем вопросам касающимся приложения обращайтесь по WhatsApp +79952867503
1
10.2026

      
	