1
For advertising or questions send us e-mail kogdanamaz@gmail.com 
31
5 6 -1 12 15 18 19
5 43 -1 36 43 25 59
5 6 -1 12 15 18 19
7 44 -1 36 41 22 56
5 6 -1 12 15 18 19
9 46 -1 35 39 20 54
5 6 -1 12 15 18 19
10 48 -1 35 37 18 52
5 6 -1 12 15 18 19
12 49 -1 35 36 15 50
5 6 -1 12 15 18 19
14 51 -1 34 34 13 47
5 6 -1 12 15 18 19
15 53 -1 34 32 11 45
5 6 -1 12 15 18 19
17 54 -1 34 31 9 43
5 6 -1 12 15 18 19
18 56 -1 34 29 6 41
5 6 -1 12 15 18 19
20 58 -1 33 27 4 39
5 7 -1 12 15 18 19
22 0 -1 33 25 2 37
5 7 -1 12 15 18 19
23 1 -1 33 24 0 34
5 7 -1 12 15 17 19
25 3 -1 33 22 57 32
5 7 -1 12 15 17 19
26 5 -1 32 20 55 30
5 7 -1 12 15 17 19
28 6 -1 32 19 53 28
5 7 -1 12 15 17 19
30 8 -1 32 17 51 26
5 7 -1 12 15 17 19
31 10 -1 32 15 49 24
5 7 -1 12 15 17 19
33 12 -1 31 14 47 22
5 7 -1 12 15 17 19
34 13 -1 31 12 44 20
5 7 -1 12 15 17 19
36 15 -1 31 10 42 18
5 7 -1 12 15 17 19
37 17 -1 31 9 40 16
5 7 -1 12 15 17 19
39 19 -1 31 7 38 14
5 7 -1 12 15 17 19
41 20 -1 31 5 36 13
5 7 -1 12 15 17 19
42 22 -1 31 4 34 11
5 7 -1 12 15 17 19
44 24 -1 30 2 32 9
5 7 -1 12 15 17 19
45 26 -1 30 1 30 7
5 7 -1 12 14 17 19
47 28 -1 30 59 28 5
5 7 -1 12 14 17 19
48 29 -1 30 57 26 4
5 7 -1 12 14 17 19
50 31 -1 30 56 24 2
5 7 -1 12 14 17 19
52 33 -1 30 54 22 0
5 7 -1 12 14 17 18
53 35 -1 30 53 20 58
31































1
По всем вопросам касающимся приложения обращайтесь по WhatsApp +79952867503
1
10.2026

      
	