1
For advertising or questions send us e-mail kogdanamaz@gmail.com 
30
5 6 -1 13 18 20 21
6 36 -1 20 0 3 35
5 6 -1 13 17 20 21
7 38 -1 20 58 1 33
5 6 -1 13 17 19 21
9 39 -1 20 57 59 30
5 6 -1 13 17 19 21
11 40 -1 19 55 57 28
5 6 -1 13 17 19 21
11 40 -1 19 55 57 28
5 6 -1 13 17 19 21
14 43 -1 19 52 52 23
5 6 -1 13 17 19 21
16 45 -1 18 50 50 21
5 6 -1 13 17 19 21
18 46 -1 18 48 48 18
5 6 -1 13 17 19 21
20 47 -1 18 47 46 16
5 6 -1 13 17 19 21
21 49 -1 17 45 44 14
5 6 -1 13 17 19 21
23 50 -1 17 43 42 11
5 6 -1 13 17 19 21
25 52 -1 17 42 40 9
5 6 -1 13 17 19 21
26 53 -1 16 40 38 6
5 6 -1 13 17 19 21
28 54 -1 16 38 36 4
5 6 -1 13 17 19 21
29 56 -1 16 36 34 2
5 6 -1 13 17 19 20
31 57 -1 15 35 31 59
5 6 -1 13 17 19 20
33 59 -1 15 33 29 57
5 7 -1 13 17 19 20
34 0 -1 15 31 27 55
5 7 -1 13 17 19 20
36 1 -1 14 29 25 52
5 7 -1 13 17 19 20
36 1 -1 14 29 25 52
5 7 -1 13 17 19 20
39 4 -1 13 26 21 48
5 7 -1 13 17 19 20
41 6 -1 13 24 19 46
5 7 -1 13 17 19 20
42 7 -1 13 22 17 43
5 7 -1 13 17 19 20
44 8 -1 12 20 15 41
5 7 -1 13 17 19 20
45 10 -1 12 19 12 39
5 7 -1 13 17 19 20
47 11 -1 12 17 10 37
5 7 -1 13 17 19 20
48 13 -1 11 15 8 34
5 7 -1 13 17 19 20
50 14 -1 11 13 6 32
5 7 -1 13 17 19 20
51 16 -1 11 11 4 30
5 7 -1 13 17 19 20
53 17 -1 10 10 2 28
30






























1
По всем вопросам касающимся приложения обращайтесь по WhatsApp +79952867503
1
09.2026

      
	
