1
For advertising or questions send us e-mail kogdanamaz@gmail.com 
30
3 5 -1 12 15 18 20
54 25 -1 7 44 38 1
3 5 -1 12 15 18 19
56 26 -1 6 43 36 59
3 5 -1 12 15 18 19
57 27 -1 6 42 34 57
3 5 -1 12 15 18 19
58 28 -1 6 40 32 55
4 5 -1 12 15 18 19
0 30 -1 5 39 31 53
4 5 -1 12 15 18 19
1 31 -1 5 38 29 51
4 5 -1 12 15 18 19
3 32 -1 5 37 27 49
4 5 -1 12 15 18 19
4 33 -1 4 36 25 47
4 5 -1 12 15 18 19
5 34 -1 4 35 23 45
4 5 -1 12 15 18 19
7 35 -1 4 34 22 43
4 5 -1 12 15 18 19
8 36 -1 3 33 20 41
4 5 -1 12 15 18 19
9 37 -1 3 31 18 38
4 5 -1 12 15 18 19
11 38 -1 3 30 16 36
4 5 -1 12 15 18 19
12 40 -1 2 29 14 34
4 5 -1 12 15 18 19
13 41 -1 2 28 12 32
4 5 -1 12 15 18 19
14 42 -1 2 27 11 31
4 5 -1 12 15 18 19
16 43 -1 1 25 9 29
4 5 -1 12 15 18 19
17 44 -1 1 24 7 27
4 5 -1 12 15 18 19
18 45 -1 0 23 5 25
4 5 -1 12 15 18 19
20 46 -1 0 22 3 23
4 5 -1 12 15 18 19
21 47 -1 0 20 1 21
4 5 -1 11 15 18 19
22 48 -1 59 19 0 19
4 5 -1 11 15 17 19
23 50 -1 59 18 58 17
4 5 -1 11 15 17 19
24 51 -1 59 16 56 15
4 5 -1 11 15 17 19
26 52 -1 58 15 54 13
4 5 -1 11 15 17 19
27 53 -1 58 14 52 11
4 5 -1 11 15 17 19
28 54 -1 58 13 51 9
4 5 -1 11 15 17 19
29 55 -1 57 11 49 7
4 5 -1 11 15 17 19
31 56 -1 57 10 47 5
4 5 -1 11 15 17 19
32 58 -1 57 9 45 4
30






























1
По всем вопросам касающимся приложения обращайтесь по WhatsApp +79952867503
1
09.2026

      
	
