1
For advertising or questions send us e-mail kogdanamaz@gmail.com 
30
4 6 -1 12 16 19 20
36 10 -1 44 25 16 46
4 6 -1 12 16 19 20
37 11 -1 44 24 15 45
4 6 -1 12 16 19 20
38 12 -1 43 23 13 43
4 6 -1 12 16 19 20
40 13 -1 43 22 12 41
4 6 -1 12 16 19 20
41 14 -1 43 21 10 39
4 6 -1 12 16 19 20
42 15 -1 42 20 8 37
4 6 -1 12 16 19 20
43 16 -1 42 19 7 35
4 6 -1 12 16 19 20
44 17 -1 42 18 5 33
4 6 -1 12 16 19 20
46 18 -1 41 17 3 31
4 6 -1 12 16 19 20
47 19 -1 41 16 2 30
4 6 -1 12 16 19 20
48 20 -1 41 15 0 28
4 6 -1 12 16 18 20
49 21 -1 40 14 58 26
4 6 -1 12 16 18 20
50 21 -1 40 13 57 24
4 6 -1 12 16 18 20
52 22 -1 40 12 55 22
4 6 -1 12 16 18 20
53 23 -1 39 10 53 20
4 6 -1 12 16 18 20
54 24 -1 39 9 52 18
4 6 -1 12 16 18 20
55 25 -1 39 8 50 17
4 6 -1 12 16 18 20
56 26 -1 38 7 48 15
4 6 -1 12 16 18 20
57 27 -1 38 6 47 13
4 6 -1 12 16 18 20
58 28 -1 37 5 45 11
4 6 -1 12 16 18 20
59 29 -1 37 4 43 9
5 6 -1 12 16 18 20
1 30 -1 37 3 42 8
5 6 -1 12 16 18 20
2 31 -1 36 1 40 6
5 6 -1 12 16 18 20
3 32 -1 36 0 38 4
5 6 -1 12 15 18 20
4 33 -1 36 59 37 2
5 6 -1 12 15 18 20
5 34 -1 35 58 35 0
5 6 -1 12 15 18 19
6 35 -1 35 57 33 59
5 6 -1 12 15 18 19
7 36 -1 35 56 32 57
5 6 -1 12 15 18 19
8 37 -1 34 54 30 55
5 6 -1 12 15 18 19
9 38 -1 34 53 28 54
30






























1
По всем вопросам касающимся приложения обращайтесь по WhatsApp +79952867503
1
09.2026

      
	
