1
For advertising or questions send us e-mail kogdanamaz@gmail.com 
31
4 6 -1 12 15 18 20
43 38 -1 28 31 16 7
4 6 -1 12 15 18 20
45 40 -1 28 29 14 4
4 6 -1 12 15 18 20
47 42 -1 28 27 11 2
4 6 -1 12 15 18 19
49 44 -1 27 25 9 59
4 6 -1 12 15 18 19
51 46 -1 27 24 6 56
4 6 -1 12 15 18 19
53 48 -1 27 22 4 54
4 6 -1 12 15 18 19
55 49 -1 27 20 2 51
4 6 -1 12 15 17 19
56 51 -1 26 18 59 49
4 6 -1 12 15 17 19
58 53 -1 26 16 57 47
5 6 -1 12 15 17 19
0 55 -1 26 14 54 44
5 6 -1 12 15 17 19
2 57 -1 25 13 52 42
5 6 -1 12 15 17 19
4 59 -1 25 11 50 39
5 7 -1 12 15 17 19
6 0 -1 25 9 47 37
5 7 -1 12 15 17 19
8 2 -1 25 7 45 35
5 7 -1 12 15 17 19
10 4 -1 24 5 43 33
5 7 -1 12 15 17 19
11 6 -1 24 4 40 30
5 7 -1 12 15 17 19
13 8 -1 24 2 38 28
5 7 -1 12 15 17 19
15 10 -1 24 0 36 26
5 7 -1 12 14 17 19
17 12 -1 24 58 34 24
5 7 -1 12 14 17 19
19 14 -1 23 57 31 22
5 7 -1 12 14 17 19
20 16 -1 23 55 29 19
5 7 -1 12 14 17 19
22 17 -1 23 53 27 17
5 7 -1 12 14 17 19
24 19 -1 23 51 25 15
5 7 -1 12 14 17 19
26 21 -1 23 50 23 13
5 7 -1 12 14 17 19
27 23 -1 23 48 20 11
5 7 -1 12 14 17 19
29 25 -1 23 46 18 9
5 7 -1 12 14 17 19
31 27 -1 22 45 16 7
4 6 -1 11 13 16 18
33 29 -1 22 43 14 5
4 6 -1 11 13 16 18
33 29 -1 22 43 14 5
4 6 -1 11 13 16 18
36 33 -1 22 40 10 2
4 6 -1 11 13 16 18
38 35 -1 22 38 8 0
31































1
По всем вопросам касающимся приложения обращайтесь по WhatsApp +79952867503
1
10.2026

      
	
