1
For advertising or questions send us e-mail kogdanamaz@gmail.com 
31
4 6 -1 11 14 17 19
23 1 -1 50 38 33 9
4 6 -1 11 14 17 19
26 4 -1 50 36 30 6
4 6 -1 11 14 17 19
28 6 -1 49 34 27 3
4 6 -1 11 14 17 19
30 9 -1 49 31 24 0
4 6 -1 11 14 17 18
33 11 -1 49 29 21 57
4 6 -1 11 14 17 18
35 14 -1 48 27 17 54
4 6 -1 11 14 17 18
37 17 -1 48 24 14 51
4 6 -1 11 14 17 18
40 19 -1 48 22 11 48
4 6 -1 11 14 17 18
42 22 -1 47 20 8 45
4 6 -1 11 14 17 18
44 24 -1 47 17 5 43
4 6 -1 11 14 17 18
46 27 -1 47 15 2 40
4 6 -1 11 14 16 18
49 30 -1 47 13 58 37
4 6 -1 11 14 16 18
51 32 -1 46 10 55 34
4 6 -1 11 14 16 18
53 35 -1 46 8 52 31
4 6 -1 11 14 16 18
56 38 -1 46 6 49 29
4 6 -1 11 14 16 18
58 40 -1 46 3 46 26
5 6 -1 11 14 16 18
0 43 -1 46 1 43 23
5 6 -1 11 13 16 18
3 46 -1 45 59 40 20
5 6 -1 11 13 16 18
5 48 -1 45 57 37 18
5 6 -1 11 13 16 18
7 51 -1 45 54 34 15
5 6 -1 11 13 16 18
9 54 -1 45 52 31 12
5 6 -1 11 13 16 18
12 57 -1 45 50 28 10
5 6 -1 11 13 16 18
14 59 -1 44 47 25 7
5 7 -1 11 13 16 18
16 2 -1 44 45 22 4
5 7 -1 11 13 16 18
19 5 -1 44 43 19 2
5 7 -1 11 13 16 17
21 7 -1 44 41 16 59
5 7 -1 11 13 16 17
23 10 -1 44 39 13 57
5 7 -1 11 13 16 17
26 13 -1 44 36 10 54
5 7 -1 11 13 16 17
28 16 -1 44 34 7 52
5 7 -1 11 13 16 17
30 19 -1 44 32 4 49
5 7 -1 11 13 16 17
33 21 -1 44 30 1 47
31































1
По всем вопросам касающимся приложения обращайтесь по WhatsApp +79952867503
1
10.2026

      
	
