1
For advertising or questions send us e-mail kogdanamaz@gmail.com 
30
3 5 -1 13 18 20 23
46 51 -1 27 7 59 3
3 5 -1 13 18 20 23
48 54 -1 27 4 55 1
3 5 -1 13 18 20 22
50 58 -1 26 1 51 58
3 6 -1 13 17 20 22
51 2 -1 26 58 47 56
3 6 -1 13 17 20 22
53 5 -1 26 54 43 54
3 6 -1 13 17 20 22
55 9 -1 25 51 38 51
3 6 -1 13 17 20 22
55 9 -1 25 51 38 51
3 6 -1 13 17 20 22
57 12 -1 25 48 34 49
4 6 -1 13 17 20 22
0 19 -1 24 42 26 44
4 6 -1 13 17 20 22
2 23 -1 24 39 21 42
4 6 -1 13 17 20 22
3 26 -1 23 36 17 39
4 6 -1 13 17 20 22
5 30 -1 23 33 13 37
4 6 -1 13 17 20 22
7 33 -1 23 29 9 34
4 6 -1 13 17 20 22
9 37 -1 22 26 5 32
4 6 -1 13 17 20 22
10 40 -1 22 23 1 30
3 6 -1 13 17 19 22
51 44 -1 22 20 56 52
3 6 -1 13 17 19 22
57 47 -1 21 16 52 45
4 6 -1 13 17 19 22
3 51 -1 21 13 48 39
4 6 -1 13 17 19 22
8 54 -1 21 10 44 33
4 6 -1 13 17 19 22
14 58 -1 20 6 40 27
4 7 -1 13 17 19 22
19 1 -1 20 3 36 21
4 7 -1 13 17 19 22
19 1 -1 20 3 36 21
4 7 -1 13 17 19 22
24 5 -1 20 0 31 15
4 7 -1 13 16 19 22
33 12 -1 19 53 23 4
4 7 -1 13 16 19 21
38 15 -1 19 50 19 59
4 7 -1 13 16 19 21
43 19 -1 18 46 15 54
4 7 -1 13 16 19 21
47 22 -1 18 43 11 49
4 7 -1 13 16 19 21
51 26 -1 17 39 7 44
4 7 -1 13 16 19 21
56 29 -1 17 36 2 39
5 7 -1 13 16 18 21
0 33 -1 17 32 58 34
30






























1
По всем вопросам касающимся приложения обращайтесь по WhatsApp +79952867503
1
09.2026

      
	
