1
For advertising or questions send us e-mail kogdanamaz@gmail.com 
31
5 6 -1 12 16 18 19
4 17 -1 16 23 8 21
5 6 -1 12 16 18 19
5 18 -1 16 21 7 19
5 6 -1 12 16 18 19
6 19 -1 15 20 5 18
5 6 -1 12 16 18 19
7 20 -1 15 18 3 16
5 6 -1 12 16 18 19
8 21 -1 15 17 2 14
5 6 -1 12 16 18 19
9 22 -1 14 15 0 13
5 6 -1 12 16 17 19
10 23 -1 14 14 58 11
5 6 -1 12 16 17 19
12 24 -1 14 12 57 9
5 6 -1 12 16 17 19
13 25 -1 14 11 55 8
5 6 -1 12 16 17 19
14 27 -1 13 9 53 6
5 6 -1 12 16 17 19
15 28 -1 13 8 52 5
5 6 -1 12 16 17 19
16 29 -1 13 6 50 3
5 6 -1 12 16 17 19
17 30 -1 13 5 49 2
5 6 -1 12 16 17 19
18 31 -1 12 4 47 0
5 6 -1 12 16 17 18
19 32 -1 12 2 45 58
5 6 -1 12 16 17 18
20 33 -1 12 1 44 57
5 6 -1 12 15 17 18
21 34 -1 12 59 42 56
5 6 -1 12 15 17 18
22 35 -1 11 58 41 54
5 6 -1 12 15 17 18
23 37 -1 11 56 39 53
5 6 -1 12 15 17 18
24 38 -1 11 55 38 51
5 6 -1 12 15 17 18
25 39 -1 11 54 36 50
5 6 -1 12 15 17 18
26 40 -1 11 52 35 48
5 6 -1 12 15 17 18
28 41 -1 11 51 33 47
5 6 -1 12 15 17 18
29 42 -1 11 50 32 46
5 6 -1 12 15 17 18
30 44 -1 10 48 31 44
5 6 -1 12 15 17 18
31 45 -1 10 47 29 43
5 6 -1 12 15 17 18
32 46 -1 10 46 28 42
5 6 -1 12 15 17 18
33 47 -1 10 45 27 41
5 6 -1 12 15 17 18
34 48 -1 10 43 25 40
5 6 -1 12 15 17 18
35 49 -1 10 42 24 38
5 6 -1 12 15 17 18
36 51 -1 10 41 23 37
31































1
По всем вопросам касающимся приложения обращайтесь по WhatsApp +79952867503
1
10.2026

      
	
