1
For advertising or questions send us e-mail kogdanamaz@gmail.com 
30
5 6 -1 13 18 19 21
29 47 -1 23 2 57 18
5 6 -1 13 18 19 21
30 48 -1 23 1 56 16
5 6 -1 13 17 19 21
31 49 -1 22 59 54 14
5 6 -1 13 17 19 21
32 50 -1 22 58 52 12
5 6 -1 13 17 19 21
32 50 -1 22 58 52 12
5 6 -1 13 17 19 21
35 52 -1 21 55 49 8
5 6 -1 13 17 19 21
36 53 -1 21 54 47 6
5 6 -1 13 17 19 21
37 54 -1 21 53 46 4
5 6 -1 13 17 19 21
39 55 -1 20 51 44 2
5 6 -1 13 17 19 21
40 56 -1 20 50 42 0
5 6 -1 13 17 19 20
41 57 -1 20 48 40 59
5 6 -1 13 17 19 20
42 58 -1 19 47 39 57
5 6 -1 13 17 19 20
43 59 -1 19 46 37 55
5 7 -1 13 17 19 20
45 0 -1 19 44 35 53
5 7 -1 13 17 19 20
46 1 -1 18 43 34 51
5 7 -1 13 17 19 20
47 3 -1 18 41 32 49
5 7 -1 13 17 19 20
48 4 -1 18 40 30 47
5 7 -1 13 17 19 20
49 5 -1 17 38 28 45
5 7 -1 13 17 19 20
49 5 -1 17 38 28 45
5 7 -1 13 17 19 20
51 7 -1 17 36 25 42
5 7 -1 13 17 19 20
53 8 -1 16 34 23 40
5 7 -1 13 17 19 20
54 9 -1 16 33 21 38
5 7 -1 13 17 19 20
55 10 -1 16 31 20 36
5 7 -1 13 17 19 20
56 11 -1 15 30 18 34
5 7 -1 13 17 19 20
57 12 -1 15 28 16 32
5 7 -1 13 17 19 20
58 13 -1 14 27 14 31
5 7 -1 13 17 19 20
59 14 -1 14 25 13 29
6 7 -1 13 17 19 20
0 15 -1 14 24 11 27
6 7 -1 13 17 19 20
2 16 -1 13 22 9 25
6 7 -1 13 17 19 20
3 17 -1 13 21 7 24
30






























1
По всем вопросам касающимся приложения обращайтесь по WhatsApp +79952867503
1
09.2026

      
	
