1
For advertising or questions send us e-mail kogdanamaz@gmail.com 
30
4 6 -1 13 17 20 21
40 19 -1 17 58 5 43
4 6 -1 13 17 20 21
42 20 -1 17 56 3 40
4 6 -1 13 17 20 21
45 22 -1 17 54 1 38
4 6 -1 13 17 19 21
47 23 -1 16 52 59 35
4 6 -1 13 17 19 21
49 25 -1 16 50 56 32
4 6 -1 13 17 19 21
51 27 -1 16 49 54 29
4 6 -1 13 17 19 21
53 28 -1 15 47 52 26
4 6 -1 13 17 19 21
55 30 -1 15 45 49 24
4 6 -1 13 17 19 21
57 32 -1 15 43 47 21
5 6 -1 13 17 19 21
0 33 -1 14 41 45 18
5 6 -1 13 17 19 21
2 35 -1 14 39 42 15
5 6 -1 13 17 19 21
4 37 -1 14 37 40 13
5 6 -1 13 17 19 21
6 38 -1 13 35 37 10
5 6 -1 13 17 19 21
8 40 -1 13 33 35 7
5 6 -1 13 17 19 21
10 42 -1 13 31 33 4
5 6 -1 13 17 19 21
12 43 -1 12 29 30 2
5 6 -1 13 17 19 20
14 45 -1 12 27 28 59
5 6 -1 13 17 19 20
16 47 -1 12 25 26 56
5 6 -1 13 17 19 20
17 48 -1 11 23 23 54
5 6 -1 13 17 19 20
19 50 -1 11 21 21 51
5 6 -1 13 17 19 20
21 52 -1 11 19 18 49
5 6 -1 13 17 19 20
23 53 -1 10 17 16 46
5 6 -1 13 17 19 20
25 55 -1 10 15 14 43
5 6 -1 13 17 19 20
27 57 -1 9 13 11 41
5 6 -1 13 17 19 20
29 58 -1 9 11 9 38
5 7 -1 13 17 19 20
31 0 -1 9 9 7 36
5 7 -1 13 17 19 20
32 2 -1 8 7 4 33
5 7 -1 13 17 19 20
34 3 -1 8 5 2 31
5 7 -1 13 17 19 20
36 5 -1 8 3 0 28
5 7 -1 13 17 18 20
38 7 -1 7 1 57 26
30






























1
По всем вопросам касающимся приложения обращайтесь по WhatsApp +79952867503
1
09.2026

      
	
