1
For advertising or questions send us e-mail kogdanamaz@gmail.com 
31
5 6 -1 12 16 18 19
28 42 -1 37 43 30 45
5 6 -1 12 16 18 19
29 43 -1 36 42 28 44
5 6 -1 12 16 18 19
30 44 -1 36 40 26 42
5 6 -1 12 16 18 19
31 45 -1 36 39 25 40
5 6 -1 12 16 18 19
32 46 -1 35 37 23 38
5 6 -1 12 16 18 19
33 47 -1 35 36 21 37
5 6 -1 12 16 18 19
34 48 -1 35 34 20 35
5 6 -1 12 16 18 19
35 49 -1 34 33 18 33
5 6 -1 12 16 18 19
37 50 -1 34 32 16 32
5 6 -1 12 16 18 19
38 52 -1 34 30 15 30
5 6 -1 12 16 18 19
39 53 -1 34 29 13 29
5 6 -1 12 16 18 19
40 54 -1 33 27 11 27
5 6 -1 12 16 18 19
41 55 -1 33 26 10 26
5 6 -1 12 16 18 19
42 56 -1 33 24 8 24
5 6 -1 12 16 18 19
43 57 -1 33 23 7 22
5 6 -1 12 16 18 19
44 58 -1 32 21 5 21
5 6 -1 12 16 18 19
45 59 -1 32 20 4 20
5 7 -1 12 16 18 19
46 0 -1 32 19 2 18
5 7 -1 12 16 18 19
47 2 -1 32 17 1 17
5 7 -1 12 16 17 19
48 3 -1 32 16 59 15
5 7 -1 12 16 17 19
49 4 -1 32 14 58 14
5 7 -1 12 16 17 19
50 5 -1 31 13 56 12
5 7 -1 12 16 17 19
51 6 -1 31 12 55 11
5 7 -1 12 16 17 19
52 7 -1 31 10 53 10
5 7 -1 12 16 17 19
53 7 -1 31 10 53 10
5 7 -1 12 16 17 19
54 8 -1 31 9 52 8
5 7 -1 12 16 17 19
56 11 -1 31 7 49 6
5 7 -1 12 16 17 19
57 12 -1 31 5 48 5
5 7 -1 12 16 17 19
58 13 -1 31 4 46 3
5 7 -1 12 16 17 19
59 14 -1 31 3 45 2
6 7 -1 12 16 17 19
0 16 -1 30 2 44 1
31































1
По всем вопросам касающимся приложения обращайтесь по WhatsApp +79952867503
1
10.2026

      
	