1
For advertising or questions send us e-mail kogdanamaz@gmail.com 
30
3 5 -1 12 16 19 20
59 46 -1 29 12 7 48
4 5 -1 12 16 19 20
1 47 -1 29 11 6 46
4 5 -1 12 16 19 20
2 48 -1 28 10 4 44
4 5 -1 12 16 19 20
4 50 -1 28 9 2 42
4 5 -1 12 16 19 20
6 51 -1 28 8 0 39
4 5 -1 12 16 18 20
7 52 -1 27 6 58 37
4 5 -1 12 16 18 20
9 53 -1 27 5 56 35
4 5 -1 12 16 18 20
10 54 -1 27 4 54 33
4 5 -1 12 16 18 20
12 56 -1 26 3 53 31
4 5 -1 12 16 18 20
13 57 -1 26 2 51 28
4 5 -1 12 16 18 20
15 58 -1 26 0 49 26
4 5 -1 12 15 18 20
16 59 -1 25 59 47 24
4 6 -1 12 15 18 20
18 0 -1 25 58 45 22
4 6 -1 12 15 18 20
20 2 -1 25 57 43 20
4 6 -1 12 15 18 20
21 3 -1 24 55 41 17
4 6 -1 12 15 18 20
22 4 -1 24 54 39 15
4 6 -1 12 15 18 20
24 5 -1 24 53 37 13
4 6 -1 12 15 18 20
25 6 -1 23 52 35 11
4 6 -1 12 15 18 20
27 8 -1 23 50 33 9
4 6 -1 12 15 18 20
28 9 -1 23 49 32 7
4 6 -1 12 15 18 20
30 10 -1 22 48 30 5
4 6 -1 12 15 18 20
31 11 -1 22 46 28 3
4 6 -1 12 15 18 20
33 12 -1 22 45 26 0
4 6 -1 12 15 18 19
34 14 -1 21 44 24 58
4 6 -1 12 15 18 19
35 15 -1 21 42 22 56
4 6 -1 12 15 18 19
37 16 -1 20 41 20 54
4 6 -1 12 15 18 19
38 17 -1 20 39 18 52
4 6 -1 12 15 18 19
39 19 -1 20 38 16 50
4 6 -1 12 15 18 19
41 20 -1 19 37 14 48
4 6 -1 12 15 18 19
42 21 -1 19 35 12 46
30






























1
По всем вопросам касающимся приложения обращайтесь по WhatsApp +79952867503
1
09.2026

      
	
