1
For advertising or questions send us e-mail kogdanamaz@gmail.com 
31
5 6 -1 12 16 18 20
18 47 -1 42 0 35 0
5 6 -1 12 15 18 19
19 48 -1 41 59 33 58
5 6 -1 12 15 18 19
20 49 -1 41 58 32 57
5 6 -1 12 15 18 19
21 50 -1 41 56 30 55
5 6 -1 12 15 18 19
22 51 -1 40 55 28 53
5 6 -1 12 15 18 19
23 52 -1 40 54 27 52
5 6 -1 12 15 18 19
24 53 -1 40 53 25 50
5 6 -1 12 15 18 19
26 54 -1 40 52 23 48
5 6 -1 12 15 18 19
27 55 -1 39 51 22 47
5 6 -1 12 15 18 19
28 56 -1 39 49 20 45
5 6 -1 12 15 18 19
29 57 -1 39 48 19 44
5 6 -1 12 15 18 19
30 58 -1 39 47 17 42
5 6 -1 12 15 18 19
31 59 -1 38 46 16 41
5 7 -1 12 15 18 19
32 0 -1 38 45 14 39
5 7 -1 12 15 18 19
33 1 -1 38 43 13 38
5 7 -1 12 15 18 19
34 3 -1 38 42 11 36
5 7 -1 12 15 18 19
35 4 -1 37 41 10 35
5 7 -1 12 15 18 19
36 5 -1 37 40 8 33
5 7 -1 12 15 18 19
37 6 -1 37 39 7 32
5 7 -1 12 15 18 19
38 7 -1 37 38 5 31
5 7 -1 12 15 18 19
39 8 -1 37 37 4 29
5 7 -1 12 15 18 19
40 9 -1 37 36 2 28
5 7 -1 12 15 18 19
41 10 -1 36 34 1 27
5 7 -1 12 15 18 19
42 11 -1 36 33 0 25
5 7 -1 12 15 17 19
43 12 -1 36 32 58 24
5 7 -1 12 15 17 19
44 14 -1 36 31 57 23
5 7 -1 12 15 17 19
45 15 -1 36 30 56 22
5 7 -1 12 15 17 19
46 16 -1 36 29 54 20
5 7 -1 12 15 17 19
47 17 -1 36 28 53 19
5 7 -1 12 15 17 19
48 18 -1 36 27 52 18
5 7 -1 12 15 17 19
49 19 -1 36 26 51 17
31































1
По всем вопросам касающимся приложения обращайтесь по WhatsApp +79952867503
1
10.2026

      
	
