1
For advertising or questions send us e-mail kogdanamaz@gmail.com 
31
5 6 -1 12 15 18 19
9 38 -1 33 51 26 51
5 6 -1 12 15 18 19
10 39 -1 32 50 24 49
5 6 -1 12 15 18 19
11 40 -1 32 49 23 48
5 6 -1 12 15 18 19
12 41 -1 32 47 21 46
5 6 -1 12 15 18 19
13 42 -1 31 46 19 44
5 6 -1 12 15 18 19
14 43 -1 31 45 18 43
5 6 -1 12 15 18 19
15 44 -1 31 44 16 41
5 6 -1 12 15 18 19
17 45 -1 31 43 14 39
5 6 -1 12 15 18 19
18 46 -1 30 42 13 38
5 6 -1 12 15 18 19
19 47 -1 30 40 11 36
5 6 -1 12 15 18 19
20 48 -1 30 39 10 35
5 6 -1 12 15 18 19
21 49 -1 30 38 8 33
5 6 -1 12 15 18 19
22 50 -1 29 37 7 32
5 6 -1 12 15 18 19
23 51 -1 29 36 5 30
5 6 -1 12 15 18 19
24 52 -1 29 34 4 29
5 6 -1 12 15 18 19
25 54 -1 29 33 2 27
5 6 -1 12 15 18 19
26 55 -1 28 32 1 26
5 6 -1 12 15 17 19
27 56 -1 28 31 59 24
5 6 -1 12 15 17 19
28 57 -1 28 30 58 23
5 6 -1 12 15 17 19
29 58 -1 28 29 56 22
5 6 -1 12 15 17 19
30 59 -1 28 28 55 20
5 7 -1 12 15 17 19
31 0 -1 28 27 53 19
5 7 -1 12 15 17 19
32 1 -1 27 25 52 18
5 7 -1 12 15 17 19
33 2 -1 27 24 51 16
5 7 -1 12 15 17 19
34 3 -1 27 23 49 15
5 7 -1 12 15 17 19
35 5 -1 27 22 48 14
5 7 -1 12 15 17 19
36 6 -1 27 21 47 13
5 7 -1 12 15 17 19
37 7 -1 27 20 45 11
5 7 -1 12 15 17 19
38 8 -1 27 19 44 10
5 7 -1 12 15 17 19
39 9 -1 27 18 43 9
5 7 -1 12 15 17 19
40 10 -1 27 17 42 8
31































1
По всем вопросам касающимся приложения обращайтесь по WhatsApp +79952867503
1
10.2026

      
	
