1
For advertising or questions send us e-mail kogdanamaz@gmail.com 
31
5 6 -1 12 16 18 20
26 55 -1 50 8 43 8
5 6 -1 12 16 18 20
27 56 -1 49 7 41 6
5 6 -1 12 16 18 20
28 57 -1 49 6 40 5
5 6 -1 12 16 18 20
29 58 -1 49 4 38 3
5 6 -1 12 16 18 20
30 59 -1 48 3 36 1
5 7 -1 12 16 18 20
31 0 -1 48 2 35 0
5 7 -1 12 16 18 19
32 1 -1 48 1 33 58
5 7 -1 12 16 18 19
34 2 -1 48 0 31 56
5 7 -1 12 15 18 19
35 3 -1 47 59 30 55
5 7 -1 12 15 18 19
36 4 -1 47 57 28 53
5 7 -1 12 15 18 19
37 5 -1 47 56 27 52
5 7 -1 12 15 18 19
38 6 -1 47 55 25 50
5 7 -1 12 15 18 19
39 7 -1 46 54 24 49
5 7 -1 12 15 18 19
40 8 -1 46 53 22 47
5 7 -1 12 15 18 19
41 9 -1 46 51 21 46
5 7 -1 12 15 18 19
42 11 -1 46 50 19 44
5 7 -1 12 15 18 19
43 12 -1 45 49 18 43
5 7 -1 12 15 18 19
44 13 -1 45 48 16 41
5 7 -1 12 15 18 19
45 14 -1 45 47 15 40
5 7 -1 12 15 18 19
46 15 -1 45 46 13 39
5 7 -1 12 15 18 19
47 16 -1 45 45 12 37
5 7 -1 12 15 18 19
48 17 -1 45 44 10 36
5 7 -1 12 15 18 19
49 18 -1 44 42 9 35
5 7 -1 12 15 18 19
50 19 -1 44 41 8 33
5 7 -1 12 15 18 19
51 20 -1 44 40 6 32
5 7 -1 12 15 18 19
52 22 -1 44 39 5 31
5 7 -1 12 15 18 19
53 23 -1 44 38 4 30
5 7 -1 12 15 18 19
54 24 -1 44 37 2 28
5 7 -1 12 15 18 19
55 25 -1 44 36 1 27
5 7 -1 12 15 18 19
56 26 -1 44 35 0 26
5 7 -1 12 15 17 19
57 27 -1 44 34 59 25
31































1
По всем вопросам касающимся приложения обращайтесь по WhatsApp +79952867503
1
10.2026

      
	