1
For advertising or questions send us e-mail kogdanamaz@gmail.com 
30
4 6 -1 12 16 19 20
40 14 -1 48 29 20 50
4 6 -1 12 16 19 20
41 15 -1 48 28 19 49
4 6 -1 12 16 19 20
42 16 -1 47 27 17 47
4 6 -1 12 16 19 20
44 17 -1 47 26 16 45
4 6 -1 12 16 19 20
45 18 -1 47 25 14 43
4 6 -1 12 16 19 20
46 19 -1 46 24 12 41
4 6 -1 12 16 19 20
47 20 -1 46 23 11 39
4 6 -1 12 16 19 20
48 21 -1 46 22 9 37
4 6 -1 12 16 19 20
50 22 -1 45 21 7 35
4 6 -1 12 16 19 20
51 23 -1 45 20 6 34
4 6 -1 12 16 19 20
52 24 -1 45 19 4 32
4 6 -1 12 16 19 20
53 25 -1 44 18 2 30
4 6 -1 12 16 19 20
54 25 -1 44 17 1 28
4 6 -1 12 16 18 20
56 26 -1 44 16 59 26
4 6 -1 12 16 18 20
57 27 -1 43 14 57 24
4 6 -1 12 16 18 20
58 28 -1 43 13 56 22
4 6 -1 12 16 18 20
59 29 -1 43 12 54 21
5 6 -1 12 16 18 20
0 30 -1 42 11 52 19
5 6 -1 12 16 18 20
1 31 -1 42 10 51 17
5 6 -1 12 16 18 20
2 32 -1 41 9 49 15
5 6 -1 12 16 18 20
3 33 -1 41 8 47 13
5 6 -1 12 16 18 20
5 34 -1 41 7 46 12
5 6 -1 12 16 18 20
6 35 -1 40 5 44 10
5 6 -1 12 16 18 20
7 36 -1 40 4 42 8
5 6 -1 12 16 18 20
8 37 -1 40 3 41 6
5 6 -1 12 16 18 20
9 38 -1 39 2 39 4
5 6 -1 12 16 18 20
10 39 -1 39 1 37 3
5 6 -1 12 16 18 20
11 40 -1 39 0 36 1
5 6 -1 12 15 18 19
12 41 -1 38 58 34 59
5 6 -1 12 15 18 19
13 42 -1 38 57 32 58
30






























1
По всем вопросам касающимся приложения обращайтесь по WhatsApp +79952867503
1
09.2026

      
	
