1
For advertising or questions send us e-mail kogdanamaz@gmail.com 
30
4 6 -1 12 16 19 20
38 12 -1 46 27 18 48
4 6 -1 12 16 19 20
39 13 -1 46 26 17 47
4 6 -1 12 16 19 20
40 14 -1 45 25 15 45
4 6 -1 12 16 19 20
42 15 -1 45 24 14 43
4 6 -1 12 16 19 20
43 16 -1 45 23 12 41
4 6 -1 12 16 19 20
44 17 -1 44 22 10 39
4 6 -1 12 16 19 20
45 18 -1 44 21 9 37
4 6 -1 12 16 19 20
46 19 -1 44 20 7 35
4 6 -1 12 16 19 20
48 20 -1 43 19 5 33
4 6 -1 12 16 19 20
49 21 -1 43 18 4 32
4 6 -1 12 16 19 20
50 22 -1 43 17 2 30
4 6 -1 12 16 19 20
51 23 -1 42 16 0 28
4 6 -1 12 16 18 20
52 23 -1 42 15 59 26
4 6 -1 12 16 18 20
54 24 -1 42 14 57 24
4 6 -1 12 16 18 20
55 25 -1 41 12 55 22
4 6 -1 12 16 18 20
56 26 -1 41 11 54 20
4 6 -1 12 16 18 20
57 27 -1 41 10 52 19
4 6 -1 12 16 18 20
58 28 -1 40 9 50 17
4 6 -1 12 16 18 20
59 29 -1 40 8 49 15
5 6 -1 12 16 18 20
0 30 -1 39 7 47 13
5 6 -1 12 16 18 20
1 31 -1 39 6 45 11
5 6 -1 12 16 18 20
3 32 -1 39 5 44 10
5 6 -1 12 16 18 20
4 33 -1 38 3 42 8
5 6 -1 12 16 18 20
5 34 -1 38 2 40 6
5 6 -1 12 16 18 20
6 35 -1 38 1 39 4
5 6 -1 12 16 18 20
7 36 -1 37 0 37 2
5 6 -1 12 15 18 20
8 37 -1 37 59 35 1
5 6 -1 12 15 18 19
9 38 -1 37 58 34 59
5 6 -1 12 15 18 19
10 39 -1 36 56 32 57
5 6 -1 12 15 18 19
11 40 -1 36 55 30 56
30






























1
По всем вопросам касающимся приложения обращайтесь по WhatsApp +79952867503
1
09.2026

      
	
