1
For advertising or questions send us e-mail kogdanamaz@gmail.com 
30
4 5 -1 12 17 19 21
6 48 -1 35 15 22 3
4 5 -1 12 17 19 21
9 50 -1 35 13 20 0
4 5 -1 12 17 19 20
11 51 -1 35 11 17 57
4 5 -1 12 17 19 20
13 53 -1 35 10 15 54
4 5 -1 12 17 19 20
15 54 -1 34 8 13 52
4 5 -1 12 17 19 20
17 56 -1 34 6 11 49
4 5 -1 12 17 19 20
19 58 -1 34 4 8 46
4 5 -1 12 17 19 20
21 59 -1 33 2 6 44
4 6 -1 12 17 19 20
23 1 -1 33 0 4 41
4 6 -1 12 16 19 20
25 3 -1 32 59 1 38
4 6 -1 12 16 18 20
27 4 -1 32 57 59 35
4 6 -1 12 16 18 20
29 6 -1 32 55 57 33
4 6 -1 12 16 18 20
31 7 -1 31 53 54 30
4 6 -1 12 16 18 20
33 9 -1 31 51 52 28
4 6 -1 12 16 18 20
35 11 -1 31 49 50 25
4 6 -1 12 16 18 20
37 12 -1 30 47 47 22
4 6 -1 12 16 18 20
39 14 -1 30 45 45 20
4 6 -1 12 16 18 20
41 15 -1 30 43 43 17
4 6 -1 12 16 18 20
43 17 -1 29 41 40 14
4 6 -1 12 16 18 20
44 19 -1 29 39 38 12
4 6 -1 12 16 18 20
46 20 -1 29 37 36 9
4 6 -1 12 16 18 20
48 22 -1 28 35 33 7
4 6 -1 12 16 18 20
50 24 -1 28 33 31 4
4 6 -1 12 16 18 20
52 25 -1 28 31 29 2
4 6 -1 12 16 18 19
54 27 -1 27 29 26 59
4 6 -1 12 16 18 19
55 28 -1 27 27 24 57
4 6 -1 12 16 18 19
57 30 -1 26 25 22 54
4 6 -1 12 16 18 19
59 32 -1 26 23 20 52
5 6 -1 12 16 18 19
1 33 -1 26 21 17 50
5 6 -1 12 16 18 19
2 35 -1 25 19 15 47
30






























1
По всем вопросам касающимся приложения обращайтесь по WhatsApp +79952867503
1
09.2026

      
	
