1
For advertising or questions send us e-mail kogdanamaz@gmail.com 
30
4 6 -1 12 16 19 20
39 13 -1 47 28 19 49
4 6 -1 12 16 19 20
40 14 -1 47 27 18 48
4 6 -1 12 16 19 20
41 15 -1 46 26 16 46
4 6 -1 12 16 19 20
43 16 -1 46 25 15 44
4 6 -1 12 16 19 20
44 17 -1 46 24 13 42
4 6 -1 12 16 19 20
45 18 -1 45 23 11 40
4 6 -1 12 16 19 20
46 19 -1 45 22 10 38
4 6 -1 12 16 19 20
47 20 -1 45 21 8 36
4 6 -1 12 16 19 20
49 21 -1 44 20 6 34
4 6 -1 12 16 19 20
50 22 -1 44 19 5 33
4 6 -1 12 16 19 20
51 23 -1 44 18 3 31
4 6 -1 12 16 19 20
52 24 -1 43 17 1 29
4 6 -1 12 16 19 20
53 24 -1 43 16 0 27
4 6 -1 12 16 18 20
55 25 -1 43 15 58 25
4 6 -1 12 16 18 20
56 26 -1 42 13 56 23
4 6 -1 12 16 18 20
57 27 -1 42 12 55 21
4 6 -1 12 16 18 20
58 28 -1 42 11 53 20
4 6 -1 12 16 18 20
59 29 -1 41 10 51 18
5 6 -1 12 16 18 20
0 30 -1 41 9 50 16
5 6 -1 12 16 18 20
1 31 -1 40 8 48 14
5 6 -1 12 16 18 20
2 32 -1 40 7 46 12
5 6 -1 12 16 18 20
4 33 -1 40 6 45 11
5 6 -1 12 16 18 20
5 34 -1 39 4 43 9
5 6 -1 12 16 18 20
6 35 -1 39 3 41 7
5 6 -1 12 16 18 20
7 36 -1 39 2 40 5
5 6 -1 12 16 18 20
8 37 -1 38 1 38 3
5 6 -1 12 16 18 20
9 38 -1 38 0 36 2
5 6 -1 12 15 18 20
10 39 -1 38 59 35 0
5 6 -1 12 15 18 19
11 40 -1 37 57 33 58
5 6 -1 12 15 18 19
12 41 -1 37 56 31 57
30






























1
По всем вопросам касающимся приложения обращайтесь по WhatsApp +79952867503
1
09.2026

      
	
