1
For advertising or questions send us e-mail kogdanamaz@gmail.com 
31
5 6 -1 12 15 18 19
17 46 -1 41 59 34 59
5 6 -1 12 15 18 19
18 47 -1 40 58 32 57
5 6 -1 12 15 18 19
19 48 -1 40 57 31 56
5 6 -1 12 15 18 19
20 49 -1 40 55 29 54
5 6 -1 12 15 18 19
21 50 -1 39 54 27 52
5 6 -1 12 15 18 19
22 51 -1 39 53 26 51
5 6 -1 12 15 18 19
23 52 -1 39 52 24 49
5 6 -1 12 15 18 19
25 53 -1 39 51 22 47
5 6 -1 12 15 18 19
26 54 -1 38 50 21 46
5 6 -1 12 15 18 19
27 55 -1 38 48 19 44
5 6 -1 12 15 18 19
28 56 -1 38 47 18 43
5 6 -1 12 15 18 19
29 57 -1 38 46 16 41
5 6 -1 12 15 18 19
30 58 -1 37 45 15 40
5 6 -1 12 15 18 19
31 59 -1 37 44 13 38
5 7 -1 12 15 18 19
32 0 -1 37 42 12 37
5 7 -1 12 15 18 19
33 2 -1 37 41 10 35
5 7 -1 12 15 18 19
34 3 -1 36 40 9 34
5 7 -1 12 15 18 19
35 4 -1 36 39 7 32
5 7 -1 12 15 18 19
36 5 -1 36 38 6 31
5 7 -1 12 15 18 19
37 6 -1 36 37 4 30
5 7 -1 12 15 18 19
38 7 -1 36 36 3 28
5 7 -1 12 15 18 19
39 8 -1 36 35 1 27
5 7 -1 12 15 18 19
40 9 -1 35 33 0 26
5 7 -1 12 15 17 19
41 10 -1 35 32 59 24
5 7 -1 12 15 17 19
42 11 -1 35 31 57 23
5 7 -1 12 15 17 19
43 13 -1 35 30 56 22
5 7 -1 12 15 17 19
44 14 -1 35 29 55 21
5 7 -1 12 15 17 19
45 15 -1 35 28 53 19
5 7 -1 12 15 17 19
46 16 -1 35 27 52 18
5 7 -1 12 15 17 19
47 17 -1 35 26 51 17
5 7 -1 12 15 17 19
48 18 -1 35 25 50 16
31































1
По всем вопросам касающимся приложения обращайтесь по WhatsApp +79952867503
1
10.2026

      
	
