1
For advertising or questions send us e-mail kogdanamaz@gmail.com 
30
4 6 -1 12 16 19 20
44 18 -1 52 33 24 54
4 6 -1 12 16 19 20
45 19 -1 52 32 23 53
4 6 -1 12 16 19 20
46 20 -1 51 31 21 51
4 6 -1 12 16 19 20
48 21 -1 51 30 20 49
4 6 -1 12 16 19 20
49 22 -1 51 29 18 47
4 6 -1 12 16 19 20
50 23 -1 50 28 16 45
4 6 -1 12 16 19 20
51 24 -1 50 27 15 43
4 6 -1 12 16 19 20
52 25 -1 50 26 13 41
4 6 -1 12 16 19 20
54 26 -1 49 25 11 39
4 6 -1 12 16 19 20
55 27 -1 49 24 10 38
4 6 -1 12 16 19 20
56 28 -1 49 23 8 36
4 6 -1 12 16 19 20
57 29 -1 48 22 6 34
4 6 -1 12 16 19 20
58 29 -1 48 21 5 32
5 6 -1 12 16 19 20
0 30 -1 48 20 3 30
5 6 -1 12 16 19 20
1 31 -1 47 18 1 28
5 6 -1 12 16 19 20
2 32 -1 47 17 0 26
5 6 -1 12 16 18 20
3 33 -1 47 16 58 25
5 6 -1 12 16 18 20
4 34 -1 46 15 56 23
5 6 -1 12 16 18 20
5 35 -1 46 14 55 21
5 6 -1 12 16 18 20
6 36 -1 45 13 53 19
5 6 -1 12 16 18 20
7 37 -1 45 12 51 17
5 6 -1 12 16 18 20
9 38 -1 45 11 50 16
5 6 -1 12 16 18 20
10 39 -1 44 9 48 14
5 6 -1 12 16 18 20
11 40 -1 44 8 46 12
5 6 -1 12 16 18 20
12 41 -1 44 7 45 10
5 6 -1 12 16 18 20
13 42 -1 43 6 43 8
5 6 -1 12 16 18 20
14 43 -1 43 5 41 7
5 6 -1 12 16 18 20
15 44 -1 43 4 40 5
5 6 -1 12 16 18 20
16 45 -1 42 2 38 3
5 6 -1 12 16 18 20
17 46 -1 42 1 36 2
30






























1
По всем вопросам касающимся приложения обращайтесь по WhatsApp +79952867503
1
09.2026

      
	
