1
For advertising or questions send us e-mail kogdanamaz@gmail.com 
31
5 6 -1 12 16 18 20
24 53 -1 48 6 41 6
5 6 -1 12 16 18 20
25 54 -1 47 5 39 4
5 6 -1 12 16 18 20
26 55 -1 47 4 38 3
5 6 -1 12 16 18 20
27 56 -1 47 2 36 1
5 6 -1 12 16 18 19
28 57 -1 46 1 34 59
5 6 -1 12 16 18 19
29 58 -1 46 0 33 58
5 6 -1 12 15 18 19
30 59 -1 46 59 31 56
5 7 -1 12 15 18 19
32 0 -1 46 58 29 54
5 7 -1 12 15 18 19
33 1 -1 45 57 28 53
5 7 -1 12 15 18 19
34 2 -1 45 55 26 51
5 7 -1 12 15 18 19
35 3 -1 45 54 25 50
5 7 -1 12 15 18 19
36 4 -1 45 53 23 48
5 7 -1 12 15 18 19
37 5 -1 44 52 22 47
5 7 -1 12 15 18 19
38 6 -1 44 51 20 45
5 7 -1 12 15 18 19
39 7 -1 44 49 19 44
5 7 -1 12 15 18 19
40 9 -1 44 48 17 42
5 7 -1 12 15 18 19
41 10 -1 43 47 16 41
5 7 -1 12 15 18 19
42 11 -1 43 46 14 39
5 7 -1 12 15 18 19
43 12 -1 43 45 13 38
5 7 -1 12 15 18 19
44 13 -1 43 44 11 37
5 7 -1 12 15 18 19
45 14 -1 43 43 10 35
5 7 -1 12 15 18 19
46 15 -1 43 42 8 34
5 7 -1 12 15 18 19
47 16 -1 42 40 7 33
5 7 -1 12 15 18 19
48 17 -1 42 39 6 31
5 7 -1 12 15 18 19
49 18 -1 42 38 4 30
5 7 -1 12 15 18 19
50 20 -1 42 37 3 29
5 7 -1 12 15 18 19
51 21 -1 42 36 2 28
5 7 -1 12 15 18 19
52 22 -1 42 35 0 26
5 7 -1 12 15 17 19
53 23 -1 42 34 59 25
5 7 -1 12 15 17 19
54 24 -1 42 33 58 24
5 7 -1 12 15 17 19
55 25 -1 42 32 57 23
31































1
По всем вопросам касающимся приложения обращайтесь по WhatsApp +79952867503
1
10.2026

      
	