1
For advertising or questions send us e-mail kogdanamaz@gmail.com 
30
4 6 -1 12 16 19 20
41 15 -1 49 30 21 51
4 6 -1 12 16 19 20
42 16 -1 49 29 20 50
4 6 -1 12 16 19 20
43 17 -1 48 28 18 48
4 6 -1 12 16 19 20
45 18 -1 48 27 17 46
4 6 -1 12 16 19 20
46 19 -1 48 26 15 44
4 6 -1 12 16 19 20
47 20 -1 47 25 13 42
4 6 -1 12 16 19 20
48 21 -1 47 24 12 40
4 6 -1 12 16 19 20
49 22 -1 47 23 10 38
4 6 -1 12 16 19 20
51 23 -1 46 22 8 36
4 6 -1 12 16 19 20
52 24 -1 46 21 7 35
4 6 -1 12 16 19 20
53 25 -1 46 20 5 33
4 6 -1 12 16 19 20
54 26 -1 45 19 3 31
4 6 -1 12 16 19 20
55 26 -1 45 18 2 29
4 6 -1 12 16 19 20
57 27 -1 45 17 0 27
4 6 -1 12 16 18 20
58 28 -1 44 15 58 25
4 6 -1 12 16 18 20
59 29 -1 44 14 57 23
5 6 -1 12 16 18 20
0 30 -1 44 13 55 22
5 6 -1 12 16 18 20
1 31 -1 43 12 53 20
5 6 -1 12 16 18 20
2 32 -1 43 11 52 18
5 6 -1 12 16 18 20
3 33 -1 42 10 50 16
5 6 -1 12 16 18 20
4 34 -1 42 9 48 14
5 6 -1 12 16 18 20
6 35 -1 42 8 47 13
5 6 -1 12 16 18 20
7 36 -1 41 6 45 11
5 6 -1 12 16 18 20
8 37 -1 41 5 43 9
5 6 -1 12 16 18 20
9 38 -1 41 4 42 7
5 6 -1 12 16 18 20
10 39 -1 40 3 40 5
5 6 -1 12 16 18 20
11 40 -1 40 2 38 4
5 6 -1 12 16 18 20
12 41 -1 40 1 37 2
5 6 -1 12 15 18 20
13 42 -1 39 59 35 0
5 6 -1 12 15 18 19
14 43 -1 39 58 33 59
30






























1
По всем вопросам касающимся приложения обращайтесь по WhatsApp +79952867503
1
09.2026

      
	
