1
For advertising or questions send us e-mail kogdanamaz@gmail.com 
30
4 6 -1 12 16 19 20
47 21 -1 55 36 27 57
4 6 -1 12 16 19 20
48 22 -1 55 35 26 56
4 6 -1 12 16 19 20
49 23 -1 54 34 24 54
4 6 -1 12 16 19 20
51 24 -1 54 33 23 52
4 6 -1 12 16 19 20
52 25 -1 54 32 21 50
4 6 -1 12 16 19 20
53 26 -1 53 31 19 48
4 6 -1 12 16 19 20
54 27 -1 53 30 18 46
4 6 -1 12 16 19 20
55 28 -1 53 29 16 44
4 6 -1 12 16 19 20
57 29 -1 52 28 14 42
4 6 -1 12 16 19 20
58 30 -1 52 27 13 41
4 6 -1 12 16 19 20
59 31 -1 52 26 11 39
5 6 -1 12 16 19 20
0 32 -1 51 25 9 37
5 6 -1 12 16 19 20
1 32 -1 51 24 8 35
5 6 -1 12 16 19 20
3 33 -1 51 23 6 33
5 6 -1 12 16 19 20
4 34 -1 50 21 4 31
5 6 -1 12 16 19 20
5 35 -1 50 20 3 29
5 6 -1 12 16 19 20
6 36 -1 50 19 1 28
5 6 -1 12 16 18 20
7 37 -1 49 18 59 26
5 6 -1 12 16 18 20
8 38 -1 49 17 58 24
5 6 -1 12 16 18 20
9 39 -1 48 16 56 22
5 6 -1 12 16 18 20
10 40 -1 48 15 54 20
5 6 -1 12 16 18 20
12 41 -1 48 14 53 19
5 6 -1 12 16 18 20
13 42 -1 47 12 51 17
5 6 -1 12 16 18 20
14 43 -1 47 11 49 15
5 6 -1 12 16 18 20
15 44 -1 47 10 48 13
5 6 -1 12 16 18 20
16 45 -1 46 9 46 11
5 6 -1 12 16 18 20
17 46 -1 46 8 44 10
5 6 -1 12 16 18 20
18 47 -1 46 7 43 8
5 6 -1 12 16 18 20
19 48 -1 45 5 41 6
5 6 -1 12 16 18 20
20 49 -1 45 4 39 5
30






























1
По всем вопросам касающимся приложения обращайтесь по WhatsApp +79952867503
1
09.2026

      
	
