1
For advertising or questions send us e-mail kogdanamaz@gmail.com 
30
5 7 -1 13 18 20 21
53 11 -1 47 26 21 41
5 7 -1 13 18 20 21
55 12 -1 47 24 19 39
5 7 -1 13 18 20 21
56 13 -1 46 23 17 37
5 7 -1 13 18 20 21
57 14 -1 46 22 16 35
5 7 -1 13 18 20 21
58 15 -1 46 20 14 33
6 7 -1 13 18 20 21
0 16 -1 45 19 12 31
6 7 -1 13 18 20 21
1 17 -1 45 18 11 29
6 7 -1 13 18 20 21
2 18 -1 45 16 9 27
6 7 -1 13 18 20 21
3 20 -1 44 15 7 25
6 7 -1 13 18 20 21
4 21 -1 44 14 6 24
6 7 -1 13 18 20 21
6 22 -1 44 12 4 22
6 7 -1 13 18 20 21
7 23 -1 43 11 2 20
6 7 -1 13 18 20 21
8 24 -1 43 10 1 18
6 7 -1 13 18 19 21
9 25 -1 43 8 59 16
6 7 -1 13 18 19 21
10 26 -1 42 7 57 14
6 7 -1 13 18 19 21
11 27 -1 42 5 55 12
6 7 -1 13 18 19 21
12 28 -1 41 4 54 10
6 7 -1 13 18 19 21
14 29 -1 41 2 52 9
6 7 -1 13 18 19 21
15 30 -1 41 1 50 7
6 7 -1 13 18 19 21
16 31 -1 40 0 49 5
6 7 -1 13 17 19 21
17 32 -1 40 58 47 3
6 7 -1 13 17 19 21
18 33 -1 40 57 45 1
6 7 -1 13 17 19 20
19 34 -1 39 55 43 59
6 7 -1 13 17 19 20
20 35 -1 39 54 42 58
6 7 -1 13 17 19 20
21 36 -1 39 52 40 56
6 7 -1 13 17 19 20
23 37 -1 38 51 38 54
6 7 -1 13 17 19 20
24 38 -1 38 49 36 52
6 7 -1 13 17 19 20
25 39 -1 38 48 35 51
6 7 -1 13 17 19 20
26 40 -1 37 46 33 49
6 7 -1 13 17 19 20
27 41 -1 37 45 31 47
30






























1
По всем вопросам касающимся приложения обращайтесь по WhatsApp +79952867503
1
09.2026

      
	
