1
For advertising or questions send us e-mail kogdanamaz@gmail.com 
31
5 7 -1 13 17 19 20
48 25 -1 15 2 2 41
5 7 -1 13 17 18 20
50 27 -1 14 0 59 39
5 7 -1 13 16 18 20
52 29 -1 14 58 57 36
5 7 -1 13 16 18 20
54 31 -1 14 55 54 33
5 7 -1 13 16 18 20
56 33 -1 13 53 52 31
5 7 -1 13 16 18 20
58 35 -1 13 51 49 28
6 7 -1 13 16 18 20
0 37 -1 13 49 47 26
6 7 -1 13 16 18 20
2 39 -1 13 47 44 23
6 7 -1 13 16 18 20
4 41 -1 12 44 42 21
6 7 -1 13 16 18 20
6 43 -1 12 42 40 18
6 7 -1 13 16 18 20
8 45 -1 12 40 37 16
6 7 -1 13 16 18 20
10 47 -1 12 38 35 13
6 7 -1 13 16 18 20
12 48 -1 11 36 32 11
6 7 -1 13 16 18 20
14 50 -1 11 33 30 9
6 7 -1 13 16 18 20
16 52 -1 11 31 27 6
6 7 -1 13 16 18 20
17 54 -1 11 29 25 4
6 7 -1 13 16 18 20
19 56 -1 10 27 23 2
6 7 -1 13 16 18 19
21 58 -1 10 25 20 59
6 8 -1 13 16 18 19
23 0 -1 10 22 18 57
6 8 -1 13 16 18 19
25 2 -1 10 20 16 55
6 8 -1 13 16 18 19
27 4 -1 10 18 13 53
6 8 -1 13 16 18 19
27 4 -1 10 18 13 53
6 8 -1 13 16 18 19
30 8 -1 9 14 9 48
6 8 -1 13 16 18 19
32 10 -1 9 12 6 46
6 8 -1 13 16 18 19
34 12 -1 9 10 4 44
6 8 -1 13 16 18 19
36 14 -1 9 8 2 42
6 8 -1 13 16 18 19
38 16 -1 9 6 0 40
5 7 -1 12 15 16 18
39 18 -1 9 4 57 38
5 7 -1 12 15 16 18
41 20 -1 9 2 55 36
5 7 -1 12 15 16 18
43 22 -1 9 0 53 34
5 7 -1 12 14 16 18
45 24 -1 9 58 51 32
31































1
По всем вопросам касающимся приложения обращайтесь по WhatsApp +79952867503
1
10.2026

      
	