1
For advertising or questions send us e-mail kogdanamaz@gmail.com 
30
5 7 -1 13 18 20 22
44 10 -1 56 36 36 2
5 7 -1 13 18 20 22
45 11 -1 56 34 34 0
5 7 -1 13 18 20 21
47 12 -1 56 33 32 58
5 7 -1 13 18 20 21
48 14 -1 55 31 30 55
5 7 -1 13 18 20 21
50 15 -1 55 30 28 53
5 7 -1 13 18 20 21
52 16 -1 55 28 26 51
5 7 -1 13 18 20 21
53 18 -1 54 27 24 48
5 7 -1 13 18 20 21
55 19 -1 54 25 22 46
5 7 -1 13 18 20 21
56 20 -1 54 23 20 44
5 7 -1 13 18 20 21
58 21 -1 53 22 18 42
5 7 -1 13 18 20 21
59 23 -1 53 20 16 39
6 7 -1 13 18 20 21
1 24 -1 53 19 14 37
6 7 -1 13 18 20 21
3 25 -1 52 17 12 35
6 7 -1 13 18 20 21
4 27 -1 52 15 10 33
6 7 -1 13 18 20 21
6 28 -1 52 14 8 31
6 7 -1 13 18 20 21
7 29 -1 51 12 6 28
6 7 -1 13 18 20 21
9 31 -1 51 10 4 26
6 7 -1 13 18 20 21
10 32 -1 50 9 2 24
6 7 -1 13 18 20 21
11 33 -1 50 7 0 22
6 7 -1 13 18 19 21
13 34 -1 50 5 58 20
6 7 -1 13 18 19 21
14 36 -1 49 4 56 17
6 7 -1 13 18 19 21
16 37 -1 49 2 54 15
6 7 -1 13 18 19 21
17 38 -1 49 0 52 13
6 7 -1 13 17 19 21
19 40 -1 48 58 50 11
6 7 -1 13 17 19 21
20 41 -1 48 57 48 9
6 7 -1 13 17 19 21
22 42 -1 48 55 46 7
6 7 -1 13 17 19 21
23 44 -1 47 53 44 5
6 7 -1 13 17 19 21
24 45 -1 47 52 42 3
6 7 -1 13 17 19 21
26 46 -1 47 50 40 1
6 7 -1 13 17 19 20
27 48 -1 46 48 38 58
30






























1
По всем вопросам касающимся приложения обращайтесь по WhatsApp +79952867503
1
09.2026

      
	
