1
For advertising or questions send us e-mail kogdanamaz@gmail.com 
30
5 6 -1 13 18 20 21
30 50 -1 32 11 7 27
5 6 -1 13 18 20 21
31 51 -1 31 9 5 25
5 6 -1 13 18 20 21
33 52 -1 31 8 4 23
5 6 -1 13 18 20 21
34 53 -1 31 7 2 21
5 6 -1 13 18 20 21
35 54 -1 30 5 0 19
5 6 -1 13 18 19 21
37 55 -1 30 4 58 17
5 6 -1 13 18 19 21
38 56 -1 30 2 56 15
5 6 -1 13 18 19 21
39 57 -1 29 1 55 13
5 6 -1 13 18 19 21
41 59 -1 29 0 53 11
5 7 -1 13 17 19 21
42 0 -1 29 58 51 9
5 7 -1 13 17 19 21
43 1 -1 28 57 49 7
5 7 -1 13 17 19 21
45 2 -1 28 55 48 5
5 7 -1 13 17 19 21
46 3 -1 28 54 46 3
5 7 -1 13 17 19 21
47 4 -1 27 52 44 1
5 7 -1 13 17 19 20
48 5 -1 27 51 42 59
5 7 -1 13 17 19 20
50 6 -1 27 49 40 57
5 7 -1 13 17 19 20
51 7 -1 26 48 38 55
5 7 -1 13 17 19 20
52 8 -1 26 46 37 53
5 7 -1 13 17 19 20
53 10 -1 26 45 35 51
5 7 -1 13 17 19 20
55 11 -1 25 43 33 49
5 7 -1 13 17 19 20
56 12 -1 25 42 31 47
5 7 -1 13 17 19 20
57 13 -1 24 40 29 45
5 7 -1 13 17 19 20
58 14 -1 24 38 28 43
5 7 -1 13 17 19 20
59 15 -1 24 37 26 41
6 7 -1 13 17 19 20
1 16 -1 23 35 24 39
6 7 -1 13 17 19 20
2 17 -1 23 34 22 37
6 7 -1 13 17 19 20
3 19 -1 23 32 20 36
6 7 -1 13 17 19 20
4 20 -1 22 31 18 34
6 7 -1 13 17 19 20
5 21 -1 22 29 17 32
6 7 -1 13 17 19 20
7 22 -1 22 28 15 30
30






























1
По всем вопросам касающимся приложения обращайтесь по WhatsApp +79952867503
1
09.2026

      
	
