1
For advertising or questions send us e-mail kogdanamaz@gmail.com 
31
4 6 -1 12 15 17 20
12 27 -1 7 29 45 0
4 6 -1 12 15 17 19
15 30 -1 7 26 42 56
4 6 -1 12 15 17 19
18 33 -1 6 23 38 52
4 6 -1 12 15 17 19
22 36 -1 6 20 35 48
4 6 -1 12 15 17 19
25 39 -1 6 17 31 45
4 6 -1 12 15 17 19
28 42 -1 6 14 27 41
4 6 -1 12 15 17 19
31 45 -1 5 11 24 37
4 6 -1 12 15 17 19
34 48 -1 5 8 20 34
4 6 -1 12 15 17 19
37 51 -1 5 5 17 30
4 6 -1 12 15 17 19
40 54 -1 4 1 13 26
4 6 -1 12 14 17 19
44 57 -1 4 58 10 23
4 7 -1 12 14 17 19
47 0 -1 4 55 6 19
4 7 -1 12 14 17 19
50 3 -1 4 52 3 16
4 7 -1 12 14 16 19
53 7 -1 3 49 59 12
4 7 -1 12 14 16 19
56 10 -1 3 46 55 9
4 7 -1 12 14 16 19
59 13 -1 3 43 52 6
5 7 -1 12 14 16 19
1 16 -1 3 40 48 2
5 7 -1 12 14 16 18
4 19 -1 3 37 45 59
5 7 -1 12 14 16 18
7 22 -1 2 34 41 56
5 7 -1 12 14 16 18
10 25 -1 2 31 38 53
5 7 -1 12 14 16 18
13 28 -1 2 28 35 49
5 7 -1 12 14 16 18
16 32 -1 2 25 31 46
5 7 -1 12 14 16 18
19 35 -1 2 22 28 43
5 7 -1 12 14 16 18
21 38 -1 2 19 24 40
5 7 -1 12 14 16 18
24 41 -1 2 16 21 37
5 7 -1 12 14 16 18
27 44 -1 1 13 17 34
5 7 -1 12 14 16 18
30 48 -1 1 10 14 31
5 7 -1 12 14 16 18
33 51 -1 1 7 11 29
5 7 -1 12 14 16 18
35 54 -1 1 4 7 26
5 7 -1 12 14 16 18
38 57 -1 1 1 4 23
5 8 -1 12 13 16 18
41 1 -1 1 58 0 20
31































1
По всем вопросам касающимся приложения обращайтесь по WhatsApp +79952867503
1
10.2026

      
	