1
For advertising or questions send us e-mail kogdanamaz@gmail.com 
30
4 5 -1 12 16 19 20
10 39 -1 23 6 5 37
4 5 -1 12 16 19 20
12 41 -1 22 4 3 35
4 5 -1 12 16 19 20
14 42 -1 22 3 1 33
4 5 -1 12 16 18 20
15 43 -1 22 2 59 30
4 5 -1 12 16 18 20
17 45 -1 21 1 57 28
4 5 -1 12 15 18 20
19 46 -1 21 59 55 25
4 5 -1 12 15 18 20
21 48 -1 21 58 53 23
4 5 -1 12 15 18 20
22 49 -1 20 57 51 21
4 5 -1 12 15 18 20
24 50 -1 20 55 49 18
4 5 -1 12 15 18 20
26 52 -1 20 54 47 16
4 5 -1 12 15 18 20
27 53 -1 19 52 45 13
4 5 -1 12 15 18 20
29 55 -1 19 51 42 11
4 5 -1 12 15 18 20
31 56 -1 19 50 40 9
4 5 -1 12 15 18 20
32 57 -1 18 48 38 6
4 5 -1 12 15 18 20
34 59 -1 18 47 36 4
4 6 -1 12 15 18 20
35 0 -1 18 45 34 2
4 6 -1 12 15 18 20
35 2 -1 17 44 32 2
4 6 -1 12 15 18 19
39 3 -1 17 42 30 57
4 6 -1 12 15 18 19
40 4 -1 16 41 28 55
4 6 -1 12 15 18 19
42 6 -1 16 39 26 53
4 6 -1 12 15 18 19
43 7 -1 16 38 23 50
4 6 -1 12 15 18 19
45 9 -1 15 36 21 48
4 6 -1 12 15 18 19
46 10 -1 15 35 19 46
4 6 -1 12 15 18 19
48 11 -1 15 33 17 44
4 6 -1 12 15 18 19
49 13 -1 14 32 15 41
4 6 -1 12 15 18 19
51 14 -1 14 30 13 39
4 6 -1 12 15 18 19
52 16 -1 14 29 11 37
4 6 -1 12 15 18 19
54 17 -1 13 27 9 35
4 6 -1 12 15 18 19
55 19 -1 13 26 7 33
4 6 -1 12 15 18 19
57 20 -1 13 24 5 30
30






























1
По всем вопросам касающимся приложения обращайтесь по WhatsApp +79952867503
1
09.2026

      
	
