1
For advertising or questions send us e-mail kogdanamaz@gmail.com 
30
4 5 -1 12 5 6 8
40 54 -1 26 3 56 11
4 5 -1 12 5 6 8
41 55 -1 25 2 54 9
4 5 -1 12 5 6 8
42 56 -1 25 1 53 7
4 5 -1 12 5 6 8
44 56 -1 25 0 51 6
4 5 -1 12 4 6 8
45 57 -1 24 58 50 4
4 5 -1 12 4 6 8
46 58 -1 24 57 48 2
4 5 -1 12 4 6 8
47 59 -1 24 56 47 1
4 6 -1 12 4 6 7
48 0 -1 23 55 45 59
4 6 -1 12 4 6 7
49 1 -1 23 54 44 57
4 6 -1 12 4 6 7
50 1 -1 23 52 42 56
4 6 -1 12 4 6 7
51 2 -1 22 51 40 54
4 6 -1 12 4 6 7
52 3 -1 22 50 39 52
4 6 -1 12 4 6 7
53 4 -1 21 49 37 50
4 6 -1 12 4 6 7
53 5 -1 21 47 36 49
4 6 -1 12 4 6 7
54 6 -1 21 46 34 47
4 6 -1 12 4 6 7
55 7 -1 20 45 33 45
4 6 -1 12 4 6 7
56 7 -1 20 44 31 44
4 6 -1 12 4 6 7
57 8 -1 20 42 30 42
4 6 -1 12 4 6 7
58 9 -1 19 41 28 40
4 6 -1 12 4 6 7
59 10 -1 19 40 26 39
5 6 -1 12 4 6 7
0 11 -1 19 38 25 37
5 6 -1 12 4 6 7
1 12 -1 18 37 23 36
5 6 -1 12 4 6 7
2 12 -1 18 36 22 34
5 6 -1 12 4 6 7
3 13 -1 18 35 20 32
5 6 -1 12 4 6 7
4 14 -1 17 33 19 31
5 6 -1 12 4 6 7
5 15 -1 17 32 17 29
5 6 -1 12 4 6 7
6 16 -1 17 31 16 27
5 6 -1 12 4 6 7
7 17 -1 16 29 14 26
5 6 -1 12 4 6 7
7 18 -1 16 28 12 24
5 6 -1 12 4 6 7
8 19 -1 16 27 11 23
30






























1
По всем вопросам касающимся приложения обращайтесь по WhatsApp +79952867503
1
09.2026

      
	
