1
For advertising or questions send us e-mail kogdanamaz@gmail.com 
30
3 5 -1 11 15 18 19
37 14 -1 59 38 35 55
3 5 -1 11 15 18 19
39 15 -1 59 37 33 53
3 5 -1 11 15 18 19
40 16 -1 59 36 31 51
3 5 -1 11 15 18 19
42 18 -1 58 35 30 49
3 5 -1 11 15 18 19
43 19 -1 58 34 28 46
3 5 -1 11 15 18 19
44 20 -1 58 32 26 44
3 5 -1 11 15 18 19
46 21 -1 57 31 24 42
3 5 -1 11 15 18 19
47 22 -1 57 30 22 40
3 5 -1 11 15 18 19
49 23 -1 57 29 21 38
3 5 -1 11 15 18 19
50 24 -1 56 28 19 36
3 5 -1 11 15 18 19
52 25 -1 56 27 17 34
3 5 -1 11 15 18 19
53 27 -1 56 25 15 32
3 5 -1 11 15 18 19
54 28 -1 55 24 13 30
3 5 -1 11 15 18 19
56 29 -1 55 23 11 28
3 5 -1 11 15 18 19
57 30 -1 55 22 9 26
3 5 -1 11 15 18 19
59 31 -1 54 21 8 24
4 5 -1 11 15 18 19
0 32 -1 54 19 6 22
4 5 -1 11 15 18 19
1 33 -1 54 18 4 20
4 5 -1 11 15 18 19
3 35 -1 53 17 2 18
4 5 -1 11 15 18 19
4 36 -1 53 16 0 16
4 5 -1 11 15 17 19
5 37 -1 52 14 58 14
4 5 -1 11 15 17 19
7 38 -1 52 13 56 12
4 5 -1 11 15 17 19
8 39 -1 52 12 55 10
4 5 -1 11 15 17 19
9 40 -1 51 10 53 8
4 5 -1 11 15 17 19
11 42 -1 51 9 51 6
4 5 -1 11 15 17 19
12 43 -1 51 8 49 4
4 5 -1 11 15 17 19
13 44 -1 50 6 47 2
4 5 -1 11 15 17 19
14 45 -1 50 5 45 0
4 5 -1 11 15 17 18
16 46 -1 50 4 44 58
4 5 -1 11 15 17 18
17 47 -1 49 2 42 57
30






























1
По всем вопросам касающимся приложения обращайтесь по WhatsApp +79952867503
1
09.2026

      
	
