1
For advertising or questions send us e-mail kogdanamaz@gmail.com 
30
4 6 -1 13 16 20 21
48 31 -1 21 59 0 35
4 6 -1 13 16 19 21
50 32 -1 20 58 58 32
4 6 -1 13 16 19 21
52 34 -1 20 57 56 30
4 6 -1 13 16 19 21
54 35 -1 20 55 54 27
4 6 -1 13 16 19 21
56 37 -1 19 54 51 25
4 6 -1 13 16 19 21
58 38 -1 19 53 49 22
4 6 -1 13 16 19 21
59 40 -1 19 51 47 20
5 6 -1 13 16 19 21
1 41 -1 18 50 45 17
5 6 -1 13 16 19 21
3 42 -1 18 48 43 15
5 6 -1 13 16 19 21
5 44 -1 18 47 41 12
5 6 -1 13 16 19 21
7 45 -1 17 46 39 10
5 6 -1 13 16 19 21
9 47 -1 17 44 36 8
5 6 -1 13 16 19 21
10 48 -1 17 43 34 5
5 6 -1 13 16 19 21
12 50 -1 16 41 32 3
5 6 -1 13 16 19 21
14 51 -1 16 40 30 0
5 6 -1 13 16 19 20
16 53 -1 16 38 28 58
5 6 -1 13 16 19 20
17 54 -1 15 37 26 55
5 6 -1 13 16 19 20
19 56 -1 15 35 23 53
5 6 -1 13 16 19 20
21 57 -1 15 34 21 51
5 6 -1 13 16 19 20
23 58 -1 14 32 19 48
5 7 -1 13 16 19 20
24 0 -1 14 31 17 46
5 7 -1 13 16 19 20
26 1 -1 14 29 15 44
5 7 -1 13 16 19 20
28 3 -1 13 28 13 41
5 7 -1 13 16 19 20
29 4 -1 13 26 10 39
5 7 -1 13 16 19 20
31 6 -1 12 24 8 37
5 7 -1 13 16 19 20
33 7 -1 12 23 6 34
5 7 -1 13 16 19 20
34 9 -1 12 21 4 32
5 7 -1 13 16 19 20
36 10 -1 11 20 2 30
5 7 -1 13 16 19 20
37 12 -1 11 18 0 27
5 7 -1 13 16 18 20
39 13 -1 11 17 57 25
30






























1
По всем вопросам касающимся приложения обращайтесь по WhatsApp +79952867503
1
09.2026

      
	
