1
For advertising or questions send us e-mail kogdanamaz@gmail.com 
30
4 5 -1 12 15 18 20
2 24 -1 2 44 39 2
4 5 -1 12 15 18 20
4 25 -1 2 43 37 0
4 5 -1 12 15 18 19
5 26 -1 1 42 35 58
4 5 -1 12 15 18 19
6 27 -1 1 41 33 56
4 5 -1 12 15 18 19
8 28 -1 1 40 31 54
4 5 -1 12 15 18 19
9 29 -1 0 38 30 52
4 5 -1 12 15 18 19
11 31 -1 0 37 28 50
4 5 -1 12 15 18 19
11 31 -1 0 37 28 50
4 5 -1 11 15 18 19
13 33 -1 59 35 24 45
4 5 -1 11 15 18 19
15 34 -1 59 34 22 43
4 5 -1 11 15 18 19
16 35 -1 59 33 21 41
4 5 -1 11 15 18 19
17 36 -1 58 32 19 39
4 5 -1 11 15 18 19
19 37 -1 58 30 17 37
4 5 -1 11 15 18 19
20 38 -1 58 29 15 35
4 5 -1 11 15 18 19
21 40 -1 57 28 13 33
4 5 -1 11 15 18 19
22 41 -1 57 27 11 31
4 5 -1 11 15 18 19
24 42 -1 57 25 10 29
4 5 -1 11 15 18 19
25 43 -1 56 24 8 27
4 5 -1 11 15 18 19
26 44 -1 56 23 6 25
4 5 -1 11 15 18 19
28 45 -1 55 22 4 23
4 5 -1 11 15 18 19
29 46 -1 55 20 2 21
4 5 -1 11 15 18 19
30 47 -1 55 19 0 19
4 5 -1 11 15 18 19
30 47 -1 55 19 0 19
4 5 -1 11 15 17 19
33 50 -1 54 16 57 16
4 5 -1 11 15 17 19
34 51 -1 54 15 55 14
4 5 -1 11 15 17 19
35 52 -1 53 14 53 12
4 5 -1 11 15 17 19
36 53 -1 53 13 51 10
4 5 -1 11 15 17 19
37 54 -1 53 11 49 8
4 5 -1 11 15 17 19
39 55 -1 52 10 48 6
4 5 -1 11 15 17 19
40 57 -1 52 9 46 4
30






























1
По всем вопросам касающимся приложения обращайтесь по WhatsApp +79952867503
1
09.2026

      
	
