1
For advertising or questions send us e-mail kogdanamaz@gmail.com 
31
4 6 -1 12 15 18 20
58 36 -1 41 53 33 0
4 6 -1 12 15 18 19
59 37 -1 40 52 31 58
5 6 -1 12 15 18 19
0 38 -1 40 50 29 56
5 6 -1 12 15 18 19
2 39 -1 40 49 28 54
5 6 -1 12 15 18 19
3 41 -1 39 47 26 52
5 6 -1 12 15 18 19
4 42 -1 39 46 24 51
5 6 -1 12 15 18 19
6 43 -1 39 45 22 49
5 6 -1 12 15 18 19
7 44 -1 38 43 20 47
5 6 -1 12 15 18 19
8 46 -1 38 42 18 45
5 6 -1 12 15 18 19
9 47 -1 38 41 16 43
5 6 -1 12 15 18 19
11 48 -1 38 39 15 41
5 6 -1 12 15 18 19
12 50 -1 37 38 13 40
5 6 -1 12 15 18 19
13 51 -1 37 36 11 38
5 6 -1 12 15 18 19
15 52 -1 37 35 9 36
5 6 -1 12 15 18 19
16 53 -1 37 34 8 34
5 6 -1 12 15 18 19
17 55 -1 36 32 6 33
5 6 -1 12 15 18 19
18 56 -1 36 31 4 31
5 6 -1 12 15 18 19
20 57 -1 36 30 2 29
5 6 -1 12 15 18 19
21 59 -1 36 28 1 28
5 7 -1 12 15 17 19
22 0 -1 36 27 59 26
5 7 -1 12 15 17 19
23 1 -1 35 26 57 25
5 7 -1 12 15 17 19
24 3 -1 35 25 56 23
5 7 -1 12 15 17 19
26 4 -1 35 23 54 21
5 7 -1 12 15 17 19
27 5 -1 35 22 52 20
5 7 -1 12 15 17 19
28 7 -1 35 21 51 18
5 7 -1 12 15 17 19
29 8 -1 35 19 49 17
5 7 -1 12 15 17 19
31 9 -1 35 18 48 16
5 7 -1 12 15 17 19
32 11 -1 35 17 46 14
5 7 -1 12 15 17 19
33 12 -1 34 16 45 13
5 7 -1 12 15 17 19
34 13 -1 34 15 43 11
5 7 -1 12 15 17 19
35 15 -1 34 13 42 10
31































1
По всем вопросам касающимся приложения обращайтесь по WhatsApp +79952867503
1
10.2026

      
	
