1
For advertising or questions send us e-mail kogdanamaz@gmail.com 
30
4 6 -1 12 16 19 21
6 1 -1 57 39 31 12
4 6 -1 12 16 19 21
7 2 -1 56 38 29 10
4 6 -1 12 16 19 21
9 3 -1 56 36 28 7
4 6 -1 12 16 19 21
11 5 -1 56 35 26 5
4 6 -1 12 16 19 21
12 6 -1 55 34 24 3
4 6 -1 12 16 19 21
14 7 -1 55 33 22 1
4 6 -1 12 16 19 20
15 8 -1 55 32 20 59
4 6 -1 12 16 19 20
17 9 -1 54 31 18 57
4 6 -1 12 16 19 20
18 10 -1 54 30 17 54
4 6 -1 12 16 19 20
20 12 -1 54 28 15 52
4 6 -1 12 16 19 20
21 13 -1 53 27 13 50
4 6 -1 12 16 19 20
23 14 -1 53 26 11 48
4 6 -1 12 16 19 20
24 15 -1 52 25 9 46
4 6 -1 12 16 19 20
26 16 -1 52 23 7 44
4 6 -1 12 16 19 20
27 17 -1 52 22 5 42
4 6 -1 12 16 19 20
29 19 -1 51 21 4 40
4 6 -1 12 16 19 20
30 20 -1 51 20 2 38
4 6 -1 12 16 19 20
32 21 -1 51 18 0 35
4 6 -1 12 16 18 20
33 22 -1 50 17 58 33
4 6 -1 12 16 18 20
35 23 -1 50 16 56 31
4 6 -1 12 16 18 20
36 24 -1 50 14 54 29
4 6 -1 12 16 18 20
37 26 -1 49 13 52 27
4 6 -1 12 16 18 20
39 27 -1 49 12 50 25
4 6 -1 12 16 18 20
40 28 -1 49 11 48 23
4 6 -1 12 16 18 20
41 29 -1 48 9 47 21
4 6 -1 12 16 18 20
43 30 -1 48 8 45 19
4 6 -1 12 16 18 20
44 32 -1 48 6 43 17
4 6 -1 12 16 18 20
46 33 -1 47 5 41 15
4 6 -1 12 16 18 20
47 34 -1 47 4 39 13
4 6 -1 12 16 18 20
48 35 -1 47 2 37 11
30






























1
По всем вопросам касающимся приложения обращайтесь по WhatsApp +79952867503
1
09.2026

      
	
