1
For advertising or questions send us e-mail kogdanamaz@gmail.com 
31
4 6 -1 12 15 18 19
48 13 -1 16 22 0 38
4 6 -1 12 15 17 19
49 14 -1 16 21 58 36
4 6 -1 12 15 17 19
50 15 -1 15 19 56 34
4 6 -1 12 15 17 19
50 16 -1 15 18 55 32
4 6 -1 12 15 17 19
51 17 -1 15 17 53 31
4 6 -1 12 15 17 19
52 18 -1 15 15 51 29
4 6 -1 12 15 17 19
53 19 -1 14 14 49 27
4 6 -1 12 15 17 19
53 21 -1 14 13 48 25
4 6 -1 12 15 17 19
54 22 -1 14 12 46 24
4 6 -1 12 15 17 19
55 23 -1 13 10 44 22
4 6 -1 12 15 17 19
55 24 -1 13 9 43 20
4 6 -1 12 15 17 19
56 25 -1 13 8 41 18
4 6 -1 12 15 17 19
57 27 -1 13 6 39 17
4 6 -1 12 15 17 19
58 28 -1 12 5 38 15
4 6 -1 12 15 17 19
59 29 -1 12 4 36 14
4 6 -1 12 15 17 19
59 30 -1 12 3 34 12
5 6 -1 12 15 17 19
0 31 -1 12 1 33 10
5 6 -1 12 15 17 19
0 32 -1 12 0 31 9
5 6 -1 12 14 17 19
1 34 -1 11 59 30 7
5 6 -1 12 14 17 19
2 35 -1 11 58 28 6
5 6 -1 12 14 17 19
4 36 -1 11 56 26 4
5 6 -1 12 14 17 19
5 37 -1 11 55 25 3
5 6 -1 12 14 17 19
6 39 -1 11 54 23 1
5 6 -1 12 14 17 19
7 40 -1 11 53 22 0
5 6 -1 12 14 17 18
8 41 -1 11 52 20 59
5 6 -1 12 14 17 18
9 42 -1 10 51 19 57
5 6 -1 12 14 17 18
10 44 -1 10 49 17 56
5 6 -1 12 14 17 18
12 45 -1 10 48 16 54
5 6 -1 12 14 17 18
13 46 -1 10 47 15 53
5 6 -1 12 14 17 18
14 47 -1 10 46 13 52
5 6 -1 12 14 17 18
15 49 -1 10 45 12 51
31































1
По всем вопросам касающимся приложения обращайтесь по WhatsApp +79952867503
1
10.2026

      
	