1
For advertising or questions send us e-mail kogdanamaz@gmail.com 
30
4 5 -1 12 15 18 20
9 28 -1 5 46 39 0
4 5 -1 12 15 18 19
10 29 -1 4 45 38 58
4 5 -1 12 15 18 19
12 30 -1 4 44 36 56
4 5 -1 12 15 18 19
13 31 -1 4 43 34 54
4 5 -1 12 15 18 19
14 32 -1 3 42 33 53
4 5 -1 12 15 18 19
16 34 -1 3 41 31 51
4 5 -1 12 15 18 19
17 35 -1 3 40 29 49
4 5 -1 12 15 18 19
17 35 -1 3 40 29 49
4 5 -1 12 15 18 19
19 37 -1 2 38 26 45
4 5 -1 12 15 18 19
21 38 -1 2 37 24 43
4 5 -1 12 15 18 19
22 39 -1 1 36 22 41
4 5 -1 12 15 18 19
23 40 -1 1 34 21 39
4 5 -1 12 15 18 19
24 41 -1 1 33 19 37
4 5 -1 12 15 18 19
25 42 -1 0 32 17 35
4 5 -1 12 15 18 19
27 43 -1 0 31 15 33
4 5 -1 12 15 18 19
28 44 -1 0 30 13 31
4 5 -1 11 15 18 19
29 45 -1 59 29 12 29
4 5 -1 11 15 18 19
30 46 -1 59 27 10 28
4 5 -1 11 15 18 19
31 47 -1 59 26 8 26
4 5 -1 11 15 18 19
33 48 -1 58 25 6 24
4 5 -1 11 15 18 19
34 49 -1 58 24 5 22
4 5 -1 11 15 18 19
35 50 -1 57 23 3 20
4 5 -1 11 15 18 19
35 50 -1 57 23 3 20
4 5 -1 11 15 17 19
37 52 -1 57 20 59 16
4 5 -1 11 15 17 19
38 54 -1 56 19 58 14
4 5 -1 11 15 17 19
40 55 -1 56 18 56 13
4 5 -1 11 15 17 19
41 56 -1 56 16 54 11
4 5 -1 11 15 17 19
42 57 -1 55 15 52 9
4 5 -1 11 15 17 19
43 58 -1 55 14 51 7
4 5 -1 11 15 17 19
44 59 -1 55 13 49 5
30






























1
По всем вопросам касающимся приложения обращайтесь по WhatsApp +79952867503
1
09.2026

      
	
