1
For advertising or questions send us e-mail kogdanamaz@gmail.com 
30
3 5 -1 12 17 19 22
45 54 -1 55 34 54 2
3 5 -1 12 17 19 21
48 56 -1 54 32 51 58
3 5 -1 12 17 19 21
52 58 -1 54 30 48 54
3 6 -1 12 17 19 21
55 1 -1 54 27 46 50
3 6 -1 12 17 19 21
58 3 -1 53 25 43 46
4 6 -1 12 17 19 21
2 5 -1 53 23 40 42
4 6 -1 12 17 19 21
5 7 -1 53 21 37 38
4 6 -1 12 17 19 21
8 9 -1 52 18 34 35
4 6 -1 12 17 19 21
11 11 -1 52 16 31 31
4 6 -1 12 17 19 21
14 14 -1 52 14 28 27
4 6 -1 12 17 19 21
17 16 -1 51 12 25 24
4 6 -1 12 17 19 21
20 18 -1 51 9 23 20
4 6 -1 12 17 19 21
23 20 -1 51 7 20 17
4 6 -1 12 17 19 21
25 22 -1 50 5 17 13
4 6 -1 12 17 19 21
28 25 -1 50 2 14 10
4 6 -1 12 17 19 21
31 27 -1 50 0 11 6
4 6 -1 12 16 19 21
34 29 -1 49 57 8 3
4 6 -1 12 16 19 20
36 31 -1 49 55 5 59
4 6 -1 12 16 19 20
39 33 -1 49 53 2 56
4 6 -1 12 16 18 20
42 36 -1 48 50 59 53
4 6 -1 12 16 18 20
44 38 -1 48 48 57 49
4 6 -1 12 16 18 20
47 40 -1 47 45 54 46
4 6 -1 12 16 18 20
50 42 -1 47 43 51 43
4 6 -1 12 16 18 20
52 44 -1 47 40 48 39
4 6 -1 12 16 18 20
55 47 -1 46 38 45 36
4 6 -1 12 16 18 20
57 49 -1 46 35 42 33
5 6 -1 12 16 18 20
0 51 -1 46 33 39 30
5 6 -1 12 16 18 20
2 53 -1 45 31 36 27
5 6 -1 12 16 18 20
5 55 -1 45 28 33 24
5 6 -1 12 16 18 20
7 58 -1 45 26 31 21
30






























1
По всем вопросам касающимся приложения обращайтесь по WhatsApp +79952867503
1
09.2026

      
	
