1
For advertising or questions send us e-mail kogdanamaz@gmail.com 
30
2 4 -1 12 16 18 20
15 37 -1 0 11 24 16
2 4 -1 12 16 18 20
18 39 -1 0 9 21 13
2 4 -1 12 16 18 20
21 41 -1 0 7 19 10
2 4 -1 12 16 18 20
24 43 -1 0 5 16 7
2 4 -1 12 16 18 20
27 45 -1 0 3 14 3
2 4 -1 12 16 18 20
30 47 -1 0 1 11 0
2 4 -1 12 15 18 19
33 49 -1 0 59 9 57
2 4 -1 12 15 18 19
36 51 -1 0 57 6 54
2 4 -1 12 15 18 19
38 53 -1 0 55 4 51
2 4 -1 12 15 18 19
41 54 -1 0 53 1 48
2 4 -1 12 15 17 19
44 56 -1 0 51 58 45
2 4 -1 12 15 17 19
46 58 -1 0 49 56 41
2 5 -1 12 15 17 19
49 0 -1 0 47 53 38
2 5 -1 12 15 17 19
52 2 -1 0 44 51 35
2 5 -1 12 15 17 19
54 4 -1 0 42 48 32
2 5 -1 12 15 17 19
57 6 -1 0 40 45 29
2 5 -1 12 15 17 19
59 8 -1 0 38 43 26
3 5 -1 12 15 17 19
2 10 -1 0 36 40 23
3 5 -1 12 15 17 19
4 11 -1 0 34 38 20
3 5 -1 12 15 17 19
7 13 -1 0 31 35 18
3 5 -1 12 15 17 19
9 15 -1 0 29 32 15
3 5 -1 12 15 17 19
11 17 -1 0 27 30 12
3 5 -1 12 15 17 19
14 19 -1 0 25 27 9
3 5 -1 12 15 17 19
16 21 -1 0 23 25 6
3 5 -1 12 15 17 19
18 23 -1 0 20 22 3
3 5 -1 12 15 17 19
20 25 -1 0 18 20 0
3 5 -1 12 15 17 18
23 27 -1 0 16 17 58
3 5 -1 12 15 17 18
25 29 -1 0 14 14 55
3 5 -1 12 15 17 18
27 30 -1 0 12 12 52
3 5 -1 12 15 17 18
29 32 -1 0 9 9 50
30






























1
По всем вопросам касающимся приложения обращайтесь по WhatsApp +79952867503
1
09.2026

      
	
