1
For advertising or questions send us e-mail kogdanamaz@gmail.com 
30
2 4 -1 12 16 18 20
26 44 -1 0 16 27 16
2 4 -1 12 16 18 20
29 46 -1 0 14 25 13
2 4 -1 12 16 18 20
32 48 -1 0 12 22 10
2 4 -1 12 16 18 20
35 49 -1 0 10 20 7
2 4 -1 12 16 18 20
37 51 -1 0 8 17 4
2 4 -1 12 16 18 20
40 53 -1 0 6 15 1
2 4 -1 12 16 18 19
43 55 -1 0 4 12 58
2 4 -1 12 16 18 19
45 57 -1 0 2 10 55
2 4 -1 12 16 18 19
48 58 -1 0 0 7 52
2 5 -1 12 15 18 19
51 0 -1 0 58 5 49
2 5 -1 12 15 18 19
53 2 -1 0 56 2 46
2 5 -1 12 15 18 19
56 4 -1 0 54 0 43
2 5 -1 12 15 17 19
58 6 -1 0 52 57 40
3 5 -1 12 15 17 19
1 8 -1 0 50 55 37
3 5 -1 12 15 17 19
3 9 -1 0 48 52 34
3 5 -1 12 15 17 19
5 11 -1 0 46 50 31
3 5 -1 12 15 17 19
8 13 -1 0 44 47 28
3 5 -1 12 15 17 19
10 15 -1 0 42 45 25
3 5 -1 12 15 17 19
12 17 -1 0 39 42 23
3 5 -1 12 15 17 19
15 18 -1 0 37 40 20
3 5 -1 12 15 17 19
17 20 -1 0 35 37 17
3 5 -1 12 15 17 19
19 22 -1 0 33 35 14
3 5 -1 12 15 17 19
21 24 -1 0 31 32 11
3 5 -1 12 15 17 19
24 26 -1 0 29 30 9
3 5 -1 12 15 17 19
26 28 -1 0 27 27 6
3 5 -1 12 15 17 19
28 29 -1 0 24 24 3
3 5 -1 12 15 17 19
30 31 -1 0 22 22 1
3 5 -1 12 15 17 18
32 33 -1 0 20 19 58
3 5 -1 12 15 17 18
34 35 -1 0 18 17 55
3 5 -1 12 15 17 18
36 37 -1 0 16 14 53
30






























1
По всем вопросам касающимся приложения обращайтесь по WhatsApp +79952867503
1
09.2026

      
	
