1
For advertising or questions send us e-mail kogdanamaz@gmail.com 
30
3 5 -1 12 15 18 20
45 15 -1 15 40 34 12
3 5 -1 12 15 18 20
45 16 -1 15 39 32 10
3 5 -1 12 15 18 20
45 17 -1 15 38 30 7
3 5 -1 12 15 18 20
46 18 -1 15 37 29 4
3 5 -1 12 15 18 20
46 19 -1 15 36 27 1
3 5 -1 12 15 18 19
47 20 -1 15 35 25 58
3 5 -1 12 15 18 19
48 21 -1 15 34 23 55
3 5 -1 12 15 18 19
48 23 -1 15 33 21 52
3 5 -1 12 15 18 19
49 24 -1 15 32 20 49
3 5 -1 12 15 18 19
49 25 -1 15 31 18 47
3 5 -1 12 15 18 19
50 26 -1 15 30 16 46
3 5 -1 12 15 18 19
50 27 -1 15 28 14 44
3 5 -1 12 15 18 19
51 28 -1 15 27 12 42
3 5 -1 12 15 18 19
55 29 -1 15 26 11 41
3 5 -1 12 15 18 19
56 30 -1 15 25 9 39
3 5 -1 12 15 18 19
57 31 -1 15 24 7 37
4 5 -1 12 15 18 19
0 32 -1 15 22 5 35
4 5 -1 12 15 18 19
1 34 -1 15 21 3 33
4 5 -1 12 15 18 19
2 35 -1 15 20 2 32
4 5 -1 12 15 18 19
3 36 -1 15 19 0 30
4 5 -1 12 15 17 19
4 37 -1 15 17 58 28
4 5 -1 12 15 17 19
8 38 -1 15 16 56 26
4 5 -1 12 15 17 19
10 39 -1 15 15 54 24
4 5 -1 12 15 17 19
11 40 -1 15 14 53 23
4 5 -1 12 15 17 19
15 41 -1 15 12 51 21
4 5 -1 12 15 17 19
17 42 -1 15 11 49 19
4 5 -1 12 15 17 19
18 44 -1 15 10 47 17
4 5 -1 12 15 17 19
20 45 -1 15 9 45 15
4 5 -1 12 15 17 19
21 46 -1 15 7 44 14
4 5 -1 12 15 17 19
22 47 -1 15 6 42 12
30






























1
По всем вопросам касающимся приложения обращайтесь по WhatsApp +79952867503
1
09.2026

      
	
