1
For advertising or questions send us e-mail kogdanamaz@gmail.com 
30
2 4 -1 12 16 18 20
30 52 -1 0 25 38 30
2 4 -1 12 16 18 20
33 54 -1 0 23 35 27
2 4 -1 12 16 18 20
36 55 -1 0 21 33 23
2 4 -1 12 16 18 20
39 57 -1 0 19 30 20
2 4 -1 12 16 18 20
42 59 -1 0 17 28 17
2 5 -1 12 16 18 20
45 1 -1 0 15 25 14
2 5 -1 12 16 18 20
47 3 -1 0 13 23 11
2 5 -1 12 16 18 20
50 5 -1 0 11 20 7
2 5 -1 12 16 18 20
53 7 -1 0 9 17 4
2 5 -1 12 16 18 20
56 9 -1 0 7 15 1
2 5 -1 12 16 18 19
58 10 -1 0 5 12 58
3 5 -1 12 16 18 19
1 12 -1 0 3 10 55
3 5 -1 12 16 18 19
4 14 -1 0 1 7 52
3 5 -1 12 15 18 19
6 16 -1 0 58 5 49
3 5 -1 12 15 18 19
9 18 -1 0 56 2 46
3 5 -1 12 15 17 19
11 20 -1 0 54 59 43
3 5 -1 12 15 17 19
14 22 -1 0 52 57 40
3 5 -1 12 15 17 19
16 24 -1 0 50 54 37
3 5 -1 12 15 17 19
19 25 -1 0 48 52 34
3 5 -1 12 15 17 19
21 27 -1 0 46 49 31
3 5 -1 12 15 17 19
23 29 -1 0 43 46 28
3 5 -1 12 15 17 19
26 31 -1 0 41 44 26
3 5 -1 12 15 17 19
28 33 -1 0 39 41 23
3 5 -1 12 15 17 19
30 35 -1 0 37 39 20
3 5 -1 12 15 17 19
32 37 -1 0 35 36 17
3 5 -1 12 15 17 19
35 39 -1 0 32 34 14
3 5 -1 12 15 17 19
37 41 -1 0 30 31 11
3 5 -1 12 15 17 19
39 43 -1 0 28 28 9
3 5 -1 12 15 17 19
41 44 -1 0 26 26 6
3 5 -1 12 15 17 19
44 46 -1 0 23 23 3
30






























1
По всем вопросам касающимся приложения обращайтесь по WhatsApp +79952867503
1
09.2026

      
	
