1
For advertising or questions send us e-mail kogdanamaz@gmail.com 
31
4 5 -1 12 15 17 19
32 50 -1 15 28 55 35
4 5 -1 12 15 17 19
34 51 -1 15 28 52 32
4 5 -1 12 15 17 19
35 52 -1 15 27 50 30
4 5 -1 12 15 17 19
35 54 -1 15 27 47 29
4 5 -1 12 15 17 19
35 55 -1 15 26 45 28
4 5 -1 12 15 17 19
36 56 -1 15 24 42 26
4 5 -1 12 15 17 19
38 57 -1 15 22 40 25
4 5 -1 12 15 17 19
40 58 -1 15 22 38 23
4 5 -1 12 15 17 19
42 59 -1 15 21 37 22
4 6 -1 12 15 17 19
45 0 -1 15 20 37 20
4 6 -1 12 15 17 19
48 1 -1 15 18 37 19
4 6 -1 12 15 17 19
49 3 -1 15 17 36 18
4 6 -1 12 15 17 19
51 4 -1 15 16 35 17
4 6 -1 12 15 17 19
52 5 -1 15 16 33 14
4 6 -1 12 15 17 19
53 6 -1 15 15 32 12
4 6 -1 12 15 17 19
55 7 -1 15 15 31 11
4 6 -1 12 15 17 19
57 9 -1 15 14 30 10
4 6 -1 12 15 17 19
58 10 -1 15 13 27 7
4 6 -1 12 15 17 19
59 11 -1 15 12 25 5
4 6 -1 12 15 17 19
59 12 -1 15 11 25 4
4 6 -1 12 15 17 19
59 13 -1 15 10 25 3
4 6 -1 12 15 17 19
59 13 -1 15 9 22 2
5 6 -1 12 15 17 19
0 16 -1 15 8 20 1
5 6 -1 12 15 17 19
0 17 -1 15 7 17 1
5 6 -1 12 15 17 19
0 18 -1 15 5 15 0
5 6 -1 12 15 17 18
0 19 -1 15 5 12 55
5 6 -1 12 15 17 18
0 21 -1 15 4 10 50
5 6 -1 12 15 17 18
0 22 -1 15 3 10 50
5 6 -1 12 15 17 18
0 23 -1 15 2 9 50
5 6 -1 12 15 17 18
0 24 -1 15 2 7 49
5 6 -1 12 15 17 18
0 26 -1 15 1 5 49
31































1
По всем вопросам касающимся приложения обращайтесь по WhatsApp +79952867503
1
10.2026

      
	
