1
For advertising or questions send us e-mail kogdanamaz@gmail.com 
30
4 5 -1 12 16 18 20
10 40 -1 20 5 35 25
4 5 -1 12 16 18 20
11 41 -1 20 3 33 23
4 5 -1 12 16 18 20
12 42 -1 20 1 31 21
4 5 -1 12 15 18 20
13 43 -1 20 59 29 19
4 5 -1 12 15 18 20
14 44 -1 20 57 27 17
4 5 -1 12 15 18 20
15 45 -1 20 57 26 16
4 5 -1 12 15 18 20
16 46 -1 20 56 25 15
4 5 -1 12 15 18 20
17 47 -1 20 55 23 13
4 5 -1 12 15 18 20
18 48 -1 20 54 21 11
4 5 -1 12 15 18 20
19 49 -1 20 54 19 9
4 5 -1 12 15 18 20
21 51 -1 20 53 18 8
4 5 -1 12 15 18 20
22 52 -1 20 52 17 7
4 5 -1 12 15 18 20
23 53 -1 20 51 16 6
4 5 -1 12 15 18 20
24 54 -1 20 51 15 5
4 5 -1 12 15 18 20
25 55 -1 20 50 13 3
4 5 -1 12 15 18 20
25 55 -1 20 50 12 2
4 5 -1 12 15 18 20
26 56 -1 20 49 11 1
4 5 -1 12 15 18 20
27 57 -1 20 49 10 0
4 5 -1 12 15 18 19
28 58 -1 20 48 8 58
4 5 -1 12 15 18 19
28 58 -1 20 48 6 56
4 5 -1 12 15 18 19
29 59 -1 20 47 4 54
4 5 -1 12 15 18 19
29 59 -1 20 47 2 52
4 6 -1 12 15 18 19
30 0 -1 20 46 0 50
4 6 -1 12 15 17 19
31 1 -1 20 45 57 47
4 6 -1 12 15 17 19
32 2 -1 20 44 54 44
4 6 -1 12 15 17 19
34 4 -1 20 44 53 43
4 6 -1 12 15 17 19
36 6 -1 20 43 51 41
4 6 -1 12 15 17 19
37 7 -1 20 42 49 39
4 6 -1 12 15 17 19
38 8 -1 20 41 47 37
4 6 -1 12 15 17 19
39 9 -1 20 40 45 35
30






























1
По всем вопросам касающимся приложения обращайтесь по WhatsApp +79952867503
1
09.2026

      
	
