1
For advertising or questions send us e-mail kogdanamaz@gmail.com 
30
2 4 -1 12 16 18 20
3 28 -1 0 3 17 11
2 4 -1 12 16 18 20
7 30 -1 0 1 14 7
2 4 -1 12 15 18 20
10 32 -1 0 59 12 4
2 4 -1 12 15 18 20
13 34 -1 0 57 9 1
2 4 -1 12 15 18 19
16 36 -1 0 55 6 57
2 4 -1 12 15 18 19
19 38 -1 0 53 4 54
2 4 -1 12 15 18 19
22 40 -1 0 51 1 51
2 4 -1 12 15 17 19
25 42 -1 0 49 59 48
2 4 -1 12 15 17 19
28 44 -1 0 46 56 45
2 4 -1 12 15 17 19
30 46 -1 0 44 53 41
2 4 -1 12 15 17 19
33 48 -1 0 42 51 38
2 4 -1 12 15 17 19
36 50 -1 0 40 48 35
2 4 -1 12 15 17 19
39 51 -1 0 38 45 32
2 4 -1 12 15 17 19
41 53 -1 0 36 43 29
2 4 -1 12 15 17 19
44 55 -1 0 34 40 26
2 4 -1 12 15 17 19
46 57 -1 0 31 38 23
2 4 -1 12 15 17 19
49 59 -1 0 29 35 20
2 5 -1 12 15 17 19
52 1 -1 0 27 32 17
2 5 -1 12 15 17 19
54 3 -1 0 25 30 14
2 5 -1 12 15 17 19
57 5 -1 0 23 27 11
2 5 -1 12 15 17 19
59 7 -1 0 20 24 8
3 5 -1 12 15 17 19
1 9 -1 0 18 22 5
3 5 -1 12 15 17 19
4 11 -1 0 16 19 2
3 5 -1 12 15 17 18
6 13 -1 0 14 17 59
3 5 -1 12 15 17 18
8 15 -1 0 12 14 56
3 5 -1 12 15 17 18
11 17 -1 0 9 11 53
3 5 -1 12 15 17 18
13 19 -1 0 7 9 51
3 5 -1 12 15 17 18
15 20 -1 0 5 6 48
3 5 -1 12 15 17 18
18 22 -1 0 3 3 45
3 5 -1 12 15 17 18
20 24 -1 0 0 1 42
30






























1
По всем вопросам касающимся приложения обращайтесь по WhatsApp +79952867503
1
09.2026

      
	
