1
For advertising or questions send us e-mail kogdanamaz@gmail.com 
31
4 6 -1 12 16 18 19
31 11 -1 8 9 9 39
4 6 -1 12 16 18 19
32 12 -1 7 7 7 37
4 6 -1 12 16 18 19
33 13 -1 7 5 5 35
4 6 -1 12 16 18 19
34 14 -1 7 4 4 34
4 6 -1 12 16 18 19
35 15 -1 7 2 2 32
4 6 -1 12 15 17 19
36 16 -1 6 59 59 29
4 6 -1 12 15 17 19
37 17 -1 6 57 57 27
4 6 -1 12 15 17 19
38 18 -1 6 56 56 26
4 6 -1 12 15 17 19
39 19 -1 6 54 54 24
4 6 -1 12 15 17 19
40 20 -1 5 52 52 22
4 6 -1 12 15 17 19
42 22 -1 5 51 51 21
4 6 -1 12 15 17 19
43 23 -1 5 49 49 19
4 6 -1 12 15 17 19
44 24 -1 5 47 47 17
4 6 -1 12 15 17 19
45 25 -1 5 46 46 16
4 6 -1 12 15 17 19
46 26 -1 4 44 44 14
4 6 -1 12 15 17 19
47 27 -1 4 43 43 13
4 6 -1 12 15 17 19
48 28 -1 4 41 41 11
4 6 -1 12 15 17 19
50 30 -1 4 40 40 10
4 6 -1 12 15 17 19
51 31 -1 4 38 38 8
4 6 -1 12 15 17 19
52 32 -1 4 37 37 7
4 6 -1 12 15 17 19
53 33 -1 4 35 35 5
4 6 -1 12 15 17 19
54 34 -1 4 34 34 4
4 6 -1 12 15 17 19
55 35 -1 3 32 32 2
4 6 -1 12 15 17 19
57 37 -1 3 31 31 1
4 6 -1 12 15 17 19
58 38 -1 3 30 30 0
4 6 -1 12 15 17 18
59 39 -1 3 28 28 58
5 6 -1 12 15 17 18
0 40 -1 3 27 27 57
5 6 -1 12 15 17 18
1 41 -1 3 26 26 56
5 6 -1 12 15 17 18
2 42 -1 3 24 24 54
5 6 -1 12 15 17 18
4 44 -1 3 23 23 53
5 6 -1 12 15 17 18
5 45 -1 2 22 22 52
31































1
По всем вопросам касающимся приложения обращайтесь по WhatsApp +79952867503
1
10.2026

      
	