1
For advertising or questions send us e-mail kogdanamaz@gmail.com 
31
4 6 -1 12 16 18 19
40 19 -1 12 33 13 43
4 6 -1 12 16 18 19
41 20 -1 11 31 11 41
4 6 -1 12 16 18 19
42 21 -1 11 29 9 39
4 6 -1 12 16 18 19
43 22 -1 11 28 8 38
4 6 -1 12 16 18 19
44 23 -1 11 26 6 36
4 6 -1 12 16 18 19
45 24 -1 10 23 3 33
4 6 -1 12 16 18 19
46 25 -1 10 21 1 31
4 6 -1 12 16 18 19
47 26 -1 10 20 0 30
4 6 -1 12 16 17 19
48 27 -1 10 18 58 28
4 6 -1 12 16 17 19
49 28 -1 9 16 56 26
4 6 -1 12 16 17 19
51 30 -1 9 15 55 25
4 6 -1 12 16 17 19
52 31 -1 9 13 53 23
4 6 -1 12 16 17 19
53 32 -1 9 11 51 21
4 6 -1 12 16 17 19
54 33 -1 9 10 50 20
4 6 -1 12 16 17 19
55 34 -1 8 8 48 18
4 6 -1 12 16 17 19
56 35 -1 8 7 47 17
4 6 -1 12 16 17 19
57 36 -1 8 5 45 15
4 6 -1 12 16 17 19
59 38 -1 8 4 44 14
5 6 -1 12 16 17 19
0 39 -1 8 2 42 12
5 6 -1 12 16 17 19
1 40 -1 8 1 41 11
5 6 -1 12 15 17 19
2 41 -1 8 59 39 9
5 6 -1 12 15 17 19
3 42 -1 8 58 38 8
5 6 -1 12 15 17 19
4 43 -1 7 56 36 6
5 6 -1 12 15 17 19
6 45 -1 7 55 35 5
5 6 -1 12 15 17 19
7 46 -1 7 54 34 4
5 6 -1 12 15 17 19
8 47 -1 7 52 32 2
5 6 -1 12 15 17 19
9 48 -1 7 51 31 1
5 6 -1 12 15 17 19
10 49 -1 7 50 30 0
5 6 -1 12 15 17 18
11 50 -1 7 48 28 58
5 6 -1 12 15 17 18
13 52 -1 7 47 27 57
5 6 -1 12 15 17 18
14 53 -1 6 46 26 56
31































1
По всем вопросам касающимся приложения обращайтесь по WhatsApp +79952867503
1
10.2026

      
	
