1
For advertising or questions send us e-mail kogdanamaz@gmail.com 
30
3 5 -1 11 15 18 20
39 15 -1 58 39 32 7
3 5 -1 11 15 18 20
40 16 -1 58 38 30 5
3 5 -1 11 15 18 20
41 17 -1 58 37 29 3
3 5 -1 11 15 18 20
43 18 -1 57 36 27 1
3 5 -1 11 15 18 19
44 19 -1 57 35 25 59
3 5 -1 11 15 18 19
46 20 -1 57 34 24 57
3 5 -1 11 15 18 19
47 21 -1 56 33 22 55
3 5 -1 11 15 18 19
48 22 -1 56 32 20 53
3 5 -1 11 15 18 19
50 23 -1 56 31 18 51
3 5 -1 11 15 18 19
51 24 -1 55 30 17 49
3 5 -1 11 15 18 19
52 25 -1 55 29 15 47
3 5 -1 11 15 18 19
53 26 -1 55 28 13 45
3 5 -1 11 15 18 19
55 27 -1 54 27 11 43
3 5 -1 11 15 18 19
56 28 -1 54 25 10 41
3 5 -1 11 15 18 19
57 29 -1 54 24 8 39
3 5 -1 11 15 18 19
59 31 -1 53 23 6 37
4 5 -1 11 15 18 19
0 32 -1 53 22 4 35
4 5 -1 11 15 18 19
1 33 -1 52 21 3 33
4 5 -1 11 15 18 19
2 34 -1 52 20 1 31
4 5 -1 11 15 17 19
4 35 -1 52 18 59 29
4 5 -1 11 15 17 19
5 36 -1 51 17 57 27
4 5 -1 11 15 17 19
6 37 -1 51 16 56 25
4 5 -1 11 15 17 19
7 38 -1 51 15 54 23
4 5 -1 11 15 17 19
8 39 -1 50 14 52 22
4 5 -1 11 15 17 19
10 40 -1 50 12 50 20
4 5 -1 11 15 17 19
11 41 -1 50 11 48 18
4 5 -1 11 15 17 19
12 42 -1 49 10 47 16
4 5 -1 11 15 17 19
13 43 -1 49 9 45 14
4 5 -1 11 15 17 19
14 44 -1 49 7 43 12
3 5 -1 11 15 18 20
38 15 -1 58 40 32 7
30






























1
По всем вопросам касающимся приложения обращайтесь по WhatsApp +79952867503
1
09.2026

      
	
