1
For advertising or questions send us e-mail kogdanamaz@gmail.com 
30
3 5 -1 11 15 18 19
31 11 -1 50 31 23 58
3 5 -1 11 15 18 19
32 12 -1 49 30 22 56
3 5 -1 11 15 18 19
34 13 -1 49 29 20 54
3 5 -1 11 15 18 19
35 14 -1 49 28 18 52
3 5 -1 11 15 18 19
36 15 -1 48 27 17 50
3 5 -1 11 15 18 19
38 16 -1 48 26 15 48
3 5 -1 11 15 18 19
39 17 -1 48 25 13 46
3 5 -1 11 15 18 19
40 18 -1 47 24 11 44
3 5 -1 11 15 18 19
42 19 -1 47 23 10 42
3 5 -1 11 15 18 19
43 20 -1 46 22 8 40
3 5 -1 11 15 18 19
44 21 -1 46 20 6 38
3 5 -1 11 15 18 19
46 23 -1 46 19 4 36
3 5 -1 11 15 18 19
47 24 -1 45 18 3 34
3 5 -1 11 15 18 19
48 25 -1 45 17 1 32
3 5 -1 11 15 17 19
50 26 -1 45 16 59 30
3 5 -1 11 15 17 19
51 27 -1 44 15 57 28
3 5 -1 11 15 17 19
52 28 -1 44 14 56 26
3 5 -1 11 15 17 19
53 29 -1 44 12 54 24
3 5 -1 11 15 17 19
55 30 -1 43 11 52 22
3 5 -1 11 15 17 19
56 31 -1 43 10 50 20
3 5 -1 11 15 17 19
57 32 -1 43 9 48 18
3 5 -1 11 15 17 19
58 33 -1 42 7 47 17
3 5 -1 11 15 17 19
59 34 -1 42 6 45 15
4 5 -1 11 15 17 19
1 35 -1 42 5 43 13
4 5 -1 11 15 17 19
2 36 -1 41 4 41 11
4 5 -1 11 15 17 19
3 37 -1 41 3 40 9
4 5 -1 11 15 17 19
4 38 -1 40 1 38 7
4 5 -1 11 15 17 19
5 40 -1 40 0 36 5
4 5 -1 11 14 17 19
7 41 -1 40 59 34 4
3 5 -1 11 15 18 20
29 10 -1 50 32 25 0
30






























1
По всем вопросам касающимся приложения обращайтесь по WhatsApp +79952867503
1
09.2026

      
	
