1
For advertising or questions send us e-mail kogdanamaz@gmail.com 
30
3 5 -1 11 15 18 20
30 11 -1 52 34 33 2
3 5 -1 11 15 18 20
32 13 -1 52 33 31 1
3 5 -1 11 15 18 19
33 14 -1 52 32 30 59
3 5 -1 11 15 18 19
35 15 -1 51 31 28 57
3 5 -1 11 15 18 19
36 16 -1 51 30 26 55
3 5 -1 11 15 18 19
37 17 -1 50 29 24 53
3 5 -1 11 15 18 19
38 18 -1 50 28 22 51
3 5 -1 11 15 18 19
40 19 -1 50 27 20 49
3 5 -1 11 15 18 19
41 20 -1 50 26 19 47
3 5 -1 11 15 18 19
43 21 -1 49 25 17 45
3 5 -1 11 15 18 19
44 22 -1 49 24 16 43
3 5 -1 11 15 18 19
46 24 -1 49 23 13 40
3 5 -1 11 15 18 19
47 25 -1 49 22 11 38
3 5 -1 11 15 18 19
49 27 -1 48 20 9 35
3 5 -1 11 15 18 19
50 28 -1 48 19 7 33
3 5 -1 11 15 18 19
52 29 -1 47 18 5 30
3 5 -1 11 15 18 19
53 30 -1 47 17 3 29
3 5 -1 11 15 18 19
54 31 -1 46 15 1 27
3 5 -1 11 15 17 19
55 32 -1 46 14 59 25
3 5 -1 11 15 17 19
56 33 -1 45 12 57 23
3 5 -1 11 15 17 19
57 34 -1 45 12 56 21
3 5 -1 11 15 17 19
59 35 -1 45 11 55 19
4 5 -1 11 15 17 19
0 36 -1 45 10 53 18
4 5 -1 11 15 17 19
1 37 -1 44 8 51 16
4 5 -1 11 15 17 19
2 38 -1 44 7 49 14
4 5 -1 11 15 17 19
4 39 -1 43 5 47 12
4 5 -1 11 15 17 19
5 40 -1 43 4 46 11
4 5 -1 11 15 17 19
6 42 -1 43 3 44 9
4 5 -1 11 15 17 19
7 43 -1 43 2 43 7
4 5 -1 11 15 17 19
8 44 -1 42 0 41 5
30






























1
По всем вопросам касающимся приложения обращайтесь по WhatsApp +79952867503
1
09.2026

      
	
