1
For advertising or questions send us e-mail kogdanamaz@gmail.com 
30
4 6 -1 13 16 19 21
34 7 -1 15 53 36 11
4 6 -1 13 16 19 21
36 8 -1 15 53 34 9
4 6 -1 13 16 19 21
37 9 -1 15 53 32 7
4 6 -1 13 16 19 21
39 10 -1 15 52 31 6
4 6 -1 13 16 19 21
41 11 -1 15 52 30 5
4 6 -1 13 16 19 21
43 12 -1 15 52 28 3
4 6 -1 13 16 19 21
45 14 -1 15 52 26 1
4 6 -1 13 16 19 20
47 15 -1 15 51 24 59
4 6 -1 13 16 19 20
48 16 -1 15 51 21 56
4 6 -1 13 16 19 20
50 17 -1 15 50 19 54
4 6 -1 13 16 19 20
51 19 -1 15 50 17 52
4 6 -1 13 16 19 20
53 20 -1 15 49 15 50
4 6 -1 13 16 19 20
54 21 -1 15 49 13 48
4 6 -1 13 16 19 20
56 22 -1 15 48 11 46
4 6 -1 13 16 19 20
57 23 -1 15 48 9 44
4 6 -1 13 16 19 20
58 25 -1 15 47 7 42
5 6 -1 13 16 19 20
0 26 -1 15 47 5 40
5 6 -1 13 16 19 20
1 28 -1 15 46 3 38
5 6 -1 13 16 19 20
2 29 -1 15 46 1 36
5 6 -1 13 16 18 20
4 30 -1 15 45 58 33
5 6 -1 13 16 18 20
5 32 -1 15 44 56 31
5 6 -1 13 16 18 20
6 33 -1 15 43 54 29
5 6 -1 13 16 18 20
7 34 -1 15 42 52 27
5 6 -1 13 16 18 20
9 35 -1 15 41 50 25
5 6 -1 13 16 18 20
10 36 -1 15 39 48 23
5 6 -1 13 16 18 20
11 38 -1 15 38 46 21
5 6 -1 13 16 18 20
13 39 -1 15 37 44 19
5 6 -1 13 16 18 20
15 40 -1 15 36 42 17
5 6 -1 13 16 18 20
16 41 -1 15 35 40 15
5 6 -1 13 16 18 20
18 43 -1 15 35 38 13
30






























1
По всем вопросам касающимся приложения обращайтесь по WhatsApp +79952867503
1
09.2026

      
	
