1
For advertising or questions send us e-mail kogdanamaz@gmail.com 
30
3 5 -1 12 15 18 20
38 23 -1 5 47 41 21
3 5 -1 12 15 18 20
40 25 -1 4 46 40 19
3 5 -1 12 15 18 20
41 26 -1 4 45 38 17
3 5 -1 12 15 18 20
43 27 -1 4 44 36 14
3 5 -1 12 15 18 20
44 28 -1 3 43 34 12
3 5 -1 12 15 18 20
46 29 -1 3 41 32 10
3 5 -1 12 15 18 20
47 30 -1 3 40 30 8
3 5 -1 12 15 18 20
49 32 -1 2 39 29 6
3 5 -1 12 15 18 20
50 33 -1 2 38 27 4
3 5 -1 12 15 18 20
52 34 -1 2 37 25 1
3 5 -1 12 15 18 19
53 35 -1 1 36 23 59
3 5 -1 12 15 18 19
55 36 -1 1 34 21 57
3 5 -1 12 15 18 19
56 37 -1 1 33 19 55
3 5 -1 12 15 18 19
58 39 -1 0 32 17 53
3 5 -1 12 15 18 19
59 40 -1 0 31 15 51
4 5 -1 12 15 18 19
1 41 -1 0 29 13 49
4 5 -1 11 15 18 19
2 42 -1 59 28 12 46
4 5 -1 11 15 18 19
3 43 -1 59 27 10 44
4 5 -1 11 15 18 19
5 45 -1 59 25 8 42
4 5 -1 11 15 18 19
6 46 -1 58 24 6 40
4 5 -1 11 15 18 19
8 47 -1 58 23 4 38
4 5 -1 11 15 18 19
9 48 -1 57 21 2 36
4 5 -1 11 15 18 19
10 49 -1 57 20 0 34
4 5 -1 11 15 17 19
12 50 -1 57 19 58 32
4 5 -1 11 15 17 19
13 52 -1 56 17 56 30
4 5 -1 11 15 17 19
14 53 -1 56 16 55 28
4 5 -1 11 15 17 19
16 54 -1 56 15 53 26
4 5 -1 11 15 17 19
17 55 -1 55 13 51 24
4 5 -1 11 15 17 19
18 57 -1 55 12 49 22
4 5 -1 11 15 17 19
20 58 -1 55 11 47 20
30






























1
По всем вопросам касающимся приложения обращайтесь по WhatsApp +79952867503
1
09.2026

      
	
