1
For advertising or questions send us e-mail kogdanamaz@gmail.com 
30
5 6 -1 13 18 20 21
3 38 -1 35 15 20 55
5 6 -1 13 18 20 21
5 39 -1 34 13 18 52
5 6 -1 13 18 20 21
7 41 -1 34 11 16 49
5 6 -1 13 18 20 21
9 43 -1 34 9 14 47
5 6 -1 13 18 20 21
11 44 -1 33 8 12 44
5 6 -1 13 18 20 21
13 46 -1 33 6 9 41
5 6 -1 13 18 20 21
15 47 -1 33 4 7 39
5 6 -1 13 18 20 21
17 49 -1 32 2 5 36
5 6 -1 13 18 20 21
19 50 -1 32 0 3 33
5 6 -1 13 17 20 21
21 52 -1 32 59 0 31
5 6 -1 13 17 19 21
23 53 -1 31 57 58 28
5 6 -1 13 17 19 21
25 55 -1 31 55 56 25
5 6 -1 13 17 19 21
27 57 -1 31 53 54 23
5 6 -1 13 17 19 21
29 58 -1 30 51 51 20
5 7 -1 13 17 19 21
31 0 -1 30 49 49 18
5 7 -1 13 17 19 21
33 1 -1 29 47 47 15
5 7 -1 13 17 19 21
34 3 -1 29 46 44 13
5 7 -1 13 17 19 21
36 4 -1 29 44 42 10
5 7 -1 13 17 19 21
38 6 -1 28 42 40 8
5 7 -1 13 17 19 21
40 8 -1 28 40 38 5
5 7 -1 13 17 19 21
42 9 -1 28 38 35 3
5 7 -1 13 17 19 21
43 11 -1 27 36 33 0
5 7 -1 13 17 19 20
45 12 -1 27 34 31 58
5 7 -1 13 17 19 20
47 14 -1 27 32 28 55
5 7 -1 13 17 19 20
49 15 -1 26 30 26 53
5 7 -1 13 17 19 20
50 17 -1 26 28 24 50
5 7 -1 13 17 19 20
52 19 -1 26 26 22 48
5 7 -1 13 17 19 20
54 20 -1 25 24 19 46
5 7 -1 13 17 19 20
56 22 -1 25 22 17 43
5 7 -1 13 17 19 20
57 23 -1 25 20 15 41
30






























1
По всем вопросам касающимся приложения обращайтесь по WhatsApp +79952867503
1
09.2026

      
	
