1
For advertising or questions send us e-mail kogdanamaz@gmail.com 
30
4 5 -1 12 16 19 21
1 40 -1 40 24 33 8
4 5 -1 12 16 19 21
3 42 -1 39 22 31 6
4 5 -1 12 16 19 21
5 44 -1 39 21 28 3
4 5 -1 12 16 19 21
7 46 -1 39 19 26 1
4 5 -1 12 16 19 20
9 48 -1 38 18 23 58
4 5 -1 12 16 19 20
11 50 -1 38 16 21 55
4 5 -1 12 16 19 20
13 52 -1 38 14 18 53
4 5 -1 12 16 19 20
15 53 -1 37 13 16 50
4 5 -1 12 16 19 20
17 55 -1 37 11 13 47
4 5 -1 12 16 19 20
19 57 -1 37 9 11 45
4 5 -1 12 16 19 20
21 59 -1 36 8 8 42
4 6 -1 12 16 19 20
22 1 -1 36 6 6 40
4 6 -1 12 16 19 20
24 3 -1 35 4 3 37
4 6 -1 12 16 19 20
26 4 -1 35 3 1 34
4 6 -1 12 16 18 20
28 6 -1 35 1 58 32
4 6 -1 12 15 18 20
30 8 -1 34 59 56 29
4 6 -1 12 15 18 20
32 10 -1 34 57 53 27
4 6 -1 12 15 18 20
34 12 -1 34 56 51 24
4 6 -1 12 15 18 20
36 14 -1 33 54 48 21
4 6 -1 12 15 18 20
37 15 -1 33 52 45 19
4 6 -1 12 15 18 20
39 17 -1 33 50 43 16
4 6 -1 12 15 18 20
41 19 -1 32 48 40 14
4 6 -1 12 15 18 20
43 21 -1 32 47 38 11
4 6 -1 12 15 18 20
45 23 -1 32 45 35 9
4 6 -1 12 15 18 20
47 25 -1 31 43 33 6
4 6 -1 12 15 18 20
48 27 -1 31 41 30 4
4 6 -1 12 15 18 20
50 28 -1 31 39 28 1
4 6 -1 12 15 18 19
52 30 -1 30 37 25 59
4 6 -1 12 15 18 19
54 32 -1 30 36 23 56
4 6 -1 12 15 18 19
56 34 -1 30 34 20 54
30






























1
По всем вопросам касающимся приложения обращайтесь по WhatsApp +79952867503
1
09.2026

      
	
