1
For advertising or questions send us e-mail kogdanamaz@gmail.com 
31
4 5 -1 11 15 17 18
19 48 -1 45 2 40 53
4 5 -1 11 15 17 18
20 49 -1 44 0 38 51
4 5 -1 11 14 17 18
21 50 -1 44 59 36 50
4 5 -1 11 14 17 18
23 51 -1 44 58 35 48
4 5 -1 11 14 17 18
24 52 -1 43 56 33 46
4 5 -1 11 14 17 18
25 54 -1 43 55 31 44
4 5 -1 11 14 17 18
26 55 -1 43 54 29 43
4 5 -1 11 14 17 18
27 56 -1 43 53 28 41
4 5 -1 11 14 17 18
28 57 -1 42 51 26 39
4 5 -1 11 14 17 18
30 58 -1 42 50 24 38
4 5 -1 11 14 17 18
31 59 -1 42 49 22 36
4 6 -1 11 14 17 18
32 1 -1 41 47 21 34
4 6 -1 11 14 17 18
33 2 -1 41 46 19 33
4 6 -1 11 14 17 18
34 3 -1 41 45 17 31
4 6 -1 11 14 17 18
35 4 -1 41 44 16 29
4 6 -1 11 14 17 18
37 5 -1 41 42 14 28
4 6 -1 11 14 17 18
38 6 -1 40 41 13 26
4 6 -1 11 14 17 18
39 8 -1 40 40 11 25
4 6 -1 11 14 17 18
40 9 -1 40 39 9 23
4 6 -1 11 14 17 18
41 10 -1 40 37 8 22
4 6 -1 11 14 17 18
42 11 -1 40 36 6 20
4 6 -1 11 14 17 18
43 13 -1 39 35 5 19
4 6 -1 11 14 17 18
45 14 -1 39 34 3 17
4 6 -1 11 14 17 18
46 15 -1 39 33 2 16
4 6 -1 11 14 17 18
47 16 -1 39 31 0 15
4 6 -1 11 14 16 18
48 18 -1 39 30 59 13
4 6 -1 11 14 16 18
49 19 -1 39 29 57 12
4 6 -1 11 14 16 18
50 20 -1 39 28 56 11
4 6 -1 11 14 16 18
51 21 -1 39 27 55 9
4 6 -1 11 14 16 18
52 23 -1 39 26 53 8
4 6 -1 11 14 16 18
54 24 -1 39 25 52 7
31































1
По всем вопросам касающимся приложения обращайтесь по WhatsApp +79952867503
1
10.2026

      
	