1
For advertising or questions send us e-mail kogdanamaz@gmail.com 
31
4 6 -1 12 16 18 19
40 20 -1 17 18 18 48
4 6 -1 12 16 18 19
41 21 -1 16 16 16 46
4 6 -1 12 16 18 19
42 22 -1 16 14 14 44
4 6 -1 12 16 18 19
43 23 -1 16 13 13 43
4 6 -1 12 16 18 19
44 24 -1 16 11 11 41
4 6 -1 12 16 18 19
45 25 -1 15 8 8 38
4 6 -1 12 16 18 19
46 26 -1 15 6 6 36
4 6 -1 12 16 18 19
47 27 -1 15 5 5 35
4 6 -1 12 16 18 19
48 28 -1 15 3 3 33
4 6 -1 12 16 18 19
49 29 -1 14 1 1 31
4 6 -1 12 16 18 19
51 31 -1 14 0 0 30
4 6 -1 12 15 17 19
52 32 -1 14 58 58 28
4 6 -1 12 15 17 19
53 33 -1 14 56 56 26
4 6 -1 12 15 17 19
54 34 -1 14 55 55 25
4 6 -1 12 15 17 19
55 35 -1 13 53 53 23
4 6 -1 12 15 17 19
56 36 -1 13 52 52 22
4 6 -1 12 15 17 19
57 37 -1 13 50 50 20
4 6 -1 12 15 17 19
59 39 -1 13 49 49 19
5 6 -1 12 15 17 19
0 40 -1 13 47 47 17
5 6 -1 12 15 17 19
1 41 -1 13 46 46 16
5 6 -1 12 15 17 19
2 42 -1 13 44 44 14
5 6 -1 12 15 17 19
3 43 -1 13 43 43 13
5 6 -1 12 15 17 19
4 44 -1 12 41 41 11
5 6 -1 12 15 17 19
6 46 -1 12 40 40 10
5 6 -1 12 15 17 19
7 47 -1 12 39 39 9
5 6 -1 12 15 17 19
8 48 -1 12 37 37 7
5 6 -1 12 15 17 19
9 49 -1 12 36 36 6
5 6 -1 12 15 17 19
10 50 -1 12 35 35 5
5 6 -1 12 15 17 19
11 51 -1 12 33 33 3
5 6 -1 12 15 17 19
13 53 -1 12 32 32 2
5 6 -1 12 15 17 19
14 54 -1 11 31 31 1
31































1
По всем вопросам касающимся приложения обращайтесь по WhatsApp +79952867503
1
10.2026

      
	
