1
For advertising or questions send us e-mail kogdanamaz@gmail.com 
31
4 5 -1 11 15 17 19
34 51 -1 48 51 42 10
4 5 -1 11 15 17 19
36 52 -1 47 49 40 8
4 5 -1 11 15 17 19
37 54 -1 47 48 38 6
4 5 -1 11 15 17 19
38 55 -1 47 46 37 4
4 5 -1 11 15 17 19
40 56 -1 46 44 35 2
4 5 -1 11 15 17 19
41 57 -1 46 43 33 0
4 5 -1 11 15 17 18
42 58 -1 46 41 31 59
4 6 -1 11 15 17 18
43 0 -1 46 40 29 57
4 6 -1 11 15 17 18
44 1 -1 45 38 28 55
4 6 -1 11 15 17 18
46 2 -1 45 36 26 53
4 6 -1 11 15 17 18
47 3 -1 45 35 24 52
4 6 -1 11 15 17 18
48 5 -1 45 33 22 50
4 6 -1 11 15 17 18
49 6 -1 44 32 21 48
4 6 -1 11 15 17 18
50 7 -1 44 30 19 46
4 6 -1 11 15 17 18
52 8 -1 44 29 17 45
4 6 -1 11 15 17 18
53 10 -1 44 27 15 43
4 6 -1 11 15 17 18
54 11 -1 43 25 14 41
4 6 -1 11 15 17 18
55 12 -1 43 24 12 40
4 6 -1 11 15 17 18
56 13 -1 43 22 10 38
4 6 -1 11 15 17 18
57 15 -1 43 21 9 37
4 6 -1 11 15 17 18
58 16 -1 43 19 7 35
4 6 -1 11 15 17 18
59 17 -1 42 18 6 34
5 6 -1 11 15 17 18
0 18 -1 42 16 4 32
5 6 -1 11 15 17 18
1 20 -1 42 15 2 31
5 6 -1 11 15 17 18
2 21 -1 42 14 1 29
5 6 -1 11 15 16 18
3 22 -1 42 12 59 28
5 6 -1 11 15 16 18
4 24 -1 42 11 58 26
5 6 -1 11 15 16 18
5 25 -1 42 9 56 25
5 6 -1 11 15 16 18
6 26 -1 42 8 55 24
5 6 -1 11 15 16 18
7 28 -1 42 7 53 22
5 6 -1 11 15 16 18
9 29 -1 42 5 52 21
31































1
По всем вопросам касающимся приложения обращайтесь по WhatsApp +79952867503
1
10.2026

      
	
