1
For advertising or questions send us e-mail kogdanamaz@gmail.com 
30
3 5 -1 11 15 18 19
41 15 -1 55 37 32 50
3 5 -1 11 15 18 19
43 16 -1 54 36 31 48
3 5 -1 11 15 18 19
44 17 -1 54 35 29 46
3 5 -1 11 15 18 19
45 18 -1 54 34 27 44
3 5 -1 11 15 18 19
47 20 -1 53 33 26 42
3 5 -1 11 15 18 19
48 21 -1 53 32 24 40
3 5 -1 11 15 18 19
49 22 -1 53 30 22 38
3 5 -1 11 15 18 19
51 23 -1 52 29 20 36
3 5 -1 11 15 18 19
52 24 -1 52 28 19 34
3 5 -1 11 15 18 19
53 25 -1 52 27 17 32
3 5 -1 11 15 18 19
55 26 -1 51 26 15 30
3 5 -1 11 15 18 19
56 27 -1 51 25 13 28
3 5 -1 11 15 18 19
57 28 -1 51 24 12 26
3 5 -1 11 15 18 19
59 29 -1 50 23 10 24
4 5 -1 11 15 18 19
0 30 -1 50 21 8 22
4 5 -1 11 15 18 19
1 31 -1 50 20 6 20
4 5 -1 11 15 18 19
2 32 -1 49 19 5 19
4 5 -1 11 15 18 19
4 33 -1 49 18 3 17
4 5 -1 11 15 18 19
5 34 -1 49 17 1 15
4 5 -1 11 15 17 19
6 35 -1 48 16 59 13
4 5 -1 11 15 17 19
7 37 -1 48 14 57 11
4 5 -1 11 15 17 19
9 38 -1 47 13 56 9
4 5 -1 11 15 17 19
10 39 -1 47 12 54 7
4 5 -1 11 15 17 19
11 40 -1 47 11 52 5
4 5 -1 11 15 17 19
12 41 -1 46 9 50 3
4 5 -1 11 15 17 19
13 42 -1 46 8 49 2
4 5 -1 11 15 17 19
15 43 -1 46 7 47 0
4 5 -1 11 15 17 18
16 44 -1 45 6 45 58
4 5 -1 11 15 17 18
17 45 -1 45 4 43 56
4 5 -1 11 15 17 18
18 46 -1 45 3 41 54
30






























1
По всем вопросам касающимся приложения обращайтесь по WhatsApp +79952867503
1
09.2026

      
	
