1
For advertising or questions send us e-mail kogdanamaz@gmail.com 
30
3 5 -1 11 15 18 20
41 14 -1 57 39 31 1
3 5 -1 11 15 18 20
42 15 -1 56 38 30 0
3 5 -1 11 15 18 19
44 17 -1 56 37 28 58
3 5 -1 11 15 18 19
45 18 -1 56 36 26 56
3 5 -1 11 15 18 19
47 19 -1 55 35 24 54
3 5 -1 11 15 18 19
48 20 -1 55 33 23 53
3 5 -1 11 15 18 19
49 21 -1 55 32 21 51
3 5 -1 11 15 18 19
51 22 -1 54 31 19 49
3 5 -1 11 15 18 19
52 23 -1 54 30 18 48
3 5 -1 11 15 18 19
53 24 -1 54 29 16 46
3 5 -1 11 15 18 19
55 25 -1 54 28 14 44
3 5 -1 11 15 18 19
56 26 -1 53 27 12 42
3 5 -1 11 15 18 19
57 27 -1 53 26 10 40
3 5 -1 11 15 18 19
58 28 -1 52 25 9 39
4 5 -1 11 15 18 19
0 29 -1 52 23 7 37
4 5 -1 11 15 18 19
1 30 -1 52 22 5 35
4 5 -1 11 15 18 19
2 31 -1 51 21 3 33
4 5 -1 11 15 18 19
4 32 -1 51 20 2 32
4 5 -1 11 15 18 19
5 33 -1 50 19 0 30
4 5 -1 11 15 17 19
6 34 -1 50 18 59 29
4 5 -1 11 15 17 19
7 36 -1 50 16 56 26
4 5 -1 11 15 17 19
9 37 -1 49 15 55 25
4 5 -1 11 15 17 19
10 38 -1 49 14 53 23
4 5 -1 11 15 17 19
11 39 -1 49 13 51 21
4 5 -1 11 15 17 19
12 40 -1 48 11 49 19
4 5 -1 11 15 17 19
13 41 -1 48 10 48 18
4 5 -1 11 15 17 19
15 42 -1 48 9 46 16
4 5 -1 11 15 17 19
16 43 -1 47 8 44 14
4 5 -1 11 15 17 19
17 44 -1 47 6 42 12
4 5 -1 11 15 17 19
18 45 -1 47 5 40 10
30






























1
По всем вопросам касающимся приложения обращайтесь по WhatsApp +79952867503
1
09.2026

      
	
