1
For advertising or questions send us e-mail kogdanamaz@gmail.com 
30
5 6 -1 13 18 20 21
2 32 -1 45 12 24 54
5 6 -1 13 18 20 21
4 34 -1 45 10 21 51
5 6 -1 13 18 20 21
6 36 -1 45 8 19 49
5 6 -1 13 18 20 21
6 37 -1 45 6 16 46
5 6 -1 13 18 20 21
9 39 -1 45 4 14 44
5 6 -1 13 18 20 21
11 41 -1 45 2 11 41
5 6 -1 13 18 20 21
13 43 -1 45 0 9 39
5 6 -1 13 17 20 21
14 44 -1 45 58 6 36
5 6 -1 13 17 20 21
16 46 -1 45 56 4 34
5 6 -1 13 17 20 21
18 48 -1 45 54 2 32
5 6 -1 13 17 19 21
20 50 -1 45 52 59 29
5 6 -1 13 17 19 21
21 51 -1 45 50 57 27
5 6 -1 13 17 19 21
23 53 -1 45 48 54 24
5 6 -1 13 17 19 21
25 55 -1 45 46 52 22
5 6 -1 13 17 19 21
27 57 -1 45 44 49 19
5 6 -1 13 17 19 21
28 58 -1 45 42 46 16
5 7 -1 13 17 19 21
30 0 -1 45 40 44 14
5 7 -1 13 17 19 21
32 2 -1 45 38 41 11
5 7 -1 13 17 19 21
34 4 -1 45 36 39 9
5 7 -1 13 17 19 21
36 6 -1 45 34 36 6
5 7 -1 13 17 19 21
37 7 -1 45 32 34 4
5 7 -1 13 17 19 21
39 9 -1 45 30 31 1
5 7 -1 13 17 19 20
41 11 -1 45 27 29 59
5 7 -1 13 17 19 20
43 13 -1 45 25 26 56
5 7 -1 13 17 19 20
44 14 -1 45 23 24 54
5 7 -1 13 17 19 20
46 16 -1 45 21 21 51
5 7 -1 13 17 19 20
48 18 -1 45 19 19 49
5 7 -1 13 17 19 20
50 20 -1 45 17 16 46
5 7 -1 13 17 19 20
52 22 -1 45 15 14 44
5 7 -1 13 17 19 20
53 23 -1 45 12 11 41
30






























1
По всем вопросам касающимся приложения обращайтесь по WhatsApp +79952867503
1
09.2026

      
	
