1
For advertising or questions send us e-mail kogdanamaz@gmail.com 
30
4 5 -1 12 15 18 19
16 36 -1 0 33 22 39
4 5 -1 12 15 18 19
17 37 -1 0 33 21 38
4 5 -1 11 15 18 19
18 38 -1 59 32 20 36
4 5 -1 11 15 18 19
18 38 -1 59 32 19 35
4 5 -1 11 15 18 19
19 39 -1 59 31 17 34
4 5 -1 11 15 18 19
20 39 -1 58 31 16 32
4 5 -1 11 15 18 19
20 40 -1 58 30 15 31
4 5 -1 11 15 18 19
21 40 -1 58 30 14 30
4 5 -1 11 15 18 19
22 41 -1 57 29 13 28
4 5 -1 11 15 18 19
22 41 -1 57 28 11 27
4 5 -1 11 15 18 19
23 42 -1 57 28 10 26
4 5 -1 11 15 18 19
24 42 -1 56 27 9 24
4 5 -1 11 15 18 19
24 43 -1 56 26 8 23
4 5 -1 11 15 18 19
25 43 -1 56 26 7 22
4 5 -1 11 15 18 19
25 44 -1 55 25 5 20
4 5 -1 11 15 18 19
26 44 -1 55 24 4 19
4 5 -1 11 15 18 19
27 45 -1 55 24 3 18
4 5 -1 11 15 18 19
27 45 -1 54 23 2 16
4 5 -1 11 15 18 19
28 46 -1 54 22 0 15
4 5 -1 11 15 17 19
28 46 -1 53 21 59 14
4 5 -1 11 15 17 19
29 47 -1 53 21 58 13
4 5 -1 11 15 17 19
30 47 -1 53 20 57 11
4 5 -1 11 15 17 19
30 48 -1 52 19 55 10
4 5 -1 11 15 17 19
31 49 -1 52 18 54 9
4 5 -1 11 15 17 19
31 49 -1 52 18 53 7
4 5 -1 11 15 17 19
32 50 -1 51 17 52 6
4 5 -1 11 15 17 19
33 50 -1 51 16 51 5
4 5 -1 11 15 17 19
33 51 -1 51 15 49 4
4 5 -1 11 15 17 19
34 51 -1 50 15 48 2
4 5 -1 11 15 17 19
34 52 -1 50 14 47 1
30






























1
По всем вопросам касающимся приложения обращайтесь по WhatsApp +79952867503
1
09.2026

      
	
