1
For advertising or questions send us e-mail kogdanamaz@gmail.com 
31
5 7 -1 13 17 19 20
52 32 -1 25 13 8 40
5 7 -1 13 17 19 20
54 33 -1 25 11 6 38
5 7 -1 13 17 19 20
56 35 -1 25 9 3 36
5 7 -1 13 17 19 20
58 37 -1 24 7 1 33
5 7 -1 13 17 18 20
59 38 -1 24 5 59 31
6 7 -1 13 17 18 20
1 40 -1 24 3 56 29
6 7 -1 13 17 18 20
3 42 -1 23 0 54 26
6 7 -1 13 16 18 20
5 44 -1 23 58 52 24
6 7 -1 13 16 18 20
6 45 -1 23 56 50 22
6 7 -1 13 16 18 20
8 47 -1 23 54 47 20
6 7 -1 13 16 18 20
10 49 -1 22 52 45 17
6 7 -1 13 16 18 20
11 50 -1 22 50 43 15
6 7 -1 13 16 18 20
13 52 -1 22 48 41 13
6 7 -1 13 16 18 20
15 54 -1 22 46 39 11
6 7 -1 13 16 18 20
16 56 -1 21 44 36 9
6 7 -1 13 16 18 20
18 57 -1 21 43 34 7
6 7 -1 13 16 18 20
20 59 -1 21 41 32 5
6 8 -1 13 16 18 20
21 1 -1 21 39 30 3
6 8 -1 13 16 18 20
23 2 -1 21 37 28 1
6 8 -1 13 16 18 19
25 4 -1 20 35 26 59
6 8 -1 13 16 18 19
26 6 -1 20 33 24 57
6 8 -1 13 16 18 19
28 8 -1 20 31 22 55
6 8 -1 13 16 18 19
30 10 -1 20 29 20 53
6 8 -1 13 16 18 19
31 11 -1 20 27 18 51
6 8 -1 13 16 18 19
33 13 -1 20 25 16 49
6 8 -1 13 16 18 19
35 15 -1 20 23 14 47
6 8 -1 13 16 18 19
36 17 -1 20 22 12 46
6 8 -1 13 16 18 19
38 18 -1 20 20 10 44
6 8 -1 13 16 18 19
39 20 -1 19 18 8 42
6 8 -1 13 16 18 19
41 22 -1 19 16 6 40
6 8 -1 13 16 18 19
43 24 -1 19 15 4 39
31































1
По всем вопросам касающимся приложения обращайтесь по WhatsApp +79952867503
1
10.2026

      
	
