1
For advertising or questions send us e-mail kogdanamaz@gmail.com 
30
5 6 -1 13 17 19 21
13 36 -1 12 51 47 10
5 6 -1 13 17 19 21
15 37 -1 12 49 46 8
5 6 -1 13 17 19 21
16 38 -1 11 48 44 6
5 6 -1 13 17 19 21
17 39 -1 11 47 42 4
5 6 -1 13 17 19 21
19 41 -1 11 45 40 2
5 6 -1 13 17 19 21
20 42 -1 10 44 38 0
5 6 -1 13 17 19 20
21 43 -1 10 43 37 58
5 6 -1 13 17 19 20
23 44 -1 10 41 35 56
5 6 -1 13 17 19 20
24 45 -1 9 40 33 54
5 6 -1 13 17 19 20
25 46 -1 9 38 31 52
5 6 -1 13 17 19 20
27 47 -1 9 37 30 50
5 6 -1 13 17 19 20
28 48 -1 8 35 28 48
5 6 -1 13 17 19 20
29 49 -1 8 34 26 46
5 6 -1 13 17 19 20
31 50 -1 8 32 24 44
5 6 -1 13 17 19 20
32 52 -1 7 31 22 42
5 6 -1 13 17 19 20
33 53 -1 7 29 21 40
5 6 -1 13 17 19 20
34 54 -1 7 28 19 38
5 6 -1 13 17 19 20
36 55 -1 6 26 17 36
5 6 -1 13 17 19 20
37 56 -1 6 25 15 34
5 6 -1 13 17 19 20
38 57 -1 6 23 13 32
5 6 -1 13 17 19 20
39 58 -1 5 22 11 30
5 6 -1 13 17 19 20
40 59 -1 5 20 10 28
5 7 -1 13 17 19 20
42 0 -1 4 19 8 26
5 7 -1 13 17 19 20
43 1 -1 4 17 6 24
5 7 -1 13 17 19 20
44 3 -1 4 16 4 22
5 7 -1 13 17 19 20
45 4 -1 3 14 2 21
5 7 -1 13 17 19 20
47 5 -1 3 12 1 19
5 7 -1 13 17 18 20
48 6 -1 3 11 59 17
5 7 -1 13 17 18 20
49 7 -1 2 9 57 15
5 7 -1 13 17 18 20
50 8 -1 2 8 55 13
30






























1
По всем вопросам касающимся приложения обращайтесь по WhatsApp +79952867503
1
09.2026

      
	
