1
For advertising or questions send us e-mail kogdanamaz@gmail.com 
30
3 5 -1 12 15 18 20
56 28 -1 11 48 43 9
3 5 -1 12 15 18 20
58 30 -1 11 47 41 7
3 5 -1 12 15 18 20
59 31 -1 11 46 40 5
4 5 -1 12 15 18 20
1 32 -1 10 45 38 3
4 5 -1 12 15 18 20
2 33 -1 10 44 36 0
4 5 -1 12 15 18 19
4 34 -1 10 42 34 58
4 5 -1 12 15 18 19
5 36 -1 9 41 32 56
4 5 -1 12 15 18 19
7 37 -1 9 40 30 54
4 5 -1 12 15 18 19
8 38 -1 9 39 28 52
4 5 -1 12 15 18 19
9 39 -1 8 38 26 50
4 5 -1 12 15 18 19
11 40 -1 8 36 25 48
4 5 -1 12 15 18 19
12 42 -1 7 35 23 46
4 5 -1 12 15 18 19
14 43 -1 7 34 21 43
4 5 -1 12 15 18 19
15 44 -1 7 33 19 41
4 5 -1 12 15 18 19
17 45 -1 6 31 17 39
4 5 -1 12 15 18 19
18 46 -1 6 30 15 37
4 5 -1 12 15 18 19
19 48 -1 6 29 13 35
4 5 -1 12 15 18 19
21 49 -1 5 27 11 33
4 5 -1 12 15 18 19
22 50 -1 5 26 9 31
4 5 -1 12 15 18 19
24 51 -1 5 25 7 29
4 5 -1 12 15 18 19
25 52 -1 4 23 5 27
4 5 -1 12 15 18 19
26 54 -1 4 22 3 25
4 5 -1 12 15 18 19
28 55 -1 4 21 2 23
4 5 -1 12 15 18 19
29 56 -1 3 19 0 21
4 5 -1 12 15 17 19
30 57 -1 3 18 58 19
4 5 -1 12 15 17 19
32 58 -1 3 17 56 17
4 6 -1 12 15 17 19
33 0 -1 2 15 54 15
4 6 -1 12 15 17 19
34 1 -1 2 14 52 13
4 6 -1 12 15 17 19
36 2 -1 2 13 50 11
4 6 -1 12 15 17 19
37 3 -1 1 11 48 9
30






























1
По всем вопросам касающимся приложения обращайтесь по WhatsApp +79952867503
1
09.2026

      
	
