1
For advertising or questions send us e-mail kogdanamaz@gmail.com 
30
2 4 -1 11 15 18 21
5 39 -1 55 31 59 24
2 4 -1 11 15 18 21
6 42 -1 55 29 56 22
2 4 -1 11 15 18 21
7 45 -1 54 27 53 21
2 4 -1 11 15 18 21
8 47 -1 54 25 49 17
2 4 -1 11 15 18 21
10 50 -1 54 23 46 11
2 4 -1 11 15 18 21
14 53 -1 53 21 43 7
2 4 -1 11 15 18 21
19 55 -1 53 19 39 2
2 4 -1 11 15 18 20
23 58 -1 53 17 36 57
2 5 -1 11 15 18 20
28 0 -1 52 15 33 52
2 5 -1 11 15 18 20
32 3 -1 52 13 30 48
2 5 -1 11 15 18 20
36 6 -1 52 11 26 43
2 5 -1 11 15 18 20
40 8 -1 51 8 23 39
2 5 -1 11 15 18 20
44 11 -1 51 6 20 34
2 5 -1 11 15 18 20
48 13 -1 51 4 16 30
2 5 -1 11 15 18 20
52 16 -1 50 2 13 26
2 5 -1 11 14 18 20
55 19 -1 50 59 10 22
2 5 -1 11 14 18 20
59 21 -1 50 57 6 17
3 5 -1 11 14 18 20
2 24 -1 49 55 3 13
3 5 -1 11 14 18 20
6 26 -1 49 53 0 9
3 5 -1 11 14 17 20
9 29 -1 48 50 57 5
3 5 -1 11 14 17 20
13 32 -1 48 48 53 1
3 5 -1 11 14 17 19
16 34 -1 48 46 50 57
3 5 -1 11 14 17 19
19 37 -1 47 43 47 54
3 5 -1 11 14 17 19
23 39 -1 47 41 43 50
3 5 -1 11 14 17 19
26 42 -1 47 39 40 46
3 5 -1 11 14 17 19
29 44 -1 46 36 37 42
3 5 -1 11 14 17 19
32 47 -1 46 34 34 38
3 5 -1 11 14 17 19
35 50 -1 46 32 30 35
3 5 -1 11 14 17 19
38 52 -1 45 29 27 31
3 5 -1 11 14 17 19
41 55 -1 45 27 24 28
30






























1
По всем вопросам касающимся приложения обращайтесь по WhatsApp +79952867503
1
09.2026

      
	
