1
For advertising or questions send us e-mail kogdanamaz@gmail.com 
30
3 5 -1 11 15 18 20
24 8 -1 57 35 36 12
3 5 -1 11 15 18 20
26 9 -1 57 34 34 10
3 5 -1 11 15 18 20
28 11 -1 57 32 32 7
3 5 -1 11 15 18 20
30 12 -1 56 31 30 5
3 5 -1 11 15 18 20
31 14 -1 56 30 27 2
3 5 -1 11 15 18 20
33 15 -1 56 28 25 0
3 5 -1 11 15 18 19
35 17 -1 55 27 23 57
3 5 -1 11 15 18 19
37 18 -1 55 25 21 54
3 5 -1 11 15 18 19
39 20 -1 55 24 19 52
3 5 -1 11 15 18 19
41 21 -1 54 23 17 49
3 5 -1 11 15 18 19
43 23 -1 54 21 14 47
3 5 -1 11 15 18 19
45 24 -1 54 20 12 44
3 5 -1 11 15 18 19
47 26 -1 53 18 10 42
3 5 -1 11 15 18 19
48 27 -1 53 17 8 39
3 5 -1 11 15 18 19
50 29 -1 53 15 6 37
3 5 -1 11 15 18 19
52 30 -1 52 14 3 34
3 5 -1 11 15 18 19
54 32 -1 52 12 1 32
3 5 -1 11 15 17 19
55 33 -1 51 11 59 30
3 5 -1 11 15 17 19
57 35 -1 51 9 57 27
3 5 -1 11 15 17 19
59 36 -1 51 7 55 25
4 5 -1 11 15 17 19
1 38 -1 50 6 52 22
4 5 -1 11 15 17 19
2 39 -1 50 4 50 20
4 5 -1 11 15 17 19
4 41 -1 50 3 48 18
4 5 -1 11 15 17 19
6 42 -1 49 1 46 15
4 5 -1 11 15 17 19
8 44 -1 49 0 43 13
4 5 -1 11 14 17 19
9 45 -1 49 58 41 11
4 5 -1 11 14 17 19
11 47 -1 48 56 39 8
4 5 -1 11 14 17 19
13 48 -1 48 55 37 6
4 5 -1 11 14 17 19
14 50 -1 48 53 35 4
4 5 -1 11 14 17 19
16 51 -1 47 52 33 1
30






























1
По всем вопросам касающимся приложения обращайтесь по WhatsApp +79952867503
1
09.2026

      
	
