1
For advertising or questions send us e-mail kogdanamaz@gmail.com 
30
2 4 -1 11 14 17 19
44 29 -1 11 54 48 28
2 4 -1 11 14 17 19
45 31 -1 11 52 46 26
2 4 -1 11 14 17 19
47 32 -1 11 51 44 24
2 4 -1 11 14 17 19
48 33 -1 10 50 43 22
2 4 -1 11 14 17 19
50 34 -1 10 49 41 19
2 4 -1 11 14 17 19
52 35 -1 10 48 39 17
2 4 -1 11 14 17 19
53 37 -1 9 47 37 15
2 4 -1 11 14 17 19
55 38 -1 9 46 35 13
2 4 -1 11 14 17 19
56 39 -1 9 44 33 11
2 4 -1 11 14 17 19
58 40 -1 8 43 31 8
2 4 -1 11 14 17 19
59 41 -1 8 42 30 6
3 4 -1 11 14 17 19
1 42 -1 7 41 28 4
3 4 -1 11 14 17 19
2 44 -1 7 39 26 2
3 4 -1 11 14 17 19
4 45 -1 7 38 24 0
3 4 -1 11 14 17 18
5 46 -1 6 37 22 58
3 4 -1 11 14 17 18
7 47 -1 6 36 20 55
3 4 -1 11 14 17 18
8 48 -1 6 34 18 53
3 4 -1 11 14 17 18
9 50 -1 5 33 16 51
3 4 -1 11 14 17 18
11 51 -1 5 32 14 49
3 4 -1 11 14 17 18
12 52 -1 5 30 12 47
3 4 -1 11 14 17 18
14 53 -1 4 29 10 45
3 4 -1 11 14 17 18
15 54 -1 4 28 9 43
3 4 -1 11 14 17 18
16 56 -1 4 26 7 41
3 4 -1 11 14 17 18
18 57 -1 3 25 5 39
3 4 -1 11 14 17 18
19 58 -1 3 24 3 37
3 4 -1 11 14 17 18
20 59 -1 3 22 1 35
3 5 -1 11 14 16 18
22 0 -1 2 21 59 33
3 5 -1 11 14 16 18
23 2 -1 2 20 57 31
3 5 -1 11 14 16 18
25 3 -1 2 18 55 29
3 5 -1 11 14 16 18
26 4 -1 1 17 53 27
30






























1
По всем вопросам касающимся приложения обращайтесь по WhatsApp +79952867503
1
09.2026

      
	
