1
For advertising or questions send us e-mail kogdanamaz@gmail.com 
30
3 5 -1 11 15 18 19
40 15 -1 54 36 31 50
3 5 -1 11 15 18 19
42 16 -1 54 35 30 48
3 5 -1 11 15 18 19
43 17 -1 54 34 28 46
3 5 -1 11 15 18 19
44 18 -1 53 33 26 44
3 5 -1 11 15 18 19
46 19 -1 53 32 24 42
3 5 -1 11 15 18 19
47 20 -1 53 31 23 40
3 5 -1 11 15 18 19
48 21 -1 52 30 21 38
3 5 -1 11 15 18 19
50 22 -1 52 29 19 36
3 5 -1 11 15 18 19
51 23 -1 52 28 17 34
3 5 -1 11 15 18 19
52 24 -1 51 27 16 32
3 5 -1 11 15 18 19
54 25 -1 51 26 14 30
3 5 -1 11 15 18 19
55 27 -1 51 25 12 28
3 5 -1 11 15 18 19
56 28 -1 50 23 10 26
3 5 -1 11 15 18 19
58 29 -1 50 22 9 24
3 5 -1 11 15 18 19
59 30 -1 50 21 7 22
4 5 -1 11 15 18 19
0 31 -1 49 20 5 20
4 5 -1 11 15 18 19
2 32 -1 49 19 3 18
4 5 -1 11 15 18 19
3 33 -1 49 18 1 16
4 5 -1 11 15 18 19
4 34 -1 48 16 0 14
4 5 -1 11 15 17 19
5 35 -1 48 15 58 12
4 5 -1 11 15 17 19
7 36 -1 47 14 56 10
4 5 -1 11 15 17 19
8 37 -1 47 13 54 9
4 5 -1 11 15 17 19
9 38 -1 47 11 53 7
4 5 -1 11 15 17 19
10 39 -1 46 10 51 5
4 5 -1 11 15 17 19
11 41 -1 46 9 49 3
4 5 -1 11 15 17 19
13 42 -1 46 8 47 1
4 5 -1 11 15 17 18
14 43 -1 45 6 45 59
4 5 -1 11 15 17 18
15 44 -1 45 5 44 57
4 5 -1 11 15 17 18
16 45 -1 45 4 42 56
4 5 -1 11 15 17 18
17 46 -1 44 3 40 54
30






























1
По всем вопросам касающимся приложения обращайтесь по WhatsApp +79952867503
1
09.2026

      
	
