1
For advertising or questions send us e-mail kogdanamaz@gmail.com 
30
3 5 -1 12 17 18 20
52 52 -1 24 2 55 25
3 5 -1 12 17 18 20
53 53 -1 24 1 54 24
3 5 -1 12 16 18 20
54 54 -1 23 59 52 22
3 5 -1 12 16 18 20
55 55 -1 23 58 50 20
3 5 -1 12 16 18 20
56 56 -1 23 57 49 19
3 5 -1 12 16 18 20
57 57 -1 22 56 47 17
3 5 -1 12 16 18 20
58 58 -1 22 54 46 16
3 5 -1 12 16 18 20
58 58 -1 22 53 44 14
3 5 -1 12 16 18 20
59 59 -1 21 52 42 12
4 6 -1 12 16 18 20
0 0 -1 21 50 41 11
4 6 -1 12 16 18 20
1 1 -1 20 49 39 9
4 6 -1 12 16 18 20
2 2 -1 20 48 37 7
4 6 -1 12 16 18 20
3 3 -1 20 46 36 6
4 6 -1 12 16 18 20
4 4 -1 19 45 34 4
4 6 -1 12 16 18 20
5 5 -1 19 44 32 2
4 6 -1 12 16 18 20
6 6 -1 19 42 31 1
4 6 -1 12 16 18 19
7 7 -1 18 41 29 59
4 6 -1 12 16 18 19
8 8 -1 18 40 28 58
4 6 -1 12 16 18 19
9 9 -1 18 38 26 56
4 6 -1 12 16 18 19
10 10 -1 17 37 24 54
4 6 -1 12 16 18 19
11 11 -1 17 35 23 53
4 6 -1 12 16 18 19
12 12 -1 17 34 21 51
4 6 -1 12 16 18 19
13 13 -1 16 33 19 49
4 6 -1 12 16 18 19
14 14 -1 16 31 18 48
4 6 -1 12 16 18 19
14 14 -1 16 30 16 46
4 6 -1 12 16 18 19
15 15 -1 15 28 14 44
4 6 -1 12 16 18 19
16 16 -1 15 27 13 43
4 6 -1 12 16 18 19
17 17 -1 15 26 11 41
4 6 -1 12 16 18 19
18 18 -1 14 24 9 39
4 6 -1 12 16 18 19
19 19 -1 14 23 8 38
30






























1
По всем вопросам касающимся приложения обращайтесь по WhatsApp +79952867503
1
09.2026

      
	
