1
For advertising or questions send us e-mail kogdanamaz@gmail.com 
31
4 5 -1 12 15 17 19
24 54 -1 15 19 50 35
4 5 -1 12 15 17 19
26 56 -1 15 19 49 34
4 5 -1 12 15 17 19
28 58 -1 15 18 47 32
4 5 -1 12 15 17 19
29 59 -1 15 17 45 30
4 6 -1 12 15 17 19
30 0 -1 15 16 43 28
4 6 -1 12 15 17 19
31 1 -1 15 15 42 27
4 6 -1 12 15 17 19
33 3 -1 15 14 40 25
4 6 -1 12 15 17 19
34 4 -1 15 13 39 24
4 6 -1 12 15 17 19
35 5 -1 15 12 37 22
4 6 -1 12 15 17 19
36 6 -1 15 12 36 21
4 6 -1 12 15 17 19
38 8 -1 15 11 34 19
4 6 -1 12 15 17 19
39 9 -1 15 11 33 18
4 6 -1 12 15 17 19
40 10 -1 15 10 31 16
4 6 -1 12 15 17 19
41 11 -1 15 10 30 15
4 6 -1 12 15 17 19
43 13 -1 15 9 29 14
4 6 -1 12 15 17 19
45 15 -1 15 9 28 13
4 6 -1 12 15 17 19
47 17 -1 15 8 26 11
4 6 -1 12 15 17 19
48 18 -1 15 7 25 10
4 6 -1 12 15 17 19
50 20 -1 15 6 23 8
4 6 -1 12 15 17 19
52 22 -1 15 6 22 7
4 6 -1 12 15 17 19
54 24 -1 15 5 20 5
4 6 -1 12 15 17 19
55 25 -1 15 5 19 4
4 6 -1 12 15 17 19
56 26 -1 15 4 18 3
4 6 -1 12 15 17 19
57 27 -1 15 3 17 2
4 6 -1 12 15 17 19
58 28 -1 15 2 16 1
4 6 -1 12 15 17 19
59 29 -1 15 2 15 0
5 6 -1 12 15 17 18
0 30 -1 15 1 14 59
5 6 -1 12 15 17 18
1 31 -1 15 1 13 58
5 6 -1 12 15 17 18
2 32 -1 15 0 12 57
5 6 -1 12 14 17 18
3 33 -1 15 59 11 56
5 6 -1 12 14 17 18
4 34 -1 15 58 10 55
31































1
По всем вопросам касающимся приложения обращайтесь по WhatsApp +79952867503
1
10.2026

      
	
