1
For advertising or questions send us e-mail kogdanamaz@gmail.com 
30
3 5 -1 11 15 18 19
37 9 -1 52 33 26 56
3 5 -1 11 15 18 19
38 10 -1 52 32 24 54
3 5 -1 11 15 18 19
39 11 -1 52 31 22 52
3 5 -1 11 15 18 19
41 12 -1 51 30 21 51
3 5 -1 11 15 18 19
42 13 -1 51 29 19 49
3 5 -1 11 15 18 19
43 14 -1 51 28 17 47
3 5 -1 11 15 18 19
45 15 -1 50 27 15 45
3 5 -1 11 15 18 19
46 16 -1 50 26 14 44
3 5 -1 11 15 18 19
47 17 -1 50 25 12 42
3 5 -1 11 15 18 19
49 18 -1 49 24 10 40
3 5 -1 11 15 18 19
50 20 -1 49 23 8 38
3 5 -1 11 15 18 19
51 21 -1 49 22 7 37
3 5 -1 11 15 18 19
53 22 -1 48 20 5 35
3 5 -1 11 15 18 19
54 23 -1 48 19 3 33
3 5 -1 11 15 18 19
55 24 -1 48 18 1 31
3 5 -1 11 15 18 19
56 25 -1 47 17 0 30
3 5 -1 11 15 17 19
58 26 -1 47 16 58 28
3 5 -1 11 15 17 19
59 27 -1 46 15 56 26
4 5 -1 11 15 17 19
0 28 -1 46 14 54 24
4 5 -1 11 15 17 19
1 29 -1 46 12 53 23
4 5 -1 11 15 17 19
3 30 -1 45 11 51 21
4 5 -1 11 15 17 19
4 31 -1 45 10 49 19
4 5 -1 11 15 17 19
5 32 -1 45 9 47 17
4 5 -1 11 15 17 19
6 33 -1 44 8 46 16
4 5 -1 11 15 17 19
7 34 -1 44 6 44 14
4 5 -1 11 15 17 19
8 35 -1 44 5 42 12
4 5 -1 11 15 17 19
10 36 -1 43 4 40 10
4 5 -1 11 15 17 19
11 37 -1 43 3 39 9
4 5 -1 11 15 17 19
12 38 -1 43 1 37 7
4 5 -1 11 15 17 19
13 39 -1 42 0 35 5
30






























1
По всем вопросам касающимся приложения обращайтесь по WhatsApp +79952867503
1
09.2026

      
	
