1
For advertising or questions send us e-mail kogdanamaz@gmail.com 
31
4 6 -1 12 15 17 19
34 4 -1 22 20 36 26
4 6 -1 12 15 17 19
35 5 -1 23 19 34 24
4 6 -1 12 15 17 19
36 6 -1 24 18 33 23
4 6 -1 12 15 17 19
37 7 -1 24 17 31 21
4 6 -1 12 15 17 19
38 8 -1 25 16 29 19
4 6 -1 12 15 17 19
39 9 -1 25 15 28 18
4 6 -1 12 15 17 19
40 10 -1 25 14 26 16
4 6 -1 12 15 17 19
41 11 -1 25 13 24 14
4 6 -1 12 15 17 19
42 12 -1 25 12 23 13
4 6 -1 12 15 17 19
43 13 -1 25 11 21 11
4 6 -1 12 15 17 19
44 14 -1 25 10 19 9
4 6 -1 12 15 17 19
45 15 -1 25 9 17 7
4 6 -1 12 15 17 19
46 16 -1 25 8 15 5
4 6 -1 12 15 17 19
47 17 -1 25 7 13 3
4 6 -1 12 15 17 19
49 19 -1 25 6 12 2
4 6 -1 12 15 17 19
50 20 -1 26 5 11 1
4 6 -1 12 15 17 19
51 21 -1 26 4 10 0
4 6 -1 12 15 17 18
52 22 -1 26 3 9 59
4 6 -1 12 15 17 18
54 24 -1 27 2 7 57
4 6 -1 12 15 17 18
55 25 -1 27 1 5 55
4 6 -1 12 15 17 18
56 26 -1 27 0 3 53
4 6 -1 12 14 17 18
57 27 -1 27 59 2 52
4 6 -1 12 14 17 18
58 28 -1 28 58 1 51
4 6 -1 12 14 16 18
59 29 -1 28 57 59 49
5 6 -1 12 14 16 18
0 30 -1 28 56 57 47
5 6 -1 12 14 16 18
1 31 -1 28 55 55 45
5 6 -1 12 14 16 18
2 32 -1 29 54 53 43
5 6 -1 12 14 16 18
3 33 -1 29 53 52 42
5 6 -1 12 14 16 18
4 34 -1 29 52 51 41
5 6 -1 12 14 16 18
6 36 -1 30 51 50 40
5 6 -1 12 14 16 18
7 37 -1 30 50 49 39
31































1
По всем вопросам касающимся приложения обращайтесь по WhatsApp +79952867503
1
10.2026

      
	
