1
For advertising or questions send us e-mail kogdanamaz@gmail.com 
30
3 5 -1 11 15 18 19
39 9 -1 51 32 36 57
3 5 -1 11 15 18 19
40 10 -1 51 31 34 55
3 5 -1 11 15 18 19
41 11 -1 50 30 32 53
3 5 -1 11 15 18 19
43 13 -1 50 29 31 51
3 5 -1 11 15 18 19
44 14 -1 50 28 29 50
3 5 -1 11 15 18 19
45 15 -1 49 27 27 48
3 5 -1 11 15 18 19
47 17 -1 49 26 26 46
3 5 -1 11 15 18 19
48 18 -1 49 25 24 44
3 5 -1 11 15 18 19
49 19 -1 48 24 22 42
3 5 -1 11 15 18 19
50 20 -1 48 23 20 40
3 5 -1 11 15 18 19
52 22 -1 48 22 19 38
3 5 -1 11 15 18 19
53 23 -1 47 21 17 36
3 5 -1 11 15 18 19
54 24 -1 47 20 15 34
3 5 -1 11 15 18 19
55 25 -1 47 19 14 32
3 5 -1 11 15 18 19
57 27 -1 46 17 12 30
3 5 -1 11 15 18 19
58 28 -1 46 16 10 28
3 5 -1 11 15 18 19
59 29 -1 46 15 8 26
4 5 -1 11 15 18 19
0 30 -1 45 14 7 24
4 5 -1 11 15 18 19
2 32 -1 45 13 5 22
4 5 -1 11 15 18 19
3 33 -1 44 12 3 21
4 5 -1 11 15 18 19
4 34 -1 44 10 1 19
4 5 -1 11 15 18 19
5 35 -1 44 9 0 17
4 5 -1 11 15 17 19
6 36 -1 43 8 58 15
4 5 -1 11 15 17 19
7 37 -1 43 7 56 13
4 5 -1 11 15 17 19
9 39 -1 43 6 54 11
4 5 -1 11 15 17 19
10 40 -1 42 4 53 9
4 5 -1 11 15 17 19
11 41 -1 42 3 51 8
4 5 -1 11 15 17 19
12 42 -1 42 2 49 6
4 5 -1 11 15 17 19
13 43 -1 41 1 47 4
4 5 -1 11 14 17 19
14 44 -1 41 59 46 2
30






























1
По всем вопросам касающимся приложения обращайтесь по WhatsApp +79952867503
1
09.2026

      
	
