1
For advertising or questions send us e-mail kogdanamaz@gmail.com 
30
3 5 -1 12 3 6 8
46 19 -1 0 40 35 6
3 5 -1 11 3 6 8
48 20 -1 59 39 33 4
3 5 -1 11 3 6 8
49 21 -1 59 38 31 2
3 5 -1 11 3 6 8
51 22 -1 59 37 30 1
3 5 -1 11 3 6 7
52 23 -1 58 36 28 59
3 5 -1 11 3 6 7
53 24 -1 58 35 26 57
3 5 -1 11 3 6 7
55 25 -1 58 34 24 55
3 5 -1 11 3 6 7
55 25 -1 58 34 24 55
3 5 -1 11 3 6 7
57 27 -1 57 32 21 52
3 5 -1 11 3 6 7
59 28 -1 57 30 19 50
4 5 -1 11 3 6 7
0 29 -1 56 29 17 48
4 5 -1 11 3 6 7
1 30 -1 56 28 16 47
4 5 -1 11 3 6 7
3 31 -1 56 27 14 45
4 5 -1 11 3 6 7
4 32 -1 55 26 12 43
4 5 -1 11 3 6 7
5 34 -1 55 25 10 41
4 5 -1 11 3 6 7
6 35 -1 54 23 9 40
4 5 -1 11 3 6 7
8 36 -1 54 22 7 38
4 5 -1 11 3 6 7
9 37 -1 54 21 5 36
4 5 -1 11 3 6 7
10 38 -1 53 20 3 34
4 5 -1 11 3 6 7
11 39 -1 53 19 1 32
4 5 -1 11 3 6 7
13 40 -1 53 17 0 31
4 5 -1 11 3 5 7
14 41 -1 52 16 58 29
4 5 -1 11 3 5 7
14 41 -1 52 16 58 29
4 5 -1 11 3 5 7
16 43 -1 52 14 54 25
4 5 -1 11 3 5 7
17 44 -1 51 11 52 23
4 5 -1 11 3 5 7
19 45 -1 51 11 51 22
4 5 -1 11 3 5 7
20 47 -1 51 10 49 20
4 5 -1 11 3 5 7
21 48 -1 50 9 47 18
4 5 -1 11 3 5 7
22 49 -1 50 7 45 16
4 5 -1 11 3 5 7
23 50 -1 50 6 44 15
30






























1
По всем вопросам касающимся приложения обращайтесь по WhatsApp +79952867503
1
09.2026

      
	
