1
For advertising or questions send us e-mail kogdanamaz@gmail.com 
31
4 6 -1 12 15 17 19
41 11 -1 22 39 43 33
4 6 -1 12 15 17 19
41 11 -1 22 38 41 31
4 6 -1 12 15 17 19
42 12 -1 23 37 39 29
4 6 -1 12 15 17 19
43 13 -1 24 36 37 27
4 6 -1 12 15 17 19
44 14 -1 25 35 35 25
4 6 -1 12 15 17 19
45 15 -1 25 34 33 23
4 6 -1 12 15 17 19
46 16 -1 25 33 31 21
4 6 -1 12 15 17 19
47 17 -1 25 32 29 19
4 6 -1 12 15 17 19
48 18 -1 25 31 27 17
4 6 -1 12 15 17 19
49 19 -1 25 30 25 16
4 6 -1 12 15 17 19
50 20 -1 25 29 24 14
4 6 -1 12 15 17 19
52 22 -1 25 28 24 13
4 6 -1 12 15 17 19
54 24 -1 25 27 23 13
4 6 -1 12 15 17 19
55 25 -1 25 25 23 12
4 6 -1 12 15 17 19
57 27 -1 25 23 22 12
4 6 -1 12 15 17 19
59 29 -1 25 22 21 11
5 6 -1 12 15 17 19
1 31 -1 25 21 20 10
5 6 -1 12 15 17 19
2 32 -1 25 20 19 9
5 6 -1 12 15 17 19
3 33 -1 26 18 18 8
5 6 -1 12 15 17 19
4 34 -1 26 17 17 7
5 6 -1 12 15 17 19
5 35 -1 27 16 16 6
5 6 -1 12 15 17 19
6 36 -1 27 15 15 5
5 6 -1 12 15 17 19
7 37 -1 27 14 14 4
5 6 -1 12 15 17 19
8 38 -1 27 13 12 2
5 6 -1 12 15 17 19
9 39 -1 28 11 10 0
5 6 -1 12 15 17 18
10 40 -1 28 9 9 59
5 6 -1 12 15 17 18
11 41 -1 28 7 8 58
5 6 -1 12 15 17 18
12 42 -1 28 5 7 57
5 6 -1 12 15 17 18
13 43 -1 29 3 6 56
5 6 -1 12 15 17 18
14 44 -1 29 1 5 55
5 6 -1 12 14 17 18
15 45 -1 30 59 4 54
31































1
По всем вопросам касающимся приложения обращайтесь по WhatsApp +79952867503
1
10.2026

      
	