1
For advertising or questions send us e-mail kogdanamaz@gmail.com 
31
4 5 -1 11 15 17 19
24 54 -1 55 9 45 15
4 5 -1 11 15 17 19
24 55 -1 55 8 44 14
4 5 -1 11 15 17 19
27 56 -1 55 6 42 12
4 5 -1 11 15 17 19
28 57 -1 54 5 40 10
4 5 -1 11 15 17 19
29 58 -1 54 4 38 8
4 5 -1 11 15 17 19
30 59 -1 54 3 36 6
4 6 -1 11 15 17 19
31 0 -1 53 2 34 4
4 6 -1 11 15 17 19
32 2 -1 53 0 33 3
4 6 -1 11 14 17 19
34 3 -1 53 59 31 1
4 6 -1 11 14 17 18
35 4 -1 53 57 29 59
4 6 -1 11 14 17 18
36 5 -1 52 56 28 58
4 6 -1 11 14 17 18
37 6 -1 52 55 26 56
4 6 -1 11 14 17 18
38 7 -1 52 54 24 54
4 6 -1 11 14 17 18
39 9 -1 52 52 23 53
4 6 -1 11 14 17 18
41 10 -1 51 51 21 51
4 6 -1 11 14 17 18
42 11 -1 51 50 20 50
4 6 -1 11 14 17 18
43 12 -1 51 48 18 48
4 6 -1 11 14 17 18
44 13 -1 51 47 16 46
4 6 -1 11 14 17 18
45 15 -1 51 46 15 45
4 6 -1 11 14 17 18
46 16 -1 50 45 13 43
4 6 -1 11 14 17 18
47 17 -1 50 44 12 42
4 6 -1 11 14 17 18
49 18 -1 50 42 10 40
4 6 -1 11 14 17 18
50 20 -1 50 41 9 39
4 6 -1 11 14 17 18
51 21 -1 50 40 8 38
4 6 -1 11 14 17 18
52 22 -1 50 39 6 36
4 6 -1 11 14 17 18
53 23 -1 50 38 4 34
4 6 -1 11 14 17 18
54 25 -1 49 37 3 33
4 6 -1 11 14 17 18
55 26 -1 49 35 1 31
4 6 -1 11 14 17 18
56 27 -1 49 34 0 30
4 6 -1 11 14 16 18
58 28 -1 49 33 59 29
4 6 -1 11 14 16 18
59 30 -1 49 31 57 27
31































1
По всем вопросам касающимся приложения обращайтесь по WhatsApp +79952867503
1
10.2026

      
	