1
For advertising or questions send us e-mail kogdanamaz@gmail.com 
30
3 4 -1 11 15 18 20
13 50 -1 52 36 49 22
3 4 -1 11 15 18 20
15 52 -1 52 34 47 19
3 4 -1 11 15 18 20
17 54 -1 52 33 44 17
3 4 -1 11 15 18 20
19 56 -1 51 31 41 14
3 4 -1 11 15 18 20
21 58 -1 51 29 39 11
3 5 -1 11 15 18 20
24 0 -1 51 27 36 8
3 5 -1 11 15 18 20
26 2 -1 50 26 34 6
3 5 -1 11 15 18 20
28 4 -1 50 24 31 3
3 5 -1 11 15 18 20
30 6 -1 50 22 28 0
3 5 -1 11 15 18 19
32 8 -1 49 21 26 58
3 5 -1 11 15 18 19
34 10 -1 49 19 23 55
3 5 -1 11 15 18 19
36 12 -1 49 17 20 52
3 5 -1 11 15 18 19
38 14 -1 48 15 18 49
3 5 -1 11 15 18 19
40 16 -1 48 13 15 47
3 5 -1 11 15 18 19
42 18 -1 48 12 12 44
3 5 -1 11 15 18 19
43 20 -1 47 10 10 41
3 5 -1 11 15 18 19
45 22 -1 47 8 7 39
3 5 -1 11 15 18 19
47 24 -1 47 6 4 36
3 5 -1 11 15 18 19
49 26 -1 46 4 2 33
3 5 -1 11 15 17 19
51 28 -1 46 2 59 31
3 5 -1 11 15 17 19
53 30 -1 45 0 56 28
3 5 -1 11 14 17 19
55 32 -1 45 58 54 26
3 5 -1 11 14 17 19
57 33 -1 45 57 51 23
3 5 -1 11 14 17 19
59 35 -1 44 55 48 20
4 5 -1 11 14 17 19
1 37 -1 44 53 46 18
4 5 -1 11 14 17 19
3 39 -1 44 51 43 15
4 5 -1 11 14 17 19
5 41 -1 43 49 40 13
4 5 -1 11 14 17 19
7 43 -1 43 47 38 10
4 5 -1 11 14 17 19
8 45 -1 43 45 35 7
4 5 -1 11 14 17 19
10 47 -1 42 43 32 5
30






























1
По всем вопросам касающимся приложения обращайтесь по WhatsApp +79952867503
1
09.2026

      
	
