1
For advertising or questions send us e-mail kogdanamaz@gmail.com 
31
4 6 -1 11 15 17 19
20 4 -1 59 11 48 27
4 6 -1 11 15 17 19
22 5 -1 58 9 46 24
4 6 -1 11 15 17 19
23 7 -1 58 8 44 22
4 6 -1 11 15 17 19
25 8 -1 58 6 42 20
4 6 -1 11 15 17 19
26 9 -1 57 4 40 18
4 6 -1 11 15 17 19
28 11 -1 57 3 38 16
4 6 -1 11 15 17 19
29 12 -1 57 1 36 14
4 6 -1 11 15 17 19
31 14 -1 56 0 35 12
4 6 -1 11 14 17 19
32 15 -1 56 59 33 10
4 6 -1 11 14 17 19
34 16 -1 56 57 31 8
4 6 -1 11 14 17 19
35 18 -1 56 56 29 6
4 6 -1 11 14 17 19
36 19 -1 55 54 27 4
4 6 -1 11 14 17 19
38 21 -1 55 53 25 2
4 6 -1 11 14 17 19
39 22 -1 55 51 23 1
4 6 -1 11 14 17 18
41 24 -1 55 50 21 59
4 6 -1 11 14 17 18
42 25 -1 54 48 19 57
4 6 -1 11 14 17 18
44 26 -1 54 47 17 55
4 6 -1 11 14 17 18
45 28 -1 54 45 15 53
4 6 -1 11 14 17 18
46 29 -1 54 44 14 51
4 6 -1 11 14 17 18
48 31 -1 54 42 12 50
4 6 -1 11 14 17 18
49 32 -1 54 41 10 48
4 6 -1 11 14 17 18
50 34 -1 53 40 8 46
4 6 -1 11 14 17 18
52 35 -1 53 38 6 45
4 6 -1 11 14 17 18
53 37 -1 53 37 5 43
4 6 -1 11 14 17 18
55 38 -1 53 35 3 41
4 6 -1 11 14 17 18
56 40 -1 53 34 1 40
4 6 -1 11 14 17 18
57 41 -1 53 33 0 38
4 6 -1 11 14 16 18
59 43 -1 53 31 58 37
5 6 -1 11 14 16 18
0 44 -1 53 30 56 35
5 6 -1 11 14 16 18
1 46 -1 53 29 55 34
5 6 -1 11 14 16 18
3 47 -1 53 28 53 32
31































1
По всем вопросам касающимся приложения обращайтесь по WhatsApp +79952867503
1
10.2026

      
	