1
For advertising or questions send us e-mail kogdanamaz@gmail.com 
30
2 4 -1 12 15 20 22
19 13 -1 12 52 7 0
2 4 -1 12 15 20 21
21 18 -1 12 49 2 58
2 4 -1 12 15 19 21
24 22 -1 12 46 57 55
2 4 -1 12 15 19 21
26 27 -1 11 43 52 52
2 4 -1 12 15 19 21
28 32 -1 11 41 47 49
2 4 -1 12 15 19 21
31 36 -1 11 38 41 46
2 4 -1 12 15 19 21
33 41 -1 10 35 36 43
2 4 -1 12 15 19 21
35 45 -1 10 32 31 40
2 4 -1 12 15 19 21
37 50 -1 10 29 26 37
2 4 -1 12 15 19 21
39 54 -1 9 26 21 35
2 4 -1 12 15 19 21
42 58 -1 9 23 16 32
2 5 -1 12 15 19 21
44 3 -1 9 20 11 29
2 5 -1 12 15 19 21
46 7 -1 8 17 6 26
2 5 -1 12 15 19 21
48 11 -1 8 14 1 23
2 5 -1 12 15 18 21
50 16 -1 8 11 56 20
2 5 -1 12 15 18 21
52 20 -1 7 8 51 18
2 5 -1 12 15 18 21
55 24 -1 7 5 46 15
2 5 -1 12 15 18 21
57 29 -1 7 1 41 12
2 5 -1 12 14 18 21
59 33 -1 6 58 36 9
3 5 -1 12 14 18 21
1 37 -1 6 55 31 6
3 5 -1 12 14 18 21
3 41 -1 6 52 26 4
3 5 -1 12 14 18 21
5 46 -1 5 49 21 1
3 5 -1 12 14 18 20
7 50 -1 5 46 16 58
2 5 -1 12 14 18 21
37 54 -1 4 42 11 32
2 5 -1 12 14 18 21
44 58 -1 4 39 6 24
2 6 -1 12 14 18 21
51 3 -1 4 36 2 17
2 6 -1 12 14 17 21
57 7 -1 3 33 57 10
3 6 -1 12 14 17 21
3 11 -1 3 29 52 3
3 6 -1 12 14 17 20
9 15 -1 3 26 47 56
3 6 -1 12 14 17 20
15 20 -1 2 23 42 50
30






























1
По всем вопросам касающимся приложения обращайтесь по WhatsApp +79952867503
1
09.2026

      
	
