1
For advertising or questions send us e-mail kogdanamaz@gmail.com 
30
2 4 -1 12 16 18 20
18 37 -1 0 9 21 11
2 4 -1 12 16 18 20
21 39 -1 0 7 19 8
2 4 -1 12 16 18 20
24 41 -1 0 5 16 4
2 4 -1 12 16 18 20
27 42 -1 0 3 14 1
2 4 -1 12 16 18 19
30 44 -1 0 1 11 58
2 4 -1 12 16 18 19
32 46 -1 0 0 9 55
2 4 -1 12 15 18 19
35 48 -1 0 58 6 52
2 4 -1 12 15 18 19
38 50 -1 0 56 4 49
2 4 -1 12 15 18 19
40 52 -1 0 54 1 46
2 4 -1 12 15 17 19
43 53 -1 0 51 59 43
2 4 -1 12 15 17 19
46 55 -1 0 49 56 40
2 4 -1 12 15 17 19
48 57 -1 0 47 53 37
2 4 -1 12 15 17 19
51 59 -1 0 45 51 34
2 5 -1 12 15 17 19
53 1 -1 0 43 48 31
2 5 -1 12 15 17 19
56 3 -1 0 41 46 28
2 5 -1 12 15 17 19
58 4 -1 0 39 43 25
3 5 -1 12 15 17 19
0 6 -1 0 37 41 22
3 5 -1 12 15 17 19
3 8 -1 0 35 38 19
3 5 -1 12 15 17 19
5 10 -1 0 33 36 17
3 5 -1 12 15 17 19
7 12 -1 0 31 33 14
3 5 -1 12 15 17 19
10 14 -1 0 28 31 11
3 5 -1 12 15 17 19
12 15 -1 0 26 28 8
3 5 -1 12 15 17 19
14 17 -1 0 24 26 5
3 5 -1 12 15 17 19
16 19 -1 0 22 23 3
3 5 -1 12 15 17 19
19 21 -1 0 20 20 0
3 5 -1 12 15 17 18
21 23 -1 0 18 18 57
3 5 -1 12 15 17 18
23 25 -1 0 15 15 54
3 5 -1 12 15 17 18
25 26 -1 0 13 13 52
3 5 -1 12 15 17 18
27 28 -1 0 11 10 49
3 5 -1 12 15 17 18
29 30 -1 0 9 8 46
30






























1
По всем вопросам касающимся приложения обращайтесь по WhatsApp +79952867503
1
09.2026

      
	
