1
For advertising or questions send us e-mail kogdanamaz@gmail.com 
31
5 6 -1 12 16 18 20
15 52 -1 46 46 36 10
5 6 -1 12 16 18 20
17 53 -1 46 44 34 8
5 6 -1 12 16 18 20
18 55 -1 46 42 32 6
5 6 -1 12 16 18 20
19 56 -1 46 40 30 4
5 6 -1 12 16 18 20
21 58 -1 45 38 28 2
5 6 -1 12 16 18 20
22 59 -1 45 37 26 0
5 7 -1 12 16 18 19
24 1 -1 45 35 24 58
5 7 -1 12 16 18 19
25 2 -1 44 33 22 56
5 7 -1 12 16 18 19
27 3 -1 44 31 20 54
5 7 -1 12 16 18 19
28 5 -1 44 29 18 52
5 7 -1 12 16 18 19
29 6 -1 44 28 16 50
5 7 -1 12 16 18 19
31 8 -1 43 26 14 48
5 7 -1 12 16 18 19
32 9 -1 43 24 12 46
5 7 -1 12 16 18 19
34 11 -1 43 22 10 44
5 7 -1 12 16 18 19
35 12 -1 43 20 8 42
5 7 -1 12 16 18 19
36 14 -1 42 19 6 40
5 7 -1 12 16 18 19
38 15 -1 42 17 4 38
5 7 -1 12 16 18 19
39 17 -1 42 15 2 37
5 7 -1 12 16 18 19
40 18 -1 42 13 1 35
5 7 -1 12 16 17 19
42 20 -1 42 12 59 33
5 7 -1 12 16 17 19
43 21 -1 41 10 57 31
5 7 -1 12 16 17 19
45 23 -1 41 8 55 30
5 7 -1 12 16 17 19
46 24 -1 41 7 53 28
5 7 -1 12 16 17 19
47 26 -1 41 5 51 26
5 7 -1 12 16 17 19
49 27 -1 41 3 50 25
5 7 -1 12 16 17 19
50 29 -1 41 2 48 23
5 7 -1 12 16 17 19
51 31 -1 41 0 46 22
5 7 -1 12 15 17 19
53 32 -1 41 59 45 20
5 7 -1 12 15 17 19
54 34 -1 41 57 43 19
5 7 -1 12 15 17 19
56 35 -1 41 55 41 17
5 7 -1 12 15 17 19
57 37 -1 40 54 40 16
31































1
По всем вопросам касающимся приложения обращайтесь по WhatsApp +79952867503
1
10.2026

      
	