1
For advertising or questions send us e-mail kogdanamaz@gmail.com 
31
5 6 -1 12 15 18 20
4 42 -1 38 53 29 2
5 6 -1 12 15 18 20
5 43 -1 37 51 27 0
5 6 -1 12 15 18 19
6 44 -1 37 50 25 58
5 6 -1 12 15 18 19
8 46 -1 37 48 23 56
5 6 -1 12 15 18 19
9 47 -1 36 47 21 54
5 6 -1 12 15 18 19
10 48 -1 36 46 19 52
5 6 -1 12 15 18 19
11 49 -1 36 44 18 51
5 6 -1 12 15 18 19
13 51 -1 36 43 16 49
5 6 -1 12 15 18 19
14 52 -1 35 42 14 47
5 6 -1 12 15 18 19
15 53 -1 35 40 12 45
5 6 -1 12 15 18 19
17 55 -1 35 39 10 43
5 6 -1 12 15 18 19
18 56 -1 35 37 9 42
5 6 -1 12 15 18 19
19 57 -1 34 36 7 40
5 6 -1 12 15 18 19
20 58 -1 34 35 5 38
5 7 -1 12 15 18 19
22 0 -1 34 33 3 36
5 7 -1 12 15 18 19
23 1 -1 34 32 2 35
5 7 -1 12 15 18 19
24 2 -1 33 31 0 33
5 7 -1 12 15 17 19
25 4 -1 33 29 58 31
5 7 -1 12 15 17 19
27 5 -1 33 28 57 30
5 7 -1 12 15 17 19
28 6 -1 33 27 55 28
5 7 -1 12 15 17 19
29 8 -1 33 25 53 27
5 7 -1 12 15 17 19
30 9 -1 33 24 52 25
5 7 -1 12 15 17 19
32 10 -1 32 23 50 23
5 7 -1 12 15 17 19
33 12 -1 32 22 48 22
5 7 -1 12 15 17 19
34 13 -1 32 20 47 21
5 7 -1 12 15 17 19
35 14 -1 32 19 45 19
5 7 -1 12 15 17 19
37 16 -1 32 18 44 18
5 7 -1 12 15 17 19
38 17 -1 32 17 42 16
5 7 -1 12 15 17 19
39 18 -1 32 15 41 15
5 7 -1 12 15 17 19
40 20 -1 32 14 39 14
5 7 -1 12 15 17 19
42 21 -1 32 13 38 12
31































1
По всем вопросам касающимся приложения обращайтесь по WhatsApp +79952867503
1
10.2026

      
	
