1
For advertising or questions send us e-mail kogdanamaz@gmail.com 
31
4 6 -1 12 15 18 19
38 21 -1 16 28 6 43
4 6 -1 12 15 18 19
40 22 -1 15 27 4 41
4 6 -1 12 15 18 19
41 23 -1 15 25 2 39
4 6 -1 12 15 18 19
42 25 -1 15 24 0 37
4 6 -1 12 15 17 19
44 26 -1 14 22 58 35
4 6 -1 12 15 17 19
45 27 -1 14 21 56 33
4 6 -1 12 15 17 19
47 29 -1 14 19 54 31
4 6 -1 12 15 17 19
48 30 -1 13 18 52 29
4 6 -1 12 15 17 19
50 32 -1 13 16 50 27
4 6 -1 12 15 17 19
51 33 -1 13 15 48 25
4 6 -1 12 15 17 19
52 34 -1 13 13 46 23
4 6 -1 12 15 17 19
54 36 -1 12 12 44 21
4 6 -1 12 15 17 19
55 37 -1 12 10 42 19
4 6 -1 12 15 17 19
57 39 -1 12 9 40 17
4 6 -1 12 15 17 19
58 40 -1 12 7 39 15
4 6 -1 12 15 17 19
59 42 -1 11 6 37 14
5 6 -1 12 15 17 19
1 43 -1 11 4 35 12
5 6 -1 12 15 17 19
2 44 -1 11 3 33 10
5 6 -1 12 15 17 19
4 46 -1 11 2 31 8
5 6 -1 12 15 17 19
5 47 -1 11 0 29 7
5 6 -1 12 14 17 19
6 49 -1 11 59 28 5
5 6 -1 12 14 17 19
8 50 -1 10 57 26 3
5 6 -1 12 14 17 19
9 52 -1 10 56 24 2
5 6 -1 12 14 17 19
10 53 -1 10 55 22 0
5 6 -1 12 14 17 18
12 55 -1 10 53 21 58
5 6 -1 12 14 17 18
13 56 -1 10 52 19 57
5 6 -1 12 14 17 18
14 58 -1 10 51 17 55
5 6 -1 12 14 17 18
16 59 -1 10 49 16 54
5 7 -1 12 14 17 18
17 0 -1 10 48 14 52
5 7 -1 12 14 17 18
18 2 -1 10 47 13 51
5 7 -1 12 14 17 18
20 3 -1 10 46 11 49
31































1
По всем вопросам касающимся приложения обращайтесь по WhatsApp +79952867503
1
10.2026

      
	