1
For advertising or questions send us e-mail kogdanamaz@gmail.com 
30
4 6 -1 12 16 19 20
31 12 -1 46 28 20 41
4 6 -1 12 16 19 20
32 13 -1 46 27 19 39
4 6 -1 12 16 19 20
34 14 -1 46 26 17 37
4 6 -1 12 16 19 20
35 15 -1 45 25 15 35
4 6 -1 12 16 19 20
36 16 -1 45 23 14 33
4 6 -1 12 16 19 20
38 17 -1 45 22 12 31
4 6 -1 12 16 19 20
39 18 -1 44 21 10 29
4 6 -1 12 16 19 20
41 19 -1 44 20 8 28
4 6 -1 12 16 19 20
42 20 -1 44 19 7 26
4 6 -1 12 16 19 20
43 21 -1 43 18 5 24
4 6 -1 12 16 19 20
45 22 -1 43 17 3 22
4 6 -1 12 16 19 20
46 23 -1 43 16 1 20
4 6 -1 12 16 19 20
47 24 -1 42 15 0 18
4 6 -1 12 16 18 20
48 25 -1 42 13 58 16
4 6 -1 12 16 18 20
50 26 -1 42 12 56 14
4 6 -1 12 16 18 20
51 27 -1 41 11 54 12
4 6 -1 12 16 18 20
52 28 -1 41 10 52 10
4 6 -1 12 16 18 20
54 30 -1 40 9 51 8
4 6 -1 12 16 18 20
55 31 -1 40 7 49 6
4 6 -1 12 16 18 20
56 32 -1 40 6 47 4
4 6 -1 12 16 18 20
57 33 -1 39 5 45 3
4 6 -1 12 16 18 20
59 34 -1 39 4 44 1
5 6 -1 12 16 18 19
0 35 -1 39 3 42 59
5 6 -1 12 16 18 19
1 36 -1 38 1 40 57
5 6 -1 12 16 18 19
2 37 -1 38 0 38 55
5 6 -1 12 15 18 19
3 38 -1 38 59 36 53
5 6 -1 12 15 18 19
5 39 -1 37 58 35 51
5 6 -1 12 15 18 19
6 40 -1 37 56 33 50
5 6 -1 12 15 18 19
7 41 -1 37 55 31 48
5 6 -1 12 15 18 19
8 42 -1 36 54 29 46
30






























1
По всем вопросам касающимся приложения обращайтесь по WhatsApp +79952867503
1
09.2026

      
	
