1
For advertising or questions send us e-mail kogdanamaz@gmail.com 
31
4 6 -1 12 15 18 19
48 26 -1 17 32 8 27
4 6 -1 12 15 18 19
49 27 -1 17 30 6 25
4 6 -1 12 15 18 19
51 28 -1 17 29 4 23
4 6 -1 12 15 18 19
52 29 -1 16 28 2 22
4 6 -1 12 15 18 19
53 31 -1 16 26 1 20
4 6 -1 12 15 17 19
54 32 -1 16 25 59 18
4 6 -1 12 15 17 19
56 33 -1 15 23 57 16
4 6 -1 12 15 17 19
57 34 -1 15 22 55 14
4 6 -1 12 15 17 19
58 36 -1 15 21 53 13
4 6 -1 12 15 17 19
59 37 -1 15 19 52 11
5 6 -1 12 15 17 19
1 38 -1 14 18 50 9
5 6 -1 12 15 17 19
2 39 -1 14 17 48 7
5 6 -1 12 15 17 19
3 41 -1 14 15 46 6
5 6 -1 12 15 17 19
4 42 -1 14 14 45 4
5 6 -1 12 15 17 19
6 43 -1 13 13 43 2
5 6 -1 12 15 17 19
7 44 -1 13 11 41 1
5 6 -1 12 15 17 18
8 46 -1 13 10 40 59
5 6 -1 12 15 17 18
9 47 -1 13 9 38 57
5 6 -1 12 15 17 18
11 48 -1 13 7 36 56
5 6 -1 12 15 17 18
12 50 -1 12 6 35 54
5 6 -1 12 15 17 18
13 51 -1 12 5 33 53
5 6 -1 12 15 17 18
14 52 -1 12 4 31 51
5 6 -1 12 15 17 18
15 53 -1 12 2 30 50
5 6 -1 12 15 17 18
17 55 -1 12 1 28 48
5 6 -1 12 15 17 18
18 56 -1 12 0 27 47
5 6 -1 12 14 17 18
19 57 -1 12 59 25 46
5 6 -1 12 14 17 18
20 59 -1 12 57 24 44
5 7 -1 12 14 17 18
21 0 -1 11 56 22 43
5 7 -1 12 14 17 18
23 1 -1 11 55 21 41
5 7 -1 12 14 17 18
24 3 -1 11 54 19 40
5 7 -1 12 14 17 18
25 4 -1 11 53 18 39
31































1
По всем вопросам касающимся приложения обращайтесь по WhatsApp +79952867503
1
10.2026

      
	
