1
For advertising or questions send us e-mail kogdanamaz@gmail.com 
31
4 5 -1 11 15 17 19
22 52 -1 51 49 42 12
4 5 -1 11 15 17 19
23 53 -1 50 48 40 10
4 5 -1 11 15 17 19
25 54 -1 50 46 38 8
4 5 -1 11 15 17 19
26 55 -1 50 44 36 6
4 5 -1 11 15 17 19
27 57 -1 49 43 34 4
4 5 -1 11 15 17 19
28 58 -1 49 41 33 3
4 5 -1 11 15 17 19
30 59 -1 49 40 31 1
4 6 -1 11 15 17 18
31 0 -1 48 38 29 59
4 6 -1 11 15 17 18
32 1 -1 48 37 27 57
4 6 -1 11 15 17 18
33 3 -1 48 35 25 55
4 6 -1 11 15 17 18
34 4 -1 48 33 24 54
4 6 -1 11 15 17 18
36 5 -1 47 32 22 52
4 6 -1 11 15 17 18
37 6 -1 47 30 20 50
4 6 -1 11 15 17 18
38 8 -1 47 29 19 49
4 6 -1 11 15 17 18
39 9 -1 47 27 17 47
4 6 -1 11 15 17 18
41 10 -1 46 26 15 45
4 6 -1 11 15 17 18
42 11 -1 46 24 13 43
4 6 -1 11 15 17 18
43 13 -1 46 23 12 42
4 6 -1 11 15 17 18
44 14 -1 46 21 10 40
4 6 -1 11 15 17 18
45 15 -1 46 20 9 39
4 6 -1 11 15 17 18
47 17 -1 46 18 7 37
4 6 -1 11 15 17 18
48 18 -1 45 17 5 35
4 6 -1 11 15 17 18
49 19 -1 45 15 4 34
4 6 -1 11 15 17 18
50 20 -1 45 14 2 32
4 6 -1 11 15 17 18
51 22 -1 45 12 1 31
4 6 -1 11 15 16 18
53 23 -1 45 11 59 29
4 6 -1 11 15 16 18
54 24 -1 45 9 58 28
4 6 -1 11 15 16 18
55 26 -1 45 8 56 26
4 6 -1 11 15 16 18
56 27 -1 45 7 55 25
4 6 -1 11 15 16 18
57 28 -1 45 5 53 23
4 6 -1 11 15 16 18
59 30 -1 45 4 52 22
31































1
По всем вопросам касающимся приложения обращайтесь по WhatsApp +79952867503
1
10.2026

      
	
