1
For advertising or questions send us e-mail kogdanamaz@gmail.com 
30
3 5 -1 12 15 18 20
45 15 -1 15 37 33 17
3 5 -1 12 15 18 20
46 16 -1 15 36 31 15
3 5 -1 12 15 18 20
47 17 -1 15 35 30 13
3 5 -1 12 15 18 20
48 18 -1 15 34 28 11
3 5 -1 12 15 18 20
50 20 -1 15 33 26 11
3 5 -1 12 15 18 20
51 21 -1 15 32 25 9
3 5 -1 12 15 18 20
53 23 -1 15 31 23 7
3 5 -1 12 15 18 20
54 24 -1 15 30 21 5
3 5 -1 12 15 18 20
55 25 -1 15 29 19 4
3 5 -1 12 15 18 20
56 26 -1 15 28 17 2
3 5 -1 12 15 18 20
58 28 -1 15 27 15 0
4 5 -1 12 15 18 19
0 30 -1 15 26 13 58
4 5 -1 12 15 18 19
2 32 -1 15 25 11 56
4 5 -1 12 15 18 19
4 34 -1 15 24 9 54
4 5 -1 12 15 18 19
5 35 -1 15 23 7 52
4 5 -1 12 15 18 19
7 37 -1 15 22 5 50
4 5 -1 12 15 18 19
9 39 -1 15 21 3 49
4 5 -1 12 15 18 19
10 40 -1 15 20 1 47
4 5 -1 12 15 18 19
10 40 -1 15 19 0 45
4 5 -1 12 15 17 19
14 44 -1 15 17 58 43
4 5 -1 12 15 17 19
15 45 -1 15 16 56 40
4 5 -1 12 15 17 19
16 46 -1 15 14 54 38
4 5 -1 12 15 17 19
17 47 -1 15 13 52 36
4 5 -1 12 15 17 19
18 48 -1 15 12 50 34
4 5 -1 12 15 17 19
19 49 -1 15 10 48 32
4 5 -1 12 15 17 19
20 50 -1 15 9 47 30
4 5 -1 12 15 17 19
21 51 -1 15 8 45 28
4 5 -1 12 15 17 19
22 52 -1 15 7 44 26
4 5 -1 12 15 17 19
23 53 -1 15 6 43 24
4 5 -1 12 15 17 19
24 54 -1 15 5 42 22
30






























1
По всем вопросам касающимся приложения обращайтесь по WhatsApp +79952867503
1
09.2026

      
	
