1
For advertising or questions send us e-mail kogdanamaz@gmail.com 
30
2 4 -1 12 16 19 20
24 25 -1 10 32 26 56
2 4 -1 12 16 19 20
28 28 -1 10 30 22 52
2 4 -1 12 16 19 20
34 32 -1 10 28 18 48
2 4 -1 12 16 19 20
40 35 -1 10 26 14 44
2 4 -1 12 16 19 20
45 38 -1 10 24 10 40
2 4 -1 12 16 19 20
50 41 -1 10 22 6 36
2 4 -1 12 16 19 20
55 45 -1 10 22 3 33
3 4 -1 12 16 18 20
0 48 -1 10 20 59 29
3 4 -1 12 16 18 20
5 51 -1 10 18 55 25
3 4 -1 12 16 18 20
10 54 -1 10 16 51 21
3 4 -1 12 16 18 20
14 57 -1 9 14 47 17
3 5 -1 12 16 18 20
19 1 -1 9 12 43 13
3 5 -1 12 16 18 20
23 4 -1 9 10 39 9
3 5 -1 12 16 18 20
27 7 -1 8 8 35 5
3 5 -1 12 16 18 20
32 10 -1 8 6 31 1
3 5 -1 12 16 18 19
36 13 -1 7 4 27 57
3 5 -1 12 16 18 19
40 16 -1 7 2 24 54
3 5 -1 12 16 18 19
44 20 -1 7 0 20 50
3 5 -1 12 15 18 19
48 23 -1 6 58 16 46
3 5 -1 12 15 18 19
52 26 -1 6 56 12 42
3 5 -1 12 15 18 19
58 29 -1 5 54 8 38
3 5 -1 12 15 18 19
59 32 -1 5 52 4 34
4 5 -1 12 15 17 19
3 35 -1 4 50 59 29
4 5 -1 12 15 17 19
7 39 -1 3 48 57 27
4 5 -1 12 15 17 19
10 42 -1 2 46 53 23
4 5 -1 12 15 17 19
14 45 -1 1 44 49 19
4 5 -1 12 15 17 19
18 48 -1 0 42 45 15
4 5 -1 12 15 17 19
21 51 -1 0 40 41 11
4 5 -1 12 15 17 19
25 54 -1 0 38 37 7
4 5 -1 12 15 17 19
28 58 -1 0 36 33 3
30






























1
По всем вопросам касающимся приложения обращайтесь по WhatsApp +79952867503
1
09.2026

      
	
