1
For advertising or questions send us e-mail kogdanamaz@gmail.com 
31
4 6 -1 11 3 5 7
47 5 -1 58 12 49 9
4 6 -1 11 3 5 7
49 7 -1 58 11 47 7
4 6 -1 11 3 5 7
50 8 -1 58 10 46 5
4 6 -1 11 3 5 7
51 9 -1 57 8 44 3
4 6 -1 11 3 5 7
52 10 -1 57 7 42 2
4 6 -1 11 3 5 7
54 12 -1 57 5 40 0
4 6 -1 11 3 5 6
55 13 -1 56 4 38 58
4 6 -1 11 3 5 6
56 14 -1 56 3 36 56
4 6 -1 11 3 5 6
57 15 -1 56 1 35 54
4 6 -1 11 3 5 6
59 17 -1 56 0 33 52
5 6 -1 11 2 5 6
0 18 -1 55 59 31 51
5 6 -1 11 2 5 6
1 19 -1 55 57 29 49
5 6 -1 11 2 5 6
2 20 -1 55 56 28 47
5 6 -1 11 2 5 6
4 22 -1 55 55 26 46
5 6 -1 11 2 5 6
5 23 -1 54 53 24 44
5 6 -1 11 2 5 6
6 24 -1 54 52 22 42
5 6 -1 11 2 5 6
7 25 -1 54 51 21 41
5 6 -1 11 2 5 6
8 27 -1 54 49 19 39
5 6 -1 11 2 5 6
10 28 -1 54 48 17 37
5 6 -1 11 2 5 6
11 29 -1 53 47 16 36
5 6 -1 11 2 5 6
12 31 -1 53 45 14 34
5 6 -1 11 2 5 6
13 32 -1 53 44 12 33
5 6 -1 11 2 5 6
14 33 -1 53 43 11 31
5 6 -1 11 2 5 6
16 35 -1 53 42 9 30
5 6 -1 11 2 5 6
17 36 -1 53 40 8 28
5 6 -1 11 2 5 6
18 37 -1 53 39 6 27
5 6 -1 11 2 5 6
18 37 -1 53 39 6 27
5 6 -1 11 2 5 6
21 40 -1 52 37 3 24
5 6 -1 11 2 5 6
22 41 -1 52 36 2 23
5 6 -1 11 2 5 6
23 43 -1 52 34 0 22
5 6 -1 11 2 4 6
24 44 -1 52 33 59 20
31































1
По всем вопросам касающимся приложения обращайтесь по WhatsApp +79952867503
1
10.2026

      
	