1
For advertising or questions send us e-mail kogdanamaz@gmail.com 
31
5 7 -1 13 17 18 20
42 5 -1 5 2 54 17
5 7 -1 13 17 18 20
44 6 -1 5 0 52 15
5 7 -1 13 16 18 20
45 8 -1 4 58 50 12
5 7 -1 13 16 18 20
47 9 -1 4 56 48 10
5 7 -1 13 16 18 20
48 11 -1 4 54 46 8
5 7 -1 13 16 18 20
50 12 -1 3 52 43 6
5 7 -1 13 16 18 20
51 14 -1 3 50 41 4
5 7 -1 13 16 18 20
53 16 -1 3 48 39 2
5 7 -1 13 16 18 20
54 17 -1 3 46 37 0
5 7 -1 13 16 18 19
56 19 -1 2 45 35 58
5 7 -1 13 16 18 19
58 20 -1 2 43 33 56
5 7 -1 13 16 18 19
59 22 -1 2 41 31 54
6 7 -1 13 16 18 19
1 23 -1 2 39 29 52
6 7 -1 13 16 18 19
2 25 -1 1 37 27 50
6 7 -1 13 16 18 19
4 26 -1 1 35 25 48
6 7 -1 13 16 18 19
5 28 -1 1 34 23 46
6 7 -1 13 16 18 19
7 29 -1 1 32 21 44
6 7 -1 13 16 18 19
8 31 -1 0 30 19 42
6 7 -1 13 16 18 19
10 33 -1 0 28 17 40
6 7 -1 13 16 18 19
11 34 -1 0 26 15 38
6 7 -1 13 16 18 19
12 36 -1 0 25 13 36
6 7 -1 13 16 18 19
14 37 -1 0 23 11 35
6 7 -1 13 16 18 19
15 39 -1 0 21 9 33
6 7 -1 12 16 18 19
17 41 -1 59 19 8 31
6 7 -1 12 16 18 19
18 42 -1 59 18 6 30
6 7 -1 12 16 18 19
20 44 -1 59 16 4 28
6 7 -1 12 16 18 19
21 45 -1 59 14 2 26
6 7 -1 12 16 18 19
23 47 -1 59 13 0 25
6 7 -1 12 16 17 19
24 49 -1 59 11 59 23
6 7 -1 12 16 17 19
26 50 -1 59 9 57 21
6 7 -1 12 16 17 19
27 52 -1 59 8 55 20
31































1
По всем вопросам касающимся приложения обращайтесь по WhatsApp +79952867503
1
10.2026

      
	