1
For advertising or questions send us e-mail kogdanamaz@gmail.com 
31
5 7 -1 13 16 18 20
37 1 -1 1 56 50 14
5 7 -1 13 16 18 20
39 3 -1 1 54 47 12
5 7 -1 13 16 18 20
40 4 -1 0 52 45 9
5 7 -1 13 16 18 20
42 6 -1 0 51 43 7
5 7 -1 13 16 18 20
43 7 -1 0 49 41 5
5 7 -1 12 16 18 20
45 9 -1 59 47 39 3
5 7 -1 12 16 18 20
47 11 -1 59 45 37 1
5 7 -1 12 16 18 19
48 12 -1 59 43 34 58
5 7 -1 12 16 18 19
50 14 -1 59 41 32 56
5 7 -1 12 16 18 19
51 15 -1 58 39 30 54
5 7 -1 12 16 18 19
53 17 -1 58 37 28 52
5 7 -1 12 16 18 19
54 19 -1 58 35 26 50
5 7 -1 12 16 18 19
56 20 -1 57 33 24 48
5 7 -1 12 16 18 19
58 22 -1 57 31 22 46
5 7 -1 12 16 18 19
59 23 -1 57 30 20 44
6 7 -1 12 16 18 19
1 25 -1 57 28 18 42
6 7 -1 12 16 18 19
2 27 -1 57 26 16 40
6 7 -1 12 16 18 19
4 28 -1 56 24 14 38
6 7 -1 12 16 18 19
5 30 -1 56 22 12 36
6 7 -1 12 16 18 19
7 31 -1 56 20 10 34
6 7 -1 12 16 18 19
8 33 -1 56 18 8 33
6 7 -1 12 16 18 19
10 35 -1 56 17 6 31
6 7 -1 12 16 18 19
11 36 -1 56 15 4 29
6 7 -1 12 16 18 19
13 38 -1 55 13 2 27
6 7 -1 12 16 18 19
14 40 -1 55 11 0 25
6 7 -1 12 16 17 19
16 41 -1 55 10 58 24
6 7 -1 12 16 17 19
17 43 -1 55 8 56 22
6 7 -1 12 16 17 19
19 45 -1 55 6 55 20
6 7 -1 12 16 17 19
20 46 -1 55 4 53 19
6 7 -1 12 16 17 19
22 48 -1 55 3 51 17
6 7 -1 12 16 17 19
23 50 -1 55 1 49 15
31































1
По всем вопросам касающимся приложения обращайтесь по WhatsApp +79952867503
1
10.2026

      
	
