1
For advertising or questions send us e-mail kogdanamaz@gmail.com 
31
5 7 -1 13 17 19 20
59 20 -1 17 17 7 27
6 7 -1 13 17 19 20
0 21 -1 16 15 5 25
6 7 -1 13 17 19 20
2 22 -1 16 13 3 23
6 7 -1 13 17 19 20
3 24 -1 16 11 1 21
6 7 -1 13 17 18 20
5 25 -1 15 10 59 19
6 7 -1 13 17 18 20
6 26 -1 15 8 57 17
6 7 -1 13 17 18 20
7 28 -1 15 6 55 15
6 7 -1 13 17 18 20
9 29 -1 14 4 53 13
6 7 -1 13 17 18 20
10 30 -1 14 3 51 11
6 7 -1 13 17 18 20
11 32 -1 14 1 49 10
6 7 -1 13 16 18 20
13 33 -1 14 59 47 8
6 7 -1 13 16 18 20
14 35 -1 13 58 45 6
6 7 -1 13 16 18 20
16 36 -1 13 56 43 4
6 7 -1 13 16 18 20
17 37 -1 13 54 42 2
6 7 -1 13 16 18 20
18 39 -1 13 52 40 0
6 7 -1 13 16 18 19
20 40 -1 12 51 38 59
6 7 -1 13 16 18 19
21 42 -1 12 49 36 57
6 7 -1 13 16 18 19
22 43 -1 12 47 34 55
6 7 -1 13 16 18 19
24 44 -1 12 46 32 53
6 7 -1 13 16 18 19
25 46 -1 12 44 31 52
6 7 -1 13 16 18 19
26 47 -1 12 42 29 50
6 7 -1 13 16 18 19
28 49 -1 11 41 27 48
6 7 -1 13 16 18 19
29 50 -1 11 39 25 47
6 7 -1 13 16 18 19
30 52 -1 11 38 24 45
6 7 -1 13 16 18 19
32 53 -1 11 36 22 44
6 7 -1 13 16 18 19
33 55 -1 11 35 20 42
6 7 -1 13 16 18 19
34 56 -1 11 33 19 41
6 7 -1 13 16 18 19
36 58 -1 11 31 17 39
6 7 -1 13 16 18 19
37 59 -1 11 30 16 38
6 8 -1 13 16 18 19
38 0 -1 11 28 14 36
6 8 -1 13 16 18 19
40 2 -1 11 27 12 35
31































1
По всем вопросам касающимся приложения обращайтесь по WhatsApp +79952867503
1
10.2026

      
	