1
For advertising or questions send us e-mail kogdanamaz@gmail.com 
31
6 7 -1 13 17 19 20
1 23 -1 19 19 9 31
6 7 -1 13 17 19 20
2 24 -1 19 17 7 29
6 7 -1 13 17 19 20
4 25 -1 19 15 5 27
6 7 -1 13 17 19 20
5 27 -1 18 13 3 25
6 7 -1 13 17 19 20
7 28 -1 18 11 1 23
6 7 -1 13 17 18 20
8 30 -1 18 10 59 21
6 7 -1 13 17 18 20
10 31 -1 18 8 57 19
6 7 -1 13 17 18 20
11 32 -1 17 6 55 17
6 7 -1 13 17 18 20
12 34 -1 17 4 53 15
6 7 -1 13 17 18 20
14 35 -1 17 3 51 13
6 7 -1 13 17 18 20
15 37 -1 16 1 49 11
6 7 -1 13 16 18 20
17 38 -1 16 59 47 9
6 7 -1 13 16 18 20
18 40 -1 16 57 46 7
6 7 -1 13 16 18 20
19 41 -1 16 56 44 5
6 7 -1 13 16 18 20
21 42 -1 15 54 42 3
6 7 -1 13 16 18 20
22 44 -1 15 52 40 2
6 7 -1 13 16 18 20
24 45 -1 15 50 38 0
6 7 -1 13 16 18 19
25 47 -1 15 49 36 58
6 7 -1 13 16 18 19
26 48 -1 15 47 34 56
6 7 -1 13 16 18 19
28 50 -1 15 45 32 54
6 7 -1 13 16 18 19
29 51 -1 14 44 31 53
6 7 -1 13 16 18 19
30 53 -1 14 42 29 51
6 7 -1 13 16 18 19
32 54 -1 14 40 27 49
6 7 -1 13 16 18 19
33 56 -1 14 39 25 48
6 7 -1 13 16 18 19
35 57 -1 14 37 24 46
6 7 -1 13 16 18 19
36 59 -1 14 36 22 45
6 8 -1 13 16 18 19
37 0 -1 14 34 20 43
6 8 -1 13 16 18 19
39 2 -1 14 32 19 42
6 8 -1 13 16 18 19
40 3 -1 13 31 17 40
6 8 -1 13 16 18 19
41 5 -1 13 29 15 39
6 8 -1 13 16 18 19
43 6 -1 13 28 14 37
31































1
По всем вопросам касающимся приложения обращайтесь по WhatsApp +79952867503
1
10.2026

      
	