1
For advertising or questions send us e-mail kogdanamaz@gmail.com 
30
4 5 -1 12 17 19 20
24 53 -1 41 21 23 51
4 5 -1 12 17 19 20
26 54 -1 41 19 21 49
4 5 -1 12 17 19 20
28 56 -1 41 18 19 46
4 5 -1 12 17 19 20
29 57 -1 40 16 17 44
4 5 -1 12 17 19 20
31 59 -1 40 15 15 42
4 6 -1 12 17 19 20
33 0 -1 40 13 13 39
4 6 -1 12 17 19 20
35 1 -1 39 11 10 37
4 6 -1 12 17 19 20
36 3 -1 39 10 8 35
4 6 -1 12 17 19 20
38 4 -1 39 8 6 32
4 6 -1 12 17 19 20
40 5 -1 38 7 4 30
4 6 -1 12 17 19 20
41 7 -1 38 5 2 28
4 6 -1 12 17 19 20
43 8 -1 38 3 0 25
4 6 -1 12 17 18 20
44 9 -1 37 2 58 23
4 6 -1 12 17 18 20
46 11 -1 37 0 56 21
4 6 -1 12 16 18 20
48 12 -1 36 58 54 18
4 6 -1 12 16 18 20
49 13 -1 36 56 52 16
4 6 -1 12 16 18 20
51 15 -1 36 55 50 14
4 6 -1 12 16 18 20
52 16 -1 35 53 48 11
4 6 -1 12 16 18 20
54 18 -1 35 51 46 9
4 6 -1 12 16 18 20
55 19 -1 35 49 44 7
4 6 -1 12 16 18 20
57 20 -1 34 48 41 5
4 6 -1 12 16 18 20
59 22 -1 34 46 39 2
5 6 -1 12 16 18 20
0 23 -1 34 44 37 0
5 6 -1 12 16 18 19
2 24 -1 33 42 35 58
5 6 -1 12 16 18 19
3 26 -1 33 41 33 56
5 6 -1 12 16 18 19
5 27 -1 33 39 31 54
5 6 -1 12 16 18 19
6 29 -1 32 37 29 51
5 6 -1 12 16 18 19
8 30 -1 32 35 27 49
5 6 -1 12 16 18 19
9 31 -1 32 33 25 47
5 6 -1 12 16 18 19
11 33 -1 31 32 23 45
30






























1
По всем вопросам касающимся приложения обращайтесь по WhatsApp +79952867503
1
09.2026

      
	
