1
For advertising or questions send us e-mail kogdanamaz@gmail.com 
30
5 6 -1 13 18 20 21
21 42 -1 24 3 0 20
5 6 -1 13 18 19 21
23 43 -1 24 2 58 18
5 6 -1 13 18 19 21
24 44 -1 23 0 56 16
5 6 -1 13 17 19 21
25 45 -1 23 59 54 14
5 6 -1 13 17 19 21
27 46 -1 23 57 53 12
5 6 -1 13 17 19 21
28 47 -1 22 56 51 10
5 6 -1 13 17 19 21
29 48 -1 22 55 49 8
5 6 -1 13 17 19 21
31 49 -1 22 53 47 6
5 6 -1 13 17 19 21
32 51 -1 21 52 45 4
5 6 -1 13 17 19 21
33 52 -1 21 50 44 2
5 6 -1 13 17 19 21
35 53 -1 21 49 42 0
5 6 -1 13 17 19 20
36 54 -1 20 47 40 58
5 6 -1 13 17 19 20
37 55 -1 20 46 38 56
5 6 -1 13 17 19 20
39 56 -1 20 44 36 54
5 6 -1 13 17 19 20
40 57 -1 19 43 34 52
5 6 -1 13 17 19 20
41 58 -1 19 41 33 50
5 6 -1 13 17 19 20
43 59 -1 18 40 31 48
5 7 -1 13 17 19 20
44 1 -1 18 38 29 46
5 7 -1 13 17 19 20
45 2 -1 18 37 27 44
5 7 -1 13 17 19 20
46 3 -1 17 35 25 42
5 7 -1 13 17 19 20
48 4 -1 17 34 23 40
5 7 -1 13 17 19 20
49 5 -1 17 32 22 38
5 7 -1 13 17 19 20
50 6 -1 16 31 20 36
5 7 -1 13 17 19 20
51 7 -1 16 29 18 34
5 7 -1 13 17 19 20
52 8 -1 16 27 16 32
5 7 -1 13 17 19 20
54 10 -1 15 26 14 30
5 7 -1 13 17 19 20
55 11 -1 15 24 12 28
5 7 -1 13 17 19 20
56 12 -1 15 23 11 26
5 7 -1 13 17 19 20
57 13 -1 14 21 9 24
5 7 -1 13 17 19 20
59 14 -1 14 20 7 23
30






























1
По всем вопросам касающимся приложения обращайтесь по WhatsApp +79952867503
1
09.2026

      
	
