1
For advertising or questions send us e-mail kogdanamaz@gmail.com 
30
5 6 -1 13 18 19 21
20 39 -1 21 0 56 16
5 6 -1 13 17 19 21
21 40 -1 21 59 55 14
5 6 -1 13 17 19 21
22 41 -1 20 57 53 12
5 6 -1 13 17 19 21
24 42 -1 20 56 51 10
5 6 -1 13 17 19 21
25 44 -1 20 55 49 8
5 6 -1 13 17 19 21
26 45 -1 19 53 48 6
5 6 -1 13 17 19 21
28 46 -1 19 52 46 4
5 6 -1 13 17 19 21
29 47 -1 19 50 44 2
5 6 -1 13 17 19 21
30 48 -1 18 49 42 0
5 6 -1 13 17 19 20
31 49 -1 18 47 40 58
5 6 -1 13 17 19 20
33 50 -1 18 46 39 56
5 6 -1 13 17 19 20
34 51 -1 17 45 37 54
5 6 -1 13 17 19 20
35 52 -1 17 43 35 52
5 6 -1 13 17 19 20
37 53 -1 17 42 33 50
5 6 -1 13 17 19 20
38 55 -1 16 40 31 48
5 6 -1 13 17 19 20
39 56 -1 16 39 30 46
5 6 -1 13 17 19 20
40 57 -1 16 37 28 44
5 6 -1 13 17 19 20
42 58 -1 15 36 26 42
5 6 -1 13 17 19 20
43 59 -1 15 34 24 40
5 7 -1 13 17 19 20
44 0 -1 15 33 22 38
5 7 -1 13 17 19 20
45 1 -1 14 31 21 36
5 7 -1 13 17 19 20
47 2 -1 14 30 19 34
5 7 -1 13 17 19 20
48 3 -1 13 28 17 32
5 7 -1 13 17 19 20
49 4 -1 13 26 15 31
5 7 -1 13 17 19 20
50 6 -1 13 25 13 29
5 7 -1 13 17 19 20
51 7 -1 12 23 11 27
5 7 -1 13 17 19 20
53 8 -1 12 22 10 25
5 7 -1 13 17 19 20
54 9 -1 12 20 8 23
5 7 -1 13 17 19 20
55 10 -1 11 19 6 21
5 7 -1 13 17 19 20
56 11 -1 11 17 4 19
30






























1
По всем вопросам касающимся приложения обращайтесь по WhatsApp +79952867503
1
09.2026

      
	
