1
For advertising or questions send us e-mail kogdanamaz@gmail.com 
31
4 5 -1 11 15 17 19
36 56 -1 53 54 44 3
4 5 -1 11 15 17 19
37 57 -1 53 52 42 1
4 5 -1 11 15 17 18
39 59 -1 53 50 40 59
4 6 -1 11 15 17 18
40 0 -1 52 49 38 57
4 6 -1 11 15 17 18
41 1 -1 52 47 36 55
4 6 -1 11 15 17 18
43 3 -1 52 45 34 54
4 6 -1 11 15 17 18
44 4 -1 51 44 32 52
4 6 -1 11 15 17 18
46 5 -1 51 42 30 50
4 6 -1 11 15 17 18
47 7 -1 51 40 28 48
4 6 -1 11 15 17 18
48 8 -1 50 38 26 46
4 6 -1 11 15 17 18
50 9 -1 50 37 24 44
4 6 -1 11 15 17 18
51 11 -1 50 35 23 42
4 6 -1 11 15 17 18
52 12 -1 50 33 21 40
4 6 -1 11 15 17 18
54 13 -1 49 32 19 39
4 6 -1 11 15 17 18
55 15 -1 49 30 17 37
4 6 -1 11 15 17 18
56 16 -1 49 28 15 35
4 6 -1 11 15 17 18
58 18 -1 49 27 13 33
4 6 -1 11 15 17 18
59 19 -1 49 25 12 32
5 6 -1 11 15 17 18
0 20 -1 48 23 10 30
5 6 -1 11 15 17 18
1 22 -1 48 22 8 28
5 6 -1 11 15 17 18
3 23 -1 48 20 6 27
5 6 -1 11 15 17 18
4 25 -1 48 19 5 25
5 6 -1 11 15 17 18
5 26 -1 48 17 3 23
5 6 -1 11 15 17 18
7 27 -1 48 15 1 22
5 6 -1 11 15 17 18
8 29 -1 48 14 0 20
5 6 -1 11 15 16 18
9 30 -1 47 12 58 19
5 6 -1 11 15 16 18
11 32 -1 47 11 56 17
5 6 -1 11 15 16 18
12 33 -1 47 9 55 16
5 6 -1 11 15 16 18
13 35 -1 47 8 53 14
5 6 -1 11 15 16 18
15 36 -1 47 6 52 13
5 6 -1 11 15 16 18
16 37 -1 47 5 50 12
31































1
По всем вопросам касающимся приложения обращайтесь по WhatsApp +79952867503
1
10.2026

      
	