1
For advertising or questions send us e-mail kogdanamaz@gmail.com 
30
4 6 -1 13 16 20 21
30 8 -1 8 51 2 36
4 6 -1 13 16 20 21
32 10 -1 7 50 0 33
4 6 -1 13 16 19 21
34 12 -1 7 48 57 31
4 6 -1 13 16 19 21
36 14 -1 7 47 55 28
4 6 -1 13 16 19 21
38 16 -1 7 45 52 25
4 6 -1 13 16 19 21
40 17 -1 6 43 50 23
4 6 -1 13 16 19 21
42 19 -1 6 42 47 20
4 6 -1 13 16 19 21
44 21 -1 5 40 45 17
4 6 -1 13 16 19 21
46 23 -1 5 38 42 15
4 6 -1 13 16 19 21
48 25 -1 5 37 40 12
4 6 -1 13 16 19 21
50 27 -1 4 35 37 10
4 6 -1 13 16 19 21
52 29 -1 4 33 34 7
4 6 -1 13 16 19 21
54 30 -1 4 32 32 4
4 6 -1 13 16 19 21
55 32 -1 3 30 29 2
4 6 -1 13 16 19 20
57 34 -1 3 28 27 59
4 6 -1 13 16 19 20
59 36 -1 3 26 24 56
5 6 -1 13 16 19 20
1 38 -1 2 25 22 54
5 6 -1 13 16 19 20
3 40 -1 2 23 19 51
5 6 -1 13 16 19 20
5 42 -1 2 21 17 49
5 6 -1 13 16 19 20
7 43 -1 1 19 14 46
5 6 -1 13 16 19 20
9 45 -1 1 17 11 44
5 6 -1 13 16 19 20
10 47 -1 1 16 9 41
5 6 -1 13 16 19 20
12 49 -1 0 14 6 38
5 6 -1 13 16 19 20
14 51 -1 0 12 4 36
5 6 -1 12 16 19 20
16 53 -1 59 10 1 33
5 6 -1 12 16 18 20
18 55 -1 59 8 59 31
5 6 -1 12 16 18 20
20 57 -1 59 6 56 28
5 6 -1 12 16 18 20
21 58 -1 58 4 53 26
5 7 -1 12 16 18 20
23 0 -1 58 3 51 23
5 7 -1 12 16 18 20
25 2 -1 58 1 48 21
30






























1
По всем вопросам касающимся приложения обращайтесь по WhatsApp +79952867503
1
09.2026

      
	
