1
For advertising or questions send us e-mail kogdanamaz@gmail.com 
30
5 6 -1 13 18 20 21
4 32 -1 24 4 6 33
5 6 -1 13 18 20 21
6 33 -1 24 3 4 31
5 6 -1 13 18 20 21
8 34 -1 24 1 2 29
5 6 -1 13 17 20 21
9 36 -1 23 59 0 26
5 6 -1 13 17 19 21
11 37 -1 23 58 58 24
5 6 -1 13 17 19 21
13 39 -1 23 56 56 21
5 6 -1 13 17 19 21
15 40 -1 22 54 54 19
5 6 -1 13 17 19 21
16 41 -1 22 53 52 17
5 6 -1 13 17 19 21
18 43 -1 22 51 50 14
5 6 -1 13 17 19 21
20 44 -1 21 49 48 12
5 6 -1 13 17 19 21
21 45 -1 21 48 46 10
5 6 -1 13 17 19 21
23 47 -1 21 46 43 7
5 6 -1 13 17 19 21
25 48 -1 20 44 41 5
5 6 -1 13 17 19 21
26 50 -1 20 43 39 3
5 6 -1 13 17 19 21
28 51 -1 20 41 37 0
5 6 -1 13 17 19 20
29 52 -1 19 39 35 58
5 6 -1 13 17 19 20
31 54 -1 19 37 33 56
5 6 -1 13 17 19 20
33 55 -1 18 36 31 53
5 6 -1 13 17 19 20
34 57 -1 18 34 29 51
5 6 -1 13 17 19 20
36 58 -1 18 32 27 49
5 6 -1 13 17 19 20
37 59 -1 17 30 25 46
5 7 -1 13 17 19 20
39 1 -1 17 29 22 44
5 7 -1 13 17 19 20
40 2 -1 17 27 20 42
5 7 -1 13 17 19 20
42 4 -1 16 25 18 40
5 7 -1 13 17 19 20
44 5 -1 16 23 16 37
5 7 -1 13 17 19 20
45 6 -1 16 21 14 35
5 7 -1 13 17 19 20
47 8 -1 15 20 12 33
5 7 -1 13 17 19 20
48 9 -1 15 18 10 31
5 7 -1 13 17 19 20
50 11 -1 15 16 8 29
5 7 -1 13 17 19 20
51 12 -1 14 14 6 27
30






























1
По всем вопросам касающимся приложения обращайтесь по WhatsApp +79952867503
1
09.2026

      
	
