1
For advertising or questions send us e-mail kogdanamaz@gmail.com 
31
6 7 -1 13 17 19 20
14 44 -1 42 33 30 59
6 7 -1 13 17 19 20
16 45 -1 42 31 27 57
6 7 -1 13 17 19 20
17 47 -1 42 29 25 55
6 7 -1 13 17 19 20
19 49 -1 41 27 22 52
6 7 -1 13 17 19 20
21 51 -1 41 25 20 50
6 7 -1 13 17 19 20
23 52 -1 41 23 18 47
6 7 -1 13 17 19 20
25 54 -1 40 21 15 45
6 7 -1 13 17 19 20
26 56 -1 40 18 13 43
6 7 -1 13 17 19 20
28 58 -1 40 16 11 40
6 8 -1 13 17 19 20
30 0 -1 40 14 8 38
6 8 -1 13 17 19 20
32 1 -1 39 12 6 36
6 8 -1 13 17 19 20
34 3 -1 39 10 4 33
6 8 -1 13 17 19 20
35 5 -1 39 8 2 31
6 8 -1 13 17 18 20
37 7 -1 39 6 59 29
6 8 -1 13 17 18 20
39 9 -1 38 4 57 27
6 8 -1 13 17 18 20
40 10 -1 38 2 55 25
6 8 -1 13 17 18 20
42 12 -1 38 0 53 22
6 8 -1 13 16 18 20
44 14 -1 38 58 50 20
6 8 -1 13 16 18 20
46 16 -1 37 56 48 18
6 8 -1 13 16 18 20
47 18 -1 37 54 46 16
6 8 -1 13 16 18 20
49 19 -1 37 52 44 14
6 8 -1 13 16 18 20
51 21 -1 37 50 42 12
6 8 -1 13 16 18 20
52 23 -1 37 48 40 10
6 8 -1 13 16 18 20
54 25 -1 37 46 37 8
6 8 -1 13 16 18 20
56 27 -1 37 44 35 6
6 8 -1 13 16 18 20
58 29 -1 36 42 33 4
6 8 -1 13 16 18 20
59 31 -1 36 40 31 3
7 8 -1 13 16 18 20
1 32 -1 36 38 29 1
7 8 -1 13 16 18 19
3 34 -1 36 37 27 59
7 8 -1 13 16 18 19
4 36 -1 36 35 25 57
7 8 -1 13 16 18 19
6 38 -1 36 33 23 55
31































1
По всем вопросам касающимся приложения обращайтесь по WhatsApp +79952867503
1
10.2026

      
	
