1
For advertising or questions send us e-mail kogdanamaz@gmail.com 
30
5 6 -1 13 18 20 21
35 51 -1 31 10 4 21
5 6 -1 13 18 20 21
36 52 -1 31 8 3 19
5 6 -1 13 18 20 21
37 53 -1 30 7 1 17
5 6 -1 13 18 19 21
38 54 -1 30 6 59 15
5 6 -1 13 18 19 21
40 55 -1 30 4 58 13
5 6 -1 13 18 19 21
41 56 -1 29 3 56 11
5 6 -1 13 18 19 21
42 57 -1 29 2 54 9
5 6 -1 13 18 19 21
43 58 -1 29 0 53 8
5 6 -1 13 17 19 21
44 59 -1 28 59 51 6
5 7 -1 13 17 19 21
46 0 -1 28 58 49 4
5 7 -1 13 17 19 21
47 1 -1 28 56 47 2
5 7 -1 13 17 19 21
48 2 -1 27 55 46 0
5 7 -1 13 17 19 20
49 3 -1 27 54 44 58
5 7 -1 13 17 19 20
50 4 -1 27 52 42 56
5 7 -1 13 17 19 20
51 5 -1 26 51 41 55
5 7 -1 13 17 19 20
52 6 -1 26 49 39 53
5 7 -1 13 17 19 20
54 7 -1 26 48 37 51
5 7 -1 13 17 19 20
55 8 -1 25 47 35 49
5 7 -1 13 17 19 20
56 9 -1 25 45 34 47
5 7 -1 13 17 19 20
57 10 -1 25 44 32 45
5 7 -1 13 17 19 20
58 11 -1 24 42 30 44
5 7 -1 13 17 19 20
59 12 -1 24 41 29 42
6 7 -1 13 17 19 20
0 13 -1 23 39 27 40
6 7 -1 13 17 19 20
1 14 -1 23 38 25 38
6 7 -1 13 17 19 20
2 15 -1 23 36 23 36
6 7 -1 13 17 19 20
4 16 -1 22 35 22 35
6 7 -1 13 17 19 20
5 18 -1 22 33 20 33
6 7 -1 13 17 19 20
6 19 -1 22 32 18 31
6 7 -1 13 17 19 20
7 20 -1 21 31 17 29
6 7 -1 13 17 19 20
8 21 -1 21 29 15 28
30






























1
По всем вопросам касающимся приложения обращайтесь по WhatsApp +79952867503
1
09.2026

      
	
