1
For advertising or questions send us e-mail kogdanamaz@gmail.com 
31
6 7 -1 13 17 19 20
6 30 -1 30 25 19 43
6 7 -1 13 17 19 20
8 32 -1 30 23 16 40
6 7 -1 13 17 19 20
9 33 -1 29 22 14 38
6 7 -1 13 17 19 20
11 35 -1 29 20 12 36
6 7 -1 13 17 19 20
13 36 -1 29 18 10 34
6 7 -1 13 17 19 20
14 38 -1 28 16 8 32
6 7 -1 13 17 19 20
16 40 -1 28 14 6 30
6 7 -1 13 17 19 20
17 41 -1 28 12 4 27
6 7 -1 13 17 19 20
19 43 -1 28 10 1 25
6 7 -1 13 17 18 20
20 44 -1 27 8 59 23
6 7 -1 13 17 18 20
22 46 -1 27 6 57 21
6 7 -1 13 17 18 20
24 48 -1 27 4 55 19
6 7 -1 13 17 18 20
25 49 -1 27 2 53 17
6 7 -1 13 17 18 20
27 51 -1 26 1 51 15
6 7 -1 13 16 18 20
28 52 -1 26 59 49 13
6 7 -1 13 16 18 20
30 54 -1 26 57 47 11
6 7 -1 13 16 18 20
31 56 -1 26 55 45 9
6 7 -1 13 16 18 20
33 57 -1 25 53 43 7
6 7 -1 13 16 18 20
34 59 -1 25 51 41 5
6 8 -1 13 16 18 20
36 0 -1 25 49 39 3
6 8 -1 13 16 18 20
37 2 -1 25 48 37 1
6 8 -1 13 16 18 20
39 4 -1 25 46 35 0
6 8 -1 13 16 18 19
40 5 -1 25 44 33 58
6 8 -1 13 16 18 19
42 7 -1 24 42 31 56
6 8 -1 13 16 18 19
43 9 -1 24 41 29 54
6 8 -1 13 16 18 19
45 10 -1 24 39 27 53
6 8 -1 13 16 18 19
47 12 -1 24 37 26 51
6 8 -1 13 16 18 19
48 14 -1 24 35 24 49
6 8 -1 13 16 18 19
49 15 -1 24 34 22 48
6 8 -1 13 16 18 19
51 17 -1 24 32 20 46
6 8 -1 13 16 18 19
52 19 -1 24 30 18 45
31































1
По всем вопросам касающимся приложения обращайтесь по WhatsApp +79952867503
1
10.2026

      
	