1
For advertising or questions send us e-mail kogdanamaz@gmail.com 
30
4 6 -1 12 17 19 20
51 12 -1 55 34 31 51
4 6 -1 12 17 19 20
52 13 -1 54 32 29 49
4 6 -1 12 17 19 20
54 14 -1 54 31 27 47
4 6 -1 12 17 19 20
55 15 -1 54 30 25 45
4 6 -1 12 17 19 20
57 16 -1 53 28 24 43
4 6 -1 12 17 19 20
58 18 -1 53 27 22 41
4 6 -1 12 17 19 20
59 19 -1 53 25 20 39
5 6 -1 12 17 19 20
1 20 -1 52 24 18 37
5 6 -1 12 17 19 20
2 21 -1 52 22 16 35
5 6 -1 12 17 19 20
3 22 -1 52 21 15 33
5 6 -1 12 17 19 20
5 23 -1 51 19 13 31
5 6 -1 12 17 19 20
6 24 -1 51 18 11 29
5 6 -1 12 17 19 20
7 25 -1 51 16 9 27
5 6 -1 12 17 19 20
9 27 -1 50 15 7 25
5 6 -1 12 17 19 20
10 28 -1 50 13 5 23
5 6 -1 12 17 19 20
11 29 -1 50 12 3 21
5 6 -1 12 17 19 20
13 30 -1 49 10 2 19
5 6 -1 12 17 19 20
14 31 -1 49 9 0 17
5 6 -1 12 17 18 20
15 32 -1 48 7 58 15
5 6 -1 12 17 18 20
16 33 -1 48 6 56 13
5 6 -1 12 17 18 20
18 35 -1 48 4 54 11
5 6 -1 12 17 18 20
19 36 -1 47 3 52 9
5 6 -1 12 17 18 20
20 37 -1 47 1 51 7
5 6 -1 12 16 18 20
21 38 -1 47 59 49 5
5 6 -1 12 16 18 20
23 39 -1 46 58 47 3
5 6 -1 12 16 18 20
24 40 -1 46 56 45 1
5 6 -1 12 16 18 19
25 41 -1 46 55 43 59
5 6 -1 12 16 18 19
26 43 -1 45 53 41 57
5 6 -1 12 16 18 19
28 44 -1 45 52 39 55
5 6 -1 12 16 18 19
29 45 -1 45 50 38 54
30






























1
По всем вопросам касающимся приложения обращайтесь по WhatsApp +79952867503
1
09.2026

      
	
