1
For advertising or questions send us e-mail kogdanamaz@gmail.com 
31
5 6 -1 12 16 18 19
30 46 -1 44 48 36 52
5 6 -1 12 16 18 19
31 47 -1 44 47 34 50
5 6 -1 12 16 18 19
32 48 -1 44 45 32 48
5 6 -1 12 16 18 19
34 50 -1 43 44 30 46
5 6 -1 12 16 18 19
35 51 -1 43 42 29 44
5 6 -1 12 16 18 19
36 52 -1 43 40 27 43
5 6 -1 12 16 18 19
37 53 -1 42 39 25 41
5 6 -1 12 16 18 19
39 54 -1 42 37 23 39
5 6 -1 12 16 18 19
40 56 -1 42 36 22 37
5 6 -1 12 16 18 19
41 57 -1 42 34 20 36
5 6 -1 12 16 18 19
42 58 -1 41 32 18 34
5 6 -1 12 16 18 19
43 59 -1 41 31 16 32
5 7 -1 12 16 18 19
44 0 -1 41 29 15 31
5 7 -1 12 16 18 19
46 2 -1 41 28 13 29
5 7 -1 12 16 18 19
47 3 -1 40 26 11 27
5 7 -1 12 16 18 19
48 4 -1 40 25 10 26
5 7 -1 12 16 18 19
49 5 -1 40 23 8 24
5 7 -1 12 16 18 19
50 7 -1 40 22 6 23
5 7 -1 12 16 18 19
52 8 -1 40 20 5 21
5 7 -1 12 16 18 19
53 9 -1 39 19 3 19
5 7 -1 12 16 18 19
54 10 -1 39 17 1 18
5 7 -1 12 16 18 19
55 12 -1 39 16 0 16
5 7 -1 12 16 17 19
56 13 -1 39 14 58 15
5 7 -1 12 16 17 19
57 14 -1 39 13 57 14
5 7 -1 12 16 17 19
59 16 -1 39 11 55 12
6 7 -1 12 16 17 19
0 17 -1 39 10 54 11
6 7 -1 12 16 17 19
1 18 -1 39 9 52 9
6 7 -1 12 16 17 19
2 19 -1 38 7 51 8
6 7 -1 12 16 17 19
3 21 -1 38 6 49 7
6 7 -1 12 16 17 19
5 22 -1 38 5 48 5
6 7 -1 12 16 17 19
6 23 -1 38 3 47 4
31































1
По всем вопросам касающимся приложения обращайтесь по WhatsApp +79952867503
1
10.2026

      
	
