1
For advertising or questions send us e-mail kogdanamaz@gmail.com 
30
2 4 -1 12 16 18 20
28 49 -1 0 23 36 27
2 4 -1 12 16 18 20
31 51 -1 0 21 33 24
2 4 -1 12 16 18 20
34 53 -1 0 19 31 21
2 4 -1 12 16 18 20
37 55 -1 0 18 28 18
2 4 -1 12 16 18 20
40 57 -1 0 16 26 15
2 4 -1 12 16 18 20
43 59 -1 0 14 23 11
2 5 -1 12 16 18 20
46 1 -1 0 12 21 8
2 5 -1 12 16 18 20
49 3 -1 0 10 18 5
2 5 -1 12 16 18 20
51 4 -1 0 7 16 2
2 5 -1 12 16 18 19
54 6 -1 0 5 13 59
2 5 -1 12 16 18 19
57 8 -1 0 3 11 56
2 5 -1 12 16 18 19
59 10 -1 0 1 8 53
3 5 -1 12 15 18 19
2 12 -1 0 59 6 50
3 5 -1 12 15 18 19
4 14 -1 0 57 3 47
3 5 -1 12 15 18 19
7 16 -1 0 55 0 44
3 5 -1 12 15 17 19
9 17 -1 0 53 58 41
3 5 -1 12 15 17 19
12 19 -1 0 51 55 38
3 5 -1 12 15 17 19
14 21 -1 0 49 53 35
3 5 -1 12 15 17 19
17 23 -1 0 46 50 32
3 5 -1 12 15 17 19
19 25 -1 0 44 48 29
3 5 -1 12 15 17 19
21 27 -1 0 42 45 26
3 5 -1 12 15 17 19
24 29 -1 0 40 42 24
3 5 -1 12 15 17 19
26 30 -1 0 38 40 21
3 5 -1 12 15 17 19
28 32 -1 0 36 37 18
3 5 -1 12 15 17 19
31 34 -1 0 33 35 15
3 5 -1 12 15 17 19
33 36 -1 0 31 32 12
3 5 -1 12 15 17 19
35 38 -1 0 29 30 10
3 5 -1 12 15 17 19
37 40 -1 0 27 27 7
3 5 -1 12 15 17 19
39 42 -1 0 25 25 4
3 5 -1 12 15 17 19
42 44 -1 0 22 22 1
30






























1
По всем вопросам касающимся приложения обращайтесь по WhatsApp +79952867503
1
09.2026

      
	
