1
For advertising or questions send us e-mail kogdanamaz@gmail.com 
31
4 6 -1 12 15 18 19
42 18 -1 15 30 7 38
4 6 -1 12 15 18 19
43 19 -1 14 29 5 36
4 6 -1 12 15 18 19
45 20 -1 14 28 3 34
4 6 -1 12 15 18 19
46 22 -1 14 26 1 32
4 6 -1 12 15 17 19
47 23 -1 13 25 59 30
4 6 -1 12 15 17 19
48 24 -1 13 24 58 28
4 6 -1 12 15 17 19
50 25 -1 13 22 56 26
4 6 -1 12 15 17 19
51 26 -1 13 21 54 25
4 6 -1 12 15 17 19
52 28 -1 12 20 52 23
4 6 -1 12 15 17 19
53 29 -1 12 18 51 21
4 6 -1 12 15 17 19
55 30 -1 12 17 49 19
4 6 -1 12 15 17 19
56 31 -1 12 16 47 18
4 6 -1 12 15 17 19
57 33 -1 11 14 45 16
4 6 -1 12 15 17 19
58 34 -1 11 13 44 14
4 6 -1 12 15 17 19
59 35 -1 11 12 42 13
5 6 -1 12 15 17 19
1 36 -1 11 10 40 11
5 6 -1 12 15 17 19
2 38 -1 10 9 39 9
5 6 -1 12 15 17 19
3 39 -1 10 8 37 8
5 6 -1 12 15 17 19
4 40 -1 10 6 35 6
5 6 -1 12 15 17 19
6 41 -1 10 5 34 5
5 6 -1 12 15 17 19
7 43 -1 10 4 32 3
5 6 -1 12 15 17 19
8 44 -1 10 3 31 2
5 6 -1 12 15 17 19
9 45 -1 9 1 29 0
5 6 -1 12 15 17 18
10 47 -1 9 0 28 59
5 6 -1 12 14 17 18
12 48 -1 9 59 26 57
5 6 -1 12 14 17 18
13 49 -1 9 58 25 56
5 6 -1 12 14 17 18
14 50 -1 9 57 23 55
5 6 -1 12 14 17 18
15 52 -1 9 55 22 53
5 6 -1 12 14 17 18
16 53 -1 9 54 20 52
5 6 -1 12 14 17 18
17 54 -1 9 53 19 51
5 6 -1 12 14 17 18
19 56 -1 9 52 17 49
31































1
По всем вопросам касающимся приложения обращайтесь по WhatsApp +79952867503
1
10.2026

      
	