1
For advertising or questions send us e-mail kogdanamaz@gmail.com 
31
5 6 -1 12 16 18 19
29 50 -1 44 51 37 53
5 6 -1 12 16 18 19
30 51 -1 44 50 36 51
5 6 -1 12 16 18 19
31 52 -1 43 48 34 49
5 6 -1 12 16 18 19
33 53 -1 43 47 32 48
5 6 -1 12 16 18 19
34 55 -1 43 45 31 46
5 6 -1 12 16 18 19
35 56 -1 42 44 29 44
5 6 -1 12 16 18 19
36 57 -1 42 42 27 43
5 6 -1 12 16 18 19
37 58 -1 42 41 26 41
5 6 -1 12 16 18 19
38 59 -1 41 40 24 39
5 7 -1 12 16 18 19
39 0 -1 41 38 22 38
5 7 -1 12 16 18 19
40 1 -1 41 37 21 36
5 7 -1 12 16 18 19
41 2 -1 41 35 19 35
5 7 -1 12 16 18 19
42 3 -1 40 34 18 33
5 7 -1 12 16 18 19
43 4 -1 40 32 16 32
5 7 -1 12 16 18 19
44 5 -1 40 31 14 30
5 7 -1 12 16 18 19
45 6 -1 40 30 13 29
5 7 -1 12 16 18 19
46 8 -1 40 28 11 27
5 7 -1 12 16 18 19
47 9 -1 39 27 10 26
5 7 -1 12 16 18 19
48 10 -1 39 25 8 24
5 7 -1 12 16 18 19
50 11 -1 39 24 7 23
5 7 -1 12 16 18 19
51 12 -1 39 23 5 21
5 7 -1 12 16 18 19
52 13 -1 39 21 4 20
5 7 -1 12 16 18 19
53 14 -1 38 20 3 19
5 7 -1 12 16 18 19
54 15 -1 38 19 1 17
5 7 -1 12 16 18 19
55 17 -1 38 17 0 16
5 7 -1 12 16 17 19
56 18 -1 38 16 58 15
5 7 -1 12 16 17 19
57 19 -1 38 15 57 14
5 7 -1 12 16 17 19
58 20 -1 38 14 56 12
5 7 -1 12 16 17 19
59 21 -1 38 12 54 11
6 7 -1 12 16 17 19
0 22 -1 38 11 53 10
6 7 -1 12 16 17 19
1 24 -1 38 10 52 9
31































1
По всем вопросам касающимся приложения обращайтесь по WhatsApp +79952867503
1
10.2026

      
	
