1
For advertising or questions send us e-mail kogdanamaz@gmail.com 
30
4 5 -1 13 17 19 21
23 53 -1 15 26 37 26
4 5 -1 13 17 19 21
25 55 -1 15 24 35 23
4 5 -1 13 17 19 21
27 57 -1 15 22 32 20
4 5 -1 13 17 19 21
29 59 -1 15 20 30 17
4 6 -1 13 17 19 21
31 1 -1 15 18 28 14
4 6 -1 13 17 19 21
32 2 -1 15 16 25 11
4 6 -1 13 17 19 21
34 4 -1 15 14 23 8
4 6 -1 13 17 19 21
36 6 -1 15 12 20 5
4 6 -1 13 17 19 21
38 8 -1 15 10 18 2
4 6 -1 13 17 19 20
40 10 -1 15 8 15 59
4 6 -1 13 17 19 20
41 11 -1 15 6 13 56
4 6 -1 13 17 19 20
43 13 -1 15 4 10 53
4 6 -1 13 17 19 20
45 15 -1 15 2 8 50
4 6 -1 13 17 19 20
47 17 -1 15 0 5 47
4 6 -1 13 16 19 20
49 19 -1 15 58 3 44
4 6 -1 13 16 19 20
51 21 -1 15 56 0 41
4 6 -1 13 16 18 20
52 22 -1 15 54 58 38
4 6 -1 13 16 18 20
54 24 -1 15 52 55 36
4 6 -1 13 16 18 20
56 26 -1 15 50 53 33
4 6 -1 13 16 18 20
58 28 -1 15 48 50 30
5 6 -1 13 16 18 20
0 30 -1 15 46 47 27
5 6 -1 13 16 18 20
1 31 -1 15 43 45 24
5 6 -1 13 16 18 20
3 33 -1 15 41 42 22
5 6 -1 13 16 18 20
5 35 -1 15 39 40 19
5 6 -1 13 16 18 20
7 37 -1 15 37 37 16
5 6 -1 13 16 18 20
9 39 -1 15 35 35 13
5 6 -1 13 16 18 20
11 41 -1 15 33 32 11
5 6 -1 13 16 18 20
12 42 -1 15 31 30 8
5 6 -1 13 16 18 20
14 44 -1 15 28 27 5
5 6 -1 13 16 18 20
16 46 -1 15 26 25 3
30






























1
По всем вопросам касающимся приложения обращайтесь по WhatsApp +79952867503
1
09.2026

      
	
