1
For advertising or questions send us e-mail kogdanamaz@gmail.com 
30
3 5 -1 12 15 18 20
50 32 -1 9 50 45 20
3 5 -1 12 15 18 20
51 33 -1 9 49 43 18
3 5 -1 12 15 18 20
53 34 -1 9 48 41 16
3 5 -1 12 15 18 20
54 35 -1 8 47 39 14
3 5 -1 12 15 18 20
56 36 -1 8 46 38 12
3 5 -1 12 15 18 20
57 37 -1 8 45 36 10
3 5 -1 12 15 18 20
58 38 -1 7 44 34 8
4 5 -1 12 15 18 20
0 39 -1 7 43 32 6
4 5 -1 12 15 18 20
1 40 -1 7 42 30 4
4 5 -1 12 15 18 20
3 42 -1 6 40 29 2
4 5 -1 12 15 18 20
4 43 -1 6 39 27 0
4 5 -1 12 15 18 19
5 44 -1 6 38 25 58
4 5 -1 12 15 18 19
7 45 -1 5 37 23 56
4 5 -1 12 15 18 19
8 46 -1 5 36 21 53
4 5 -1 12 15 18 19
10 47 -1 4 35 20 51
4 5 -1 12 15 18 19
11 48 -1 4 33 18 49
4 5 -1 12 15 18 19
12 49 -1 4 32 16 47
4 5 -1 12 15 18 19
14 50 -1 3 31 14 45
4 5 -1 12 15 18 19
15 52 -1 3 30 12 43
4 5 -1 12 15 18 19
16 53 -1 3 28 10 41
4 5 -1 12 15 18 19
17 54 -1 2 27 9 39
4 5 -1 12 15 18 19
19 55 -1 2 26 7 37
4 5 -1 12 15 18 19
20 56 -1 2 25 5 35
4 5 -1 12 15 18 19
21 57 -1 1 23 3 34
4 5 -1 12 15 18 19
23 58 -1 1 22 1 32
4 5 -1 12 15 18 19
24 59 -1 1 21 0 30
4 6 -1 12 15 17 19
25 1 -1 0 19 58 28
4 6 -1 12 15 17 19
26 2 -1 0 18 56 26
4 6 -1 12 15 17 19
28 3 -1 0 17 54 24
4 6 -1 11 15 17 19
29 4 -1 59 16 52 22
30






























1
По всем вопросам касающимся приложения обращайтесь по WhatsApp +79952867503
1
09.2026

      
	
