1
For advertising or questions send us e-mail kogdanamaz@gmail.com 
30
2 4 -1 11 16 18 20
23 47 -1 41 21 35 28
2 4 -1 11 16 18 20
26 48 -1 41 19 32 24
2 4 -1 11 16 18 20
29 50 -1 41 17 30 21
2 4 -1 11 16 18 20
32 52 -1 40 15 27 18
2 4 -1 11 16 18 20
35 54 -1 40 13 25 15
2 4 -1 11 16 18 20
38 56 -1 40 11 22 11
2 4 -1 11 16 18 20
41 58 -1 39 9 19 8
2 5 -1 11 16 18 20
44 0 -1 39 7 17 5
2 5 -1 11 16 18 20
47 2 -1 39 5 14 2
2 5 -1 11 16 18 19
50 4 -1 38 3 12 59
2 5 -1 11 16 18 19
52 6 -1 38 1 9 56
2 5 -1 11 15 18 19
55 7 -1 38 59 6 53
2 5 -1 11 15 18 19
58 9 -1 37 57 4 50
3 5 -1 11 15 18 19
0 11 -1 37 55 1 46
3 5 -1 11 15 17 19
3 13 -1 36 53 59 43
3 5 -1 11 15 17 19
5 15 -1 36 50 56 40
3 5 -1 11 15 17 19
8 17 -1 36 48 53 37
3 5 -1 11 15 17 19
10 19 -1 35 46 51 34
3 5 -1 11 15 17 19
13 21 -1 35 44 48 31
3 5 -1 11 15 17 19
15 23 -1 35 42 46 29
3 5 -1 11 15 17 19
18 25 -1 34 40 43 26
3 5 -1 11 15 17 19
20 26 -1 34 37 40 23
3 5 -1 11 15 17 19
22 28 -1 34 35 38 20
3 5 -1 11 15 17 19
25 30 -1 33 33 35 17
3 5 -1 11 15 17 19
27 32 -1 33 31 33 14
3 5 -1 11 15 17 19
29 34 -1 33 28 30 11
3 5 -1 11 15 17 19
32 36 -1 32 26 27 9
3 5 -1 11 15 17 19
34 38 -1 32 24 25 6
3 5 -1 11 15 17 19
36 40 -1 32 22 22 3
3 5 -1 11 15 17 19
38 42 -1 31 19 20 0
30






























1
По всем вопросам касающимся приложения обращайтесь по WhatsApp +79952867503
1
09.2026

      
	
