1
For advertising or questions send us e-mail kogdanamaz@gmail.com 
30
3 5 -1 11 15 18 19
38 10 -1 52 34 26 56
3 5 -1 11 15 18 19
40 11 -1 52 33 24 54
3 5 -1 11 15 18 19
41 13 -1 51 32 22 52
3 5 -1 11 15 18 19
42 14 -1 51 31 21 51
3 5 -1 11 15 18 19
44 15 -1 51 30 19 49
3 5 -1 11 15 18 19
45 16 -1 50 29 17 47
3 5 -1 11 15 18 19
46 17 -1 50 28 16 46
3 5 -1 11 15 18 19
48 18 -1 50 27 14 44
3 5 -1 11 15 18 19
49 19 -1 49 25 12 42
3 5 -1 11 15 18 19
50 20 -1 49 24 11 41
3 5 -1 11 15 18 19
52 21 -1 49 23 9 39
3 5 -1 11 15 18 19
53 22 -1 48 22 7 37
3 5 -1 11 15 18 19
54 23 -1 48 21 5 35
3 5 -1 11 15 18 19
55 24 -1 48 20 4 34
3 5 -1 11 15 18 19
57 25 -1 47 19 2 32
3 5 -1 11 15 18 19
58 26 -1 47 18 0 30
3 5 -1 11 15 17 19
59 27 -1 46 17 58 28
4 5 -1 11 15 17 19
0 28 -1 46 15 57 27
4 5 -1 11 15 17 19
1 29 -1 46 14 55 25
4 5 -1 11 15 17 19
3 30 -1 45 13 53 23
4 5 -1 11 15 17 19
4 31 -1 45 12 51 21
4 5 -1 11 15 17 19
5 32 -1 45 11 50 20
4 5 -1 11 15 17 19
6 33 -1 44 9 48 18
4 5 -1 11 15 17 19
7 34 -1 44 8 46 16
4 5 -1 11 15 17 19
9 35 -1 44 7 45 15
4 5 -1 11 15 17 19
10 36 -1 43 6 43 13
4 5 -1 11 15 17 19
11 37 -1 43 5 41 11
4 5 -1 11 15 17 19
12 38 -1 43 3 39 9
4 5 -1 11 15 17 19
13 39 -1 42 2 38 8
4 5 -1 11 15 17 19
14 40 -1 42 1 36 6
30






























1
По всем вопросам касающимся приложения обращайтесь по WhatsApp +79952867503
1
09.2026

      
	
