1
For advertising or questions send us e-mail kogdanamaz@gmail.com 
31
4 5 -1 12 15 17 19
12 47 -1 15 1 41 5
4 5 -1 12 14 17 19
13 48 -1 15 59 39 3
4 5 -1 12 14 17 19
14 49 -1 15 57 37 1
4 5 -1 12 14 17 18
15 50 -1 15 56 35 59
4 5 -1 12 14 17 18
17 51 -1 15 55 33 57
4 5 -1 12 14 17 18
18 52 -1 15 53 31 55
4 5 -1 12 14 17 18
19 53 -1 15 52 29 53
4 5 -1 12 14 17 18
20 54 -1 15 51 27 52
4 5 -1 12 14 17 18
21 56 -1 15 50 25 50
4 5 -1 12 14 17 18
23 58 -1 15 49 24 48
4 5 -1 12 14 17 18
25 59 -1 15 47 22 46
4 6 -1 12 14 17 18
26 0 -1 15 46 20 45
4 6 -1 12 14 17 18
27 1 -1 15 45 18 44
4 6 -1 12 14 17 18
28 2 -1 15 44 17 42
4 6 -1 12 14 17 18
29 4 -1 15 43 16 41
4 6 -1 12 14 17 18
30 6 -1 15 42 14 39
4 6 -1 12 14 17 18
31 7 -1 15 41 13 37
4 6 -1 12 14 17 18
32 8 -1 15 40 11 35
4 6 -1 12 14 17 18
33 9 -1 15 39 10 34
4 6 -1 12 14 17 18
34 10 -1 15 37 8 33
4 6 -1 12 14 17 18
35 11 -1 15 36 6 31
4 6 -1 12 14 17 18
36 12 -1 15 35 5 29
4 6 -1 12 14 17 18
37 13 -1 15 34 4 28
4 6 -1 12 14 17 18
38 14 -1 15 33 3 27
4 6 -1 12 14 17 18
39 16 -1 15 32 1 26
4 6 -1 12 14 16 18
40 17 -1 15 31 59 25
4 6 -1 12 14 16 18
41 18 -1 15 30 58 24
4 6 -1 12 14 16 18
42 19 -1 15 29 57 23
4 6 -1 12 14 16 18
43 20 -1 15 28 56 22
4 6 -1 12 14 16 18
44 21 -1 15 27 55 21
4 6 -1 12 14 16 18
45 23 -1 15 26 54 20
31































1
По всем вопросам касающимся приложения обращайтесь по WhatsApp +79952867503
1
10.2026

      
	
