1
For advertising or questions send us e-mail kogdanamaz@gmail.com 
31
4 5 -1 11 14 17 19
7 42 -1 39 56 36 0
4 5 -1 11 14 17 18
8 43 -1 38 54 34 58
4 5 -1 11 14 17 18
9 44 -1 38 53 32 56
4 5 -1 11 14 17 18
11 45 -1 37 51 30 54
4 5 -1 11 14 17 18
12 46 -1 37 50 28 52
4 5 -1 11 14 17 18
13 48 -1 37 49 26 51
4 5 -1 11 14 17 18
14 49 -1 37 48 24 49
4 5 -1 11 14 17 18
16 50 -1 36 47 23 47
4 5 -1 11 14 17 18
17 51 -1 36 46 21 45
4 5 -1 11 14 17 18
18 52 -1 35 44 19 43
4 5 -1 11 14 17 18
19 53 -1 35 43 17 41
4 5 -1 11 14 17 18
20 55 -1 35 41 15 40
4 5 -1 11 14 17 18
21 56 -1 35 40 14 39
4 5 -1 11 14 17 18
22 58 -1 35 39 13 38
4 5 -1 11 14 17 18
23 59 -1 35 38 11 37
4 6 -1 11 14 17 18
25 0 -1 34 37 9 35
4 6 -1 11 14 17 18
26 1 -1 34 36 8 33
4 6 -1 11 14 17 18
27 2 -1 34 34 6 31
4 6 -1 11 14 17 18
28 3 -1 34 33 5 30
4 6 -1 11 14 17 18
29 5 -1 34 32 3 28
4 6 -1 11 14 17 18
30 6 -1 34 31 2 27
4 6 -1 11 14 17 18
31 7 -1 33 30 0 25
4 6 -1 11 14 16 18
32 8 -1 33 29 58 24
4 6 -1 11 14 16 18
33 10 -1 33 28 57 22
4 6 -1 11 14 16 18
34 11 -1 33 27 56 21
4 6 -1 11 14 16 18
35 13 -1 33 26 55 20
4 6 -1 11 14 16 18
36 14 -1 33 25 54 19
4 6 -1 11 14 16 18
37 15 -1 33 24 52 18
4 6 -1 11 14 16 18
38 16 -1 33 23 51 17
4 6 -1 11 14 16 18
39 17 -1 33 22 50 16
4 6 -1 11 14 16 18
40 18 -1 33 21 49 15
31































1
По всем вопросам касающимся приложения обращайтесь по WhatsApp +79952867503
1
10.2026

      
	
