1
For advertising or questions send us e-mail kogdanamaz@gmail.com 
30
4 6 -1 13 17 20 21
42 19 -1 22 5 19 52
4 6 -1 13 17 20 21
44 21 -1 21 3 17 49
4 6 -1 13 17 20 21
46 23 -1 21 2 14 46
4 6 -1 13 17 20 21
48 25 -1 21 0 11 44
4 6 -1 13 16 20 21
50 27 -1 20 58 9 41
4 6 -1 13 16 20 21
52 29 -1 20 57 6 38
4 6 -1 13 16 20 21
54 31 -1 20 55 3 35
4 6 -1 13 16 20 21
56 33 -1 19 53 1 33
4 6 -1 13 16 19 21
58 35 -1 19 51 58 30
5 6 -1 13 16 19 21
0 37 -1 18 50 55 27
5 6 -1 13 16 19 21
2 39 -1 18 48 53 25
5 6 -1 13 16 19 21
4 40 -1 18 46 50 22
5 6 -1 13 16 19 21
6 42 -1 17 44 47 19
5 6 -1 13 16 19 21
8 44 -1 17 42 44 16
5 6 -1 13 16 19 21
10 46 -1 17 41 42 14
5 6 -1 13 16 19 21
12 48 -1 16 39 39 11
5 6 -1 13 16 19 21
14 50 -1 16 37 36 8
5 6 -1 13 16 19 21
16 52 -1 16 35 34 6
5 6 -1 13 16 19 21
18 54 -1 15 33 31 3
5 6 -1 13 16 19 21
20 56 -1 15 31 28 0
5 6 -1 13 16 19 20
22 58 -1 15 29 26 58
5 7 -1 13 16 19 20
24 0 -1 14 27 23 55
5 7 -1 13 16 19 20
26 2 -1 14 25 20 52
5 7 -1 13 16 19 20
28 4 -1 14 23 18 50
5 7 -1 13 16 19 20
30 6 -1 13 21 15 47
5 7 -1 13 16 19 20
32 8 -1 13 20 12 44
5 7 -1 13 16 19 20
34 10 -1 13 18 9 42
5 7 -1 13 16 19 20
35 12 -1 12 16 7 39
5 7 -1 13 16 19 20
37 14 -1 12 14 4 37
5 7 -1 13 16 19 20
39 17 -1 12 12 1 34
30






























1
По всем вопросам касающимся приложения обращайтесь по WhatsApp +79952867503
1
09.2026

      
	
