1
For advertising or questions send us e-mail kogdanamaz@gmail.com 
30
4 6 -1 13 18 20 21
54 34 -1 40 6 21 51
4 6 -1 13 18 20 21
55 35 -1 40 4 18 48
4 6 -1 13 18 20 21
57 37 -1 40 2 16 46
4 6 -1 13 18 20 21
59 39 -1 40 0 13 43
5 6 -1 13 17 20 21
1 41 -1 40 58 11 41
5 6 -1 13 17 20 21
3 43 -1 40 56 8 38
5 6 -1 13 17 20 21
5 45 -1 40 54 6 36
5 6 -1 13 17 20 21
6 46 -1 40 52 3 33
5 6 -1 13 17 20 21
8 48 -1 40 50 1 31
5 6 -1 13 17 19 21
10 50 -1 40 48 58 28
5 6 -1 13 17 19 21
12 52 -1 40 46 56 26
5 6 -1 13 17 19 21
14 54 -1 40 44 53 23
5 6 -1 13 17 19 21
16 56 -1 40 42 51 21
5 6 -1 13 17 19 21
17 57 -1 40 40 48 18
5 6 -1 13 17 19 21
19 59 -1 40 38 46 16
5 7 -1 13 17 19 21
21 1 -1 40 36 43 13
5 7 -1 13 17 19 21
23 3 -1 40 33 40 10
5 7 -1 13 17 19 21
25 5 -1 40 31 38 8
5 7 -1 13 17 19 21
27 7 -1 40 29 35 5
5 7 -1 13 17 19 21
28 8 -1 40 27 33 3
5 7 -1 13 17 19 21
30 10 -1 40 25 30 0
5 7 -1 13 17 19 20
32 12 -1 40 23 28 58
5 7 -1 13 17 19 20
34 14 -1 40 21 25 55
5 7 -1 13 17 19 20
36 16 -1 40 18 22 52
5 7 -1 13 17 19 20
38 18 -1 40 16 20 50
5 7 -1 13 17 19 20
40 20 -1 40 14 17 47
5 7 -1 13 17 19 20
41 21 -1 40 12 15 45
5 7 -1 13 17 19 20
43 23 -1 40 10 12 42
5 7 -1 13 17 19 20
45 25 -1 40 7 10 40
5 7 -1 13 17 19 20
47 27 -1 40 5 7 37
30






























1
По всем вопросам касающимся приложения обращайтесь по WhatsApp +79952867503
1
09.2026

      
	
