1
For advertising or questions send us e-mail kogdanamaz@gmail.com 
30
3 6 -1 13 17 20 22
9 6 -1 14 55 17 59
3 6 -1 13 17 20 22
14 9 -1 14 53 14 54
3 6 -1 13 17 20 22
19 11 -1 14 51 11 49
3 6 -1 13 17 20 22
23 13 -1 13 49 8 44
3 6 -1 13 17 20 22
28 15 -1 13 46 5 39
3 6 -1 13 17 20 22
32 18 -1 13 44 2 35
3 6 -1 13 17 19 22
36 20 -1 12 42 59 30
3 6 -1 13 17 19 22
40 22 -1 12 40 56 26
3 6 -1 13 17 19 22
44 25 -1 12 37 53 21
3 6 -1 13 17 19 22
48 27 -1 11 35 50 17
3 6 -1 13 17 19 22
52 29 -1 11 32 47 13
3 6 -1 13 17 19 22
56 32 -1 11 30 44 9
3 6 -1 13 17 19 22
59 34 -1 10 28 41 5
4 6 -1 13 17 19 22
3 36 -1 10 25 38 1
4 6 -1 13 17 19 21
6 38 -1 10 23 35 57
4 6 -1 13 17 19 21
10 41 -1 9 20 32 53
4 6 -1 13 17 19 21
13 43 -1 9 18 29 49
4 6 -1 13 17 19 21
16 45 -1 9 15 26 45
4 6 -1 13 17 19 21
19 48 -1 8 13 23 41
4 6 -1 13 17 19 21
23 50 -1 8 10 20 37
4 6 -1 13 17 19 21
26 52 -1 7 8 17 34
4 6 -1 13 17 19 21
29 55 -1 7 5 14 30
4 6 -1 13 17 19 21
32 57 -1 7 3 11 26
4 6 -1 13 17 19 21
35 59 -1 6 0 8 23
4 7 -1 13 16 19 21
38 2 -1 6 58 5 19
4 7 -1 13 16 19 21
41 4 -1 6 55 2 16
4 7 -1 13 16 18 21
44 6 -1 5 53 59 12
4 7 -1 13 16 18 21
46 8 -1 5 50 56 9
4 7 -1 13 16 18 21
49 11 -1 5 48 53 5
4 7 -1 13 16 18 21
52 13 -1 4 45 50 2
30






























1
По всем вопросам касающимся приложения обращайтесь по WhatsApp +79952867503
1
09.2026

      
	
