1
For advertising or questions send us e-mail kogdanamaz@gmail.com 
31
4 5 -1 11 14 17 18
8 41 -1 38 56 30 58
4 5 -1 11 14 17 18
9 42 -1 38 54 28 56
4 5 -1 11 14 17 18
10 43 -1 37 53 27 55
4 5 -1 11 14 17 18
11 44 -1 37 52 25 53
4 5 -1 11 14 17 18
13 45 -1 37 51 23 51
4 5 -1 11 14 17 18
14 46 -1 36 50 22 50
4 5 -1 11 14 17 18
15 47 -1 36 48 20 48
4 5 -1 11 14 17 18
16 48 -1 36 47 18 46
4 5 -1 11 14 17 18
17 50 -1 35 46 17 45
4 5 -1 11 14 17 18
18 51 -1 35 45 15 43
4 5 -1 11 14 17 18
19 52 -1 35 43 14 41
4 5 -1 11 14 17 18
20 53 -1 35 42 12 40
4 5 -1 11 14 17 18
21 54 -1 34 41 10 38
4 5 -1 11 14 17 18
22 55 -1 34 40 9 37
4 5 -1 11 14 17 18
24 56 -1 34 38 7 35
4 5 -1 11 14 17 18
25 57 -1 34 37 6 34
4 5 -1 11 14 17 18
26 59 -1 34 36 4 32
4 6 -1 11 14 17 18
27 0 -1 33 35 3 31
4 6 -1 11 14 17 18
28 1 -1 33 34 1 29
4 6 -1 11 14 17 18
29 2 -1 33 33 0 28
4 6 -1 11 14 16 18
30 3 -1 33 31 58 26
4 6 -1 11 14 16 18
31 4 -1 33 30 57 25
4 6 -1 11 14 16 18
32 5 -1 33 29 55 24
4 6 -1 11 14 16 18
33 7 -1 32 28 54 22
4 6 -1 11 14 16 18
34 8 -1 32 27 52 21
4 6 -1 11 14 16 18
35 9 -1 32 26 51 20
4 6 -1 11 14 16 18
37 10 -1 32 25 50 18
4 6 -1 11 14 16 18
38 11 -1 32 24 48 17
4 6 -1 11 14 16 18
39 13 -1 32 23 47 16
4 6 -1 11 14 16 18
40 14 -1 32 22 46 15
4 6 -1 11 14 16 18
41 15 -1 32 20 44 14
31































1
По всем вопросам касающимся приложения обращайтесь по WhatsApp +79952867503
1
10.2026

      
	