1
For advertising or questions send us e-mail kogdanamaz@gmail.com 
30
5 6 -1 13 17 20 21
13 23 -1 40 20 19 34
5 6 -1 13 17 20 21
15 25 -1 40 19 17 32
5 6 -1 13 17 20 21
17 27 -1 40 17 14 29
5 6 -1 13 17 20 21
19 29 -1 40 15 11 26
5 6 -1 13 17 20 21
21 31 -1 40 14 9 24
5 6 -1 13 17 20 21
23 33 -1 40 12 6 21
5 6 -1 13 17 20 21
25 35 -1 40 10 3 18
5 6 -1 13 17 20 21
27 37 -1 40 9 1 16
5 6 -1 13 17 19 21
29 39 -1 40 7 58 13
5 6 -1 13 17 19 21
31 41 -1 40 5 55 10
5 6 -1 13 17 19 21
33 43 -1 40 3 52 7
5 6 -1 13 17 19 21
35 45 -1 40 2 50 5
5 6 -1 13 17 19 21
37 47 -1 40 0 47 2
5 6 -1 13 16 19 20
39 49 -1 40 58 44 59
5 6 -1 13 16 19 20
41 51 -1 40 57 42 57
5 6 -1 13 16 19 20
43 53 -1 40 55 39 54
5 6 -1 13 16 19 20
45 55 -1 40 53 36 51
5 6 -1 13 16 19 20
47 57 -1 40 51 33 48
5 6 -1 13 16 19 20
49 59 -1 40 50 31 46
5 7 -1 13 16 19 20
51 1 -1 40 48 28 43
5 7 -1 13 16 19 20
53 3 -1 40 46 25 40
5 7 -1 13 16 19 20
55 5 -1 40 45 23 38
5 7 -1 13 16 19 20
57 7 -1 40 43 20 35
5 7 -1 13 16 19 20
59 9 -1 40 41 17 32
6 7 -1 13 16 19 20
1 11 -1 40 39 14 29
6 7 -1 13 16 19 20
3 13 -1 40 38 12 27
6 7 -1 13 16 19 20
5 15 -1 40 36 9 24
6 7 -1 13 16 19 20
7 17 -1 40 34 6 21
6 7 -1 13 16 19 20
9 19 -1 40 33 4 19
6 7 -1 13 16 19 20
11 21 -1 40 31 1 16
30






























1
По всем вопросам касающимся приложения обращайтесь по WhatsApp +79952867503
1
09.2026

      
	
