1
For advertising or questions send us e-mail kogdanamaz@gmail.com 
30
5 6 -1 13 16 19 21
3 39 -1 12 52 44 14
5 6 -1 13 16 19 21
4 40 -1 11 51 42 12
5 6 -1 13 16 19 21
6 41 -1 11 50 41 10
5 6 -1 13 16 19 21
7 42 -1 11 50 39 8
5 6 -1 13 16 19 21
8 43 -1 10 49 37 6
5 6 -1 13 16 19 21
9 44 -1 10 48 36 4
5 6 -1 13 16 19 21
11 45 -1 10 47 34 2
5 6 -1 13 16 19 21
12 46 -1 9 46 32 1
5 6 -1 13 16 19 20
13 47 -1 9 45 31 59
5 6 -1 13 16 19 20
14 48 -1 9 44 29 57
5 6 -1 13 16 19 20
15 49 -1 8 43 28 55
5 6 -1 13 16 19 20
17 50 -1 8 41 26 53
5 6 -1 13 16 19 20
18 51 -1 8 40 24 51
5 6 -1 13 16 19 20
19 52 -1 7 39 23 49
5 6 -1 13 16 19 20
20 52 -1 7 38 21 48
5 6 -1 13 16 19 20
21 53 -1 7 37 19 46
5 6 -1 13 16 19 20
22 54 -1 6 36 18 44
5 6 -1 13 16 19 20
23 55 -1 6 35 16 42
5 6 -1 13 16 19 20
25 56 -1 6 34 14 40
5 6 -1 13 16 19 20
26 57 -1 5 33 13 39
5 6 -1 13 16 19 20
27 58 -1 5 32 11 37
5 6 -1 13 16 19 20
28 59 -1 5 30 9 35
5 7 -1 13 16 19 20
29 0 -1 4 29 7 33
5 7 -1 13 16 19 20
30 1 -1 4 28 6 31
5 7 -1 13 16 19 20
31 2 -1 3 27 4 30
5 7 -1 13 16 19 20
32 3 -1 3 26 2 28
5 7 -1 13 16 19 20
33 4 -1 3 25 1 26
5 7 -1 13 16 18 20
34 5 -1 2 24 59 24
5 7 -1 13 16 18 20
35 6 -1 2 22 58 23
5 7 -1 13 16 18 20
36 7 -1 2 21 56 21
30






























1
По всем вопросам касающимся приложения обращайтесь по WhatsApp +79952867503
1
09.2026

      
	
