1
For advertising or questions send us e-mail kogdanamaz@gmail.com 
30
3 5 -1 12 15 18 20
53 16 -1 6 39 32 3
3 5 -1 12 15 18 20
54 17 -1 6 38 30 1
3 5 -1 12 15 18 19
56 18 -1 6 37 28 59
3 5 -1 12 15 18 19
57 19 -1 5 35 27 57
3 5 -1 12 15 18 19
58 20 -1 5 34 25 55
4 5 -1 12 15 18 19
0 22 -1 5 33 23 53
4 5 -1 12 15 18 19
1 23 -1 4 32 21 51
4 5 -1 12 15 18 19
2 24 -1 4 31 19 49
4 5 -1 12 15 18 19
3 25 -1 4 30 17 47
4 5 -1 12 15 18 19
4 26 -1 3 29 15 45
4 5 -1 12 15 18 19
6 27 -1 3 28 14 43
4 5 -1 12 15 18 19
7 28 -1 3 27 12 41
4 5 -1 12 15 18 19
8 29 -1 2 26 10 39
4 5 -1 12 15 18 19
9 30 -1 2 24 8 37
4 5 -1 12 15 18 19
10 31 -1 2 23 6 36
4 5 -1 12 15 18 19
11 32 -1 1 22 4 34
4 5 -1 12 15 18 19
12 33 -1 1 21 3 32
4 5 -1 12 15 18 19
14 35 -1 1 19 1 30
4 5 -1 12 15 17 19
15 36 -1 0 18 59 28
4 5 -1 12 15 17 19
16 37 -1 0 17 57 26
4 5 -1 12 15 17 19
18 38 -1 0 16 56 24
4 5 -1 11 15 17 19
19 39 -1 59 14 54 22
4 5 -1 11 15 17 19
20 40 -1 59 13 52 20
4 5 -1 11 15 17 19
22 41 -1 58 12 50 18
4 5 -1 11 15 17 19
23 42 -1 58 11 48 16
4 5 -1 11 15 17 19
24 44 -1 58 9 47 14
4 5 -1 11 15 17 19
26 45 -1 57 8 45 12
4 5 -1 11 15 17 19
27 46 -1 57 7 43 10
4 5 -1 11 15 17 19
28 47 -1 57 5 41 9
4 5 -1 11 15 17 19
29 48 -1 56 4 39 7
30






























1
По всем вопросам касающимся приложения обращайтесь по WhatsApp +79952867503
1
09.2026

      
	
