1
For advertising or questions send us e-mail kogdanamaz@gmail.com 
30
4 6 -1 13 17 20 22
43 24 -1 17 0 8 8
4 6 -1 13 16 20 22
45 25 -1 17 59 6 6
4 6 -1 13 16 20 22
47 27 -1 16 57 3 3
4 6 -1 13 16 20 22
49 29 -1 16 56 1 1
4 6 -1 13 16 19 21
51 31 -1 16 54 58 58
4 6 -1 13 16 19 21
53 32 -1 15 52 56 56
4 6 -1 13 16 19 21
55 34 -1 15 51 53 53
4 6 -1 13 16 19 21
57 36 -1 15 49 51 51
4 6 -1 13 16 19 21
59 38 -1 14 48 49 49
5 6 -1 13 16 19 21
1 39 -1 14 46 46 46
5 6 -1 13 16 19 21
3 41 -1 13 44 44 44
5 6 -1 13 16 19 21
4 43 -1 13 43 41 41
5 6 -1 13 16 19 21
6 45 -1 13 41 39 39
5 6 -1 13 16 19 21
8 46 -1 12 39 36 36
5 6 -1 13 16 19 21
10 48 -1 12 38 34 34
5 6 -1 13 16 19 21
12 50 -1 12 36 31 31
5 6 -1 13 16 19 21
14 52 -1 11 34 29 29
5 6 -1 13 16 19 21
15 53 -1 11 33 27 27
5 6 -1 13 16 19 21
17 55 -1 11 31 24 24
5 6 -1 13 16 19 21
19 57 -1 10 29 22 22
5 6 -1 13 16 19 21
21 59 -1 10 27 19 19
5 7 -1 13 16 19 21
23 0 -1 10 26 17 17
5 7 -1 13 16 19 21
24 2 -1 9 24 14 14
5 7 -1 13 16 19 21
26 4 -1 9 22 12 12
5 7 -1 13 16 19 21
28 6 -1 9 20 9 9
5 7 -1 13 16 19 21
30 7 -1 8 19 7 7
5 7 -1 13 16 19 21
31 9 -1 8 17 4 4
5 7 -1 13 16 19 21
33 11 -1 8 15 2 2
5 7 -1 13 16 19 21
35 13 -1 7 13 0 0
5 7 -1 13 16 18 20
37 15 -1 7 11 57 57
30






























1
По всем вопросам касающимся приложения обращайтесь по WhatsApp +79952867503
1
09.2026

      
	
