1
For advertising or questions send us e-mail kogdanamaz@gmail.com 
30
3 5 -1 12 16 19 21
46 22 -1 28 12 29 1
3 5 -1 12 16 19 20
48 25 -1 28 10 26 58
3 5 -1 12 16 19 20
51 27 -1 28 8 23 55
3 5 -1 12 16 19 20
53 29 -1 27 6 21 53
3 5 -1 12 16 19 20
55 31 -1 27 5 18 50
3 5 -1 12 16 19 20
57 33 -1 27 3 15 47
3 5 -1 12 16 19 20
59 35 -1 26 1 12 44
4 5 -1 12 15 19 20
1 37 -1 26 59 9 41
4 5 -1 12 15 19 20
4 40 -1 26 57 6 38
4 5 -1 12 15 19 20
6 42 -1 25 55 4 36
4 5 -1 12 15 19 20
8 44 -1 25 53 1 33
4 5 -1 12 15 18 20
10 46 -1 25 51 58 30
4 5 -1 12 15 18 20
12 48 -1 24 50 55 27
4 5 -1 12 15 18 20
14 50 -1 24 48 52 24
4 5 -1 12 15 18 20
16 53 -1 24 46 49 21
4 5 -1 12 15 18 20
18 55 -1 23 44 47 19
4 5 -1 12 15 18 20
20 57 -1 23 42 44 16
4 5 -1 12 15 18 20
23 59 -1 23 40 41 13
4 6 -1 12 15 18 20
25 1 -1 22 38 38 10
4 6 -1 12 15 18 20
27 3 -1 22 36 35 7
4 6 -1 12 15 18 20
29 5 -1 21 34 32 5
4 6 -1 12 15 18 20
31 8 -1 21 32 29 2
4 6 -1 12 15 18 19
33 10 -1 21 30 27 59
4 6 -1 12 15 18 19
35 12 -1 20 28 24 56
4 6 -1 12 15 18 19
37 14 -1 20 26 21 54
4 6 -1 12 15 18 19
39 16 -1 20 24 18 51
4 6 -1 12 15 18 19
41 18 -1 19 21 15 48
4 6 -1 12 15 18 19
43 21 -1 19 19 12 46
4 6 -1 12 15 18 19
45 23 -1 19 17 9 43
4 6 -1 12 15 18 19
47 25 -1 18 15 7 40
30






























1
По всем вопросам касающимся приложения обращайтесь по WhatsApp +79952867503
1
09.2026

      
	
