1
For advertising or questions send us e-mail kogdanamaz@gmail.com 
30
4 6 -1 13 16 19 20
37 7 -1 5 51 29 59
4 6 -1 13 16 19 20
38 8 -1 5 50 27 57
4 6 -1 13 16 19 20
39 9 -1 5 49 25 55
4 6 -1 13 16 19 20
40 10 -1 5 48 24 54
4 6 -1 13 16 19 20
41 11 -1 5 47 22 52
4 6 -1 13 16 19 20
42 12 -1 5 45 20 50
4 6 -1 13 16 19 20
44 14 -1 5 44 18 48
4 6 -1 13 16 19 20
45 15 -1 5 43 16 46
4 6 -1 13 16 19 20
46 16 -1 5 42 14 44
4 6 -1 13 16 19 20
47 17 -1 5 41 12 42
4 6 -1 13 16 19 20
49 19 -1 5 39 10 40
4 6 -1 13 16 19 20
50 20 -1 5 38 8 38
4 6 -1 13 16 19 20
51 21 -1 5 37 6 36
4 6 -1 13 16 19 20
52 22 -1 5 36 4 34
4 6 -1 13 16 19 20
53 23 -1 5 35 2 32
4 6 -1 13 16 19 20
55 25 -1 5 33 0 30
4 6 -1 13 16 18 20
56 26 -1 5 32 58 28
4 6 -1 13 16 18 20
58 28 -1 5 30 56 26
4 6 -1 13 16 18 20
59 29 -1 5 28 54 24
5 6 -1 13 16 18 20
0 30 -1 5 26 52 22
5 6 -1 13 16 18 20
2 32 -1 5 24 50 20
5 6 -1 13 16 18 20
3 33 -1 5 22 48 18
5 6 -1 13 16 18 20
4 34 -1 5 20 46 16
5 6 -1 13 16 18 20
5 35 -1 5 18 44 14
5 6 -1 13 16 18 20
6 36 -1 5 15 42 12
5 6 -1 13 16 18 20
8 38 -1 5 14 40 10
5 6 -1 13 16 18 20
9 39 -1 5 12 38 8
5 6 -1 13 16 18 20
10 40 -1 5 10 36 6
5 6 -1 13 16 18 20
11 41 -1 5 9 34 4
5 6 -1 13 16 18 20
13 43 -1 5 8 32 2
30






























1
По всем вопросам касающимся приложения обращайтесь по WhatsApp +79952867503
1
09.2026

      
	
