1
For advertising or questions send us e-mail kogdanamaz@gmail.com 
30
4 6 -1 13 17 20 22
33 39 -1 30 14 17 13
4 6 -1 13 17 20 22
35 40 -1 30 13 15 10
4 6 -1 13 17 20 22
38 42 -1 30 11 12 8
4 6 -1 13 17 20 22
40 43 -1 29 10 10 5
4 6 -1 13 17 20 22
42 45 -1 29 9 8 2
4 6 -1 13 17 20 21
44 47 -1 29 7 6 59
4 6 -1 13 17 20 21
47 48 -1 28 6 3 56
4 6 -1 13 17 20 21
49 50 -1 28 4 1 53
4 6 -1 13 17 19 21
51 51 -1 28 3 59 50
4 6 -1 13 17 19 21
53 53 -1 27 1 57 48
4 6 -1 13 17 19 21
55 55 -1 27 0 54 45
4 6 -1 13 16 19 21
57 56 -1 27 58 52 42
5 6 -1 13 16 19 21
0 58 -1 26 57 50 39
5 6 -1 13 16 19 21
2 59 -1 26 55 47 37
5 7 -1 13 16 19 21
4 1 -1 26 53 45 34
5 7 -1 13 16 19 21
6 2 -1 25 52 43 31
5 7 -1 13 16 19 21
8 4 -1 25 50 41 29
5 7 -1 13 16 19 21
10 6 -1 24 49 38 26
5 7 -1 13 16 19 21
12 7 -1 24 47 36 23
5 7 -1 13 16 19 21
14 9 -1 24 45 34 21
5 7 -1 13 16 19 21
16 10 -1 23 44 31 18
5 7 -1 13 16 19 21
18 12 -1 23 42 29 16
5 7 -1 13 16 19 21
19 14 -1 23 41 27 13
5 7 -1 13 16 19 21
21 15 -1 22 39 24 10
5 7 -1 13 16 19 21
23 17 -1 22 37 22 8
5 7 -1 13 16 19 21
25 18 -1 22 36 20 5
5 7 -1 13 16 19 21
27 20 -1 21 34 18 3
5 7 -1 13 16 19 21
29 22 -1 21 32 15 0
5 7 -1 13 16 19 20
31 23 -1 21 31 13 58
5 7 -1 13 16 19 20
32 25 -1 20 29 11 55
30






























1
По всем вопросам касающимся приложения обращайтесь по WhatsApp +79952867503
1
09.2026

      
	
