1
For advertising or questions send us e-mail kogdanamaz@gmail.com 
30
4 6 -1 13 17 20 22
33 40 -1 33 17 20 19
4 6 -1 13 17 20 22
35 42 -1 33 15 18 16
4 6 -1 13 17 20 22
37 44 -1 32 14 16 13
4 6 -1 13 17 20 22
40 45 -1 32 12 13 10
4 6 -1 13 17 20 22
42 47 -1 32 11 11 7
4 6 -1 13 17 20 22
45 48 -1 31 10 9 4
4 6 -1 13 17 20 22
47 50 -1 31 8 7 1
4 6 -1 13 17 20 21
49 52 -1 31 7 4 58
4 6 -1 13 17 20 21
51 53 -1 30 5 2 55
4 6 -1 13 17 20 21
54 55 -1 30 4 0 52
4 6 -1 13 17 19 21
56 57 -1 29 2 57 49
4 6 -1 13 17 19 21
58 58 -1 29 0 55 47
5 7 -1 13 16 19 21
0 0 -1 29 59 53 44
5 7 -1 13 16 19 21
2 1 -1 28 57 50 41
5 7 -1 13 16 19 21
4 3 -1 28 56 48 38
5 7 -1 13 16 19 21
6 5 -1 28 54 46 36
5 7 -1 13 16 19 21
8 6 -1 27 52 43 33
5 7 -1 13 16 19 21
11 8 -1 27 51 41 30
5 7 -1 13 16 19 21
13 10 -1 27 49 39 27
5 7 -1 13 16 19 21
15 11 -1 26 48 36 25
5 7 -1 13 16 19 21
17 13 -1 26 46 34 22
5 7 -1 13 16 19 21
19 14 -1 26 44 32 19
5 7 -1 13 16 19 21
20 16 -1 25 43 29 17
5 7 -1 13 16 19 21
22 18 -1 25 41 27 14
5 7 -1 13 16 19 21
24 19 -1 24 39 25 12
5 7 -1 13 16 19 21
26 21 -1 24 38 22 9
5 7 -1 13 16 19 21
28 23 -1 24 36 20 7
5 7 -1 13 16 19 21
30 24 -1 23 34 18 4
5 7 -1 13 16 19 21
32 26 -1 23 32 15 1
5 7 -1 13 16 19 20
34 28 -1 23 31 13 59
30






























1
По всем вопросам касающимся приложения обращайтесь по WhatsApp +79952867503
1
09.2026

      
	
