1
For advertising or questions send us e-mail kogdanamaz@gmail.com 
30
4 6 -1 13 17 20 22
37 44 -1 36 20 23 21
4 6 -1 13 17 20 22
39 45 -1 36 18 21 18
4 6 -1 13 17 20 22
41 47 -1 35 17 18 15
4 6 -1 13 17 20 22
44 49 -1 35 16 16 12
4 6 -1 13 17 20 22
46 50 -1 35 14 14 9
4 6 -1 13 17 20 22
48 52 -1 34 13 12 6
4 6 -1 13 17 20 22
51 53 -1 34 11 9 3
4 6 -1 13 17 20 22
53 55 -1 34 10 7 0
4 6 -1 13 17 20 21
55 57 -1 33 8 5 57
4 6 -1 13 17 20 21
57 58 -1 33 7 3 55
5 7 -1 13 17 20 21
0 0 -1 33 5 0 52
5 7 -1 13 17 19 21
2 1 -1 32 4 58 49
5 7 -1 13 17 19 21
4 3 -1 32 2 56 46
5 7 -1 13 17 19 21
6 5 -1 31 0 53 43
5 7 -1 13 16 19 21
8 6 -1 31 59 51 41
5 7 -1 13 16 19 21
10 8 -1 31 57 49 38
5 7 -1 13 16 19 21
12 10 -1 30 56 46 35
5 7 -1 13 16 19 21
14 11 -1 30 54 44 33
5 7 -1 13 16 19 21
16 13 -1 30 52 42 30
5 7 -1 13 16 19 21
18 14 -1 29 51 39 27
5 7 -1 13 16 19 21
20 16 -1 29 49 37 25
5 7 -1 13 16 19 21
22 18 -1 29 48 35 22
5 7 -1 13 16 19 21
24 19 -1 28 46 32 19
5 7 -1 13 16 19 21
26 21 -1 28 44 30 17
5 7 -1 13 16 19 21
28 22 -1 28 43 28 14
5 7 -1 13 16 19 21
30 24 -1 27 41 25 12
5 7 -1 13 16 19 21
32 26 -1 27 39 23 9
5 7 -1 13 16 19 21
34 27 -1 27 37 21 7
5 7 -1 13 16 19 21
35 29 -1 26 36 18 4
5 7 -1 13 16 19 21
37 31 -1 26 34 16 2
30






























1
По всем вопросам касающимся приложения обращайтесь по WhatsApp +79952867503
1
09.2026

      
	
