1
For advertising or questions send us e-mail kogdanamaz@gmail.com 
30
4 6 -1 13 17 20 22
31 39 -1 31 15 18 17
4 6 -1 13 17 20 22
33 40 -1 31 14 16 14
4 6 -1 13 17 20 22
35 42 -1 30 12 14 11
4 6 -1 13 17 20 22
38 43 -1 30 11 12 8
4 6 -1 13 17 20 22
40 45 -1 30 9 9 5
4 6 -1 13 17 20 22
43 47 -1 29 8 7 2
4 6 -1 13 17 20 21
45 48 -1 29 6 5 59
4 6 -1 13 17 20 21
47 50 -1 29 5 2 56
4 6 -1 13 17 20 21
49 51 -1 28 3 0 53
4 6 -1 13 17 19 21
52 53 -1 28 2 58 51
4 6 -1 13 17 19 21
54 55 -1 28 0 55 48
4 6 -1 13 16 19 21
56 56 -1 27 59 53 45
4 6 -1 13 16 19 21
58 58 -1 27 57 51 42
5 7 -1 13 16 19 21
0 0 -1 27 55 48 39
5 7 -1 13 16 19 21
2 1 -1 26 54 46 37
5 7 -1 13 16 19 21
5 3 -1 26 52 44 34
5 7 -1 13 16 19 21
7 4 -1 25 51 41 31
5 7 -1 13 16 19 21
9 6 -1 25 49 39 28
5 7 -1 13 16 19 21
11 8 -1 25 47 37 26
5 7 -1 13 16 19 21
13 9 -1 24 46 34 23
5 7 -1 13 16 19 21
15 11 -1 24 44 32 20
5 7 -1 13 16 19 21
17 13 -1 24 42 30 18
5 7 -1 13 16 19 21
19 14 -1 23 41 27 15
5 7 -1 13 16 19 21
21 16 -1 23 39 25 12
5 7 -1 13 16 19 21
22 18 -1 23 37 23 10
5 7 -1 13 16 19 21
24 19 -1 22 36 20 7
5 7 -1 13 16 19 21
26 21 -1 22 34 18 5
5 7 -1 13 16 19 21
28 23 -1 22 32 16 2
5 7 -1 13 16 19 21
30 24 -1 21 31 13 0
5 7 -1 13 16 19 20
32 26 -1 21 29 11 57
30






























1
По всем вопросам касающимся приложения обращайтесь по WhatsApp +79952867503
1
09.2026

      
	
