1
For advertising or questions send us e-mail kogdanamaz@gmail.com 
30
3 5 -1 12 16 18 20
46 15 -1 10 37 40 10
3 5 -1 12 16 18 20
47 16 -1 10 36 38 7
3 5 -1 12 16 18 20
48 17 -1 10 35 37 5
3 5 -1 12 16 18 20
49 18 -1 10 34 35 3
3 5 -1 12 16 18 20
50 19 -1 10 32 33 1
3 5 -1 12 16 18 19
51 20 -1 10 31 31 59
3 5 -1 12 16 18 19
52 22 -1 10 29 29 57
3 5 -1 12 16 18 19
53 23 -1 10 28 28 55
3 5 -1 12 16 18 19
54 24 -1 10 27 26 52
3 5 -1 12 16 18 19
55 25 -1 10 25 24 50
3 5 -1 12 16 18 19
56 26 -1 10 24 22 48
3 5 -1 12 16 18 19
57 27 -1 10 22 20 46
3 5 -1 12 16 18 19
58 28 -1 10 21 18 44
3 5 -1 12 16 18 19
59 30 -1 10 19 17 42
4 5 -1 12 16 18 19
0 31 -1 10 18 15 40
4 5 -1 12 16 18 19
2 32 -1 10 16 13 38
4 5 -1 12 16 18 19
3 33 -1 10 14 11 36
4 5 -1 12 16 18 19
5 34 -1 10 12 9 34
4 5 -1 12 16 18 19
6 35 -1 10 11 7 32
4 5 -1 12 16 18 19
7 36 -1 10 10 5 30
4 5 -1 12 16 18 19
9 38 -1 10 8 3 28
4 5 -1 12 16 18 19
10 39 -1 10 7 2 26
4 5 -1 12 16 18 19
12 40 -1 10 5 0 24
4 5 -1 12 16 17 19
14 41 -1 10 4 58 22
4 5 -1 12 16 17 19
16 42 -1 10 2 56 20
4 5 -1 12 16 17 19
18 43 -1 10 0 54 18
4 5 -1 12 15 17 19
20 45 -1 10 59 52 16
4 5 -1 12 15 17 19
22 46 -1 10 57 50 14
4 5 -1 12 15 17 19
23 47 -1 10 56 48 12
4 5 -1 12 15 17 19
25 48 -1 10 54 46 10
30






























1
По всем вопросам касающимся приложения обращайтесь по WhatsApp +79952867503
1
09.2026

      
	
