1
For advertising or questions send us e-mail kogdanamaz@gmail.com 
30
3 5 -1 12 15 18 20
42 12 -1 0 31 30 0
3 5 -1 12 15 18 19
45 15 -1 0 30 29 59
3 5 -1 12 15 18 19
46 16 -1 0 29 27 57
3 5 -1 12 15 18 19
47 17 -1 0 28 25 55
3 5 -1 12 15 18 19
48 18 -1 0 27 23 53
3 5 -1 12 15 18 19
50 20 -1 0 26 22 52
3 5 -1 12 15 18 19
52 22 -1 0 25 20 50
3 5 -1 12 15 18 19
53 23 -1 0 24 18 48
3 5 -1 12 15 18 19
54 24 -1 0 23 16 46
3 5 -1 12 15 18 19
55 25 -1 0 22 14 44
3 5 -1 12 15 18 19
56 26 -1 0 20 12 42
3 5 -1 12 15 18 19
57 27 -1 0 19 10 40
3 5 -1 12 15 18 19
58 28 -1 0 18 8 38
3 5 -1 12 15 18 19
59 29 -1 0 17 6 36
4 5 -1 12 15 18 19
2 32 -1 0 16 4 34
4 5 -1 12 15 18 19
4 34 -1 0 15 2 32
4 5 -1 12 15 18 19
5 35 -1 0 14 0 30
4 5 -1 12 15 17 19
6 36 -1 0 12 58 28
4 5 -1 12 15 17 19
7 37 -1 0 10 56 26
4 5 -1 12 15 17 19
8 38 -1 0 9 54 24
4 5 -1 12 15 17 19
10 40 -1 0 8 52 22
4 5 -1 12 15 17 19
12 42 -1 0 7 50 20
4 5 -1 12 15 17 19
13 43 -1 0 6 49 19
4 5 -1 12 15 17 19
14 44 -1 0 5 48 18
4 5 -1 12 15 17 19
15 45 -1 0 4 46 16
4 5 -1 12 15 17 19
16 46 -1 0 2 44 14
4 5 -1 12 15 17 19
17 47 -1 0 0 42 12
4 5 -1 12 14 17 19
18 48 -1 0 59 40 10
4 5 -1 12 14 17 19
19 49 -1 0 58 39 9
4 5 -1 12 14 17 19
20 50 -1 0 57 38 8
30






























1
По всем вопросам касающимся приложения обращайтесь по WhatsApp +79952867503
1
09.2026

      
	
