1
For advertising or questions send us e-mail kogdanamaz@gmail.com 
31
5 6 -1 12 16 18 19
23 53 -1 40 21 26 56
5 6 -1 12 16 18 19
25 55 -1 40 19 23 53
5 6 -1 12 16 18 19
27 57 -1 39 16 20 50
5 7 -1 12 16 18 19
30 0 -1 39 14 17 47
5 7 -1 12 16 18 19
32 2 -1 39 12 14 44
5 7 -1 12 16 18 19
34 4 -1 38 9 11 41
5 7 -1 12 16 18 19
36 6 -1 38 7 9 39
5 7 -1 12 16 18 19
38 8 -1 38 4 6 36
5 7 -1 12 16 18 19
41 11 -1 37 2 3 33
5 7 -1 12 15 18 19
43 13 -1 37 59 0 30
5 7 -1 12 15 17 19
45 15 -1 37 57 58 28
5 7 -1 12 15 17 19
47 17 -1 37 54 55 25
5 7 -1 12 15 17 19
50 20 -1 36 52 52 22
5 7 -1 12 15 17 19
52 22 -1 36 49 49 19
5 7 -1 12 15 17 19
54 24 -1 36 47 47 17
5 7 -1 12 15 17 19
56 26 -1 36 44 44 14
5 7 -1 12 15 17 19
59 29 -1 36 42 41 11
6 7 -1 12 15 17 19
1 31 -1 35 40 38 8
6 7 -1 12 15 17 19
3 33 -1 35 37 36 6
6 7 -1 12 15 17 19
6 36 -1 35 35 33 3
6 7 -1 12 15 17 19
8 38 -1 35 32 30 0
6 7 -1 12 15 17 18
10 40 -1 35 30 28 58
6 7 -1 12 15 17 18
12 42 -1 34 28 25 55
6 7 -1 12 15 17 18
15 45 -1 34 25 23 53
6 7 -1 12 15 17 18
17 47 -1 34 23 20 50
6 7 -1 12 15 17 18
19 49 -1 34 21 18 48
6 7 -1 12 15 17 18
22 52 -1 34 18 15 45
6 7 -1 12 15 17 18
24 54 -1 34 16 12 42
6 7 -1 12 15 17 18
26 56 -1 34 14 10 40
6 7 -1 12 15 17 18
29 59 -1 34 11 8 38
6 8 -1 12 15 17 18
31 1 -1 34 9 5 35
31































1
По всем вопросам касающимся приложения обращайтесь по WhatsApp +79952867503
1
10.2026

      
	