1
For advertising or questions send us e-mail kogdanamaz@gmail.com 
30
3 5 -1 13 17 20 22
15 57 -1 2 43 1 30
3 5 -1 13 17 19 22
19 59 -1 1 41 58 25
3 6 -1 13 17 19 22
23 1 -1 1 39 55 21
3 6 -1 13 17 19 22
27 3 -1 1 37 53 17
3 6 -1 13 17 19 22
31 5 -1 0 35 50 13
3 6 -1 13 17 19 22
34 8 -1 0 32 47 9
3 6 -1 13 17 19 22
38 10 -1 0 30 44 5
3 6 -1 12 17 19 22
41 12 -1 59 28 41 1
3 6 -1 12 17 19 21
45 14 -1 59 26 39 57
3 6 -1 12 17 19 21
48 16 -1 59 24 36 53
3 6 -1 12 17 19 21
51 18 -1 58 21 33 49
3 6 -1 12 17 19 21
54 20 -1 58 19 30 45
3 6 -1 12 17 19 21
58 22 -1 57 17 27 42
4 6 -1 12 17 19 21
1 25 -1 57 14 24 38
4 6 -1 12 17 19 21
4 27 -1 57 12 22 34
4 6 -1 12 17 19 21
7 29 -1 56 10 19 31
4 6 -1 12 17 19 21
10 31 -1 56 7 16 27
4 6 -1 12 17 19 21
13 33 -1 56 5 13 24
4 6 -1 12 17 19 21
16 35 -1 55 3 10 20
4 6 -1 12 17 19 21
18 37 -1 55 0 7 17
4 6 -1 12 16 19 21
21 39 -1 55 58 5 13
4 6 -1 12 16 19 21
24 42 -1 54 56 2 10
4 6 -1 12 16 18 21
27 44 -1 54 53 59 6
4 6 -1 12 16 18 21
29 46 -1 54 51 56 3
4 6 -1 12 16 18 21
32 48 -1 53 48 53 0
4 6 -1 12 16 18 20
35 50 -1 53 46 50 57
4 6 -1 12 16 18 20
37 52 -1 53 44 48 53
4 6 -1 12 16 18 20
40 54 -1 52 41 45 50
4 6 -1 12 16 18 20
42 57 -1 52 39 42 47
4 6 -1 12 16 18 20
45 59 -1 52 36 39 44
30






























1
По всем вопросам касающимся приложения обращайтесь по WhatsApp +79952867503
1
09.2026

      
	
