1
For advertising or questions send us e-mail kogdanamaz@gmail.com 
31
4 6 -1 12 15 18 19
32 15 -1 10 22 1 39
4 6 -1 12 15 17 19
33 17 -1 10 21 59 37
4 6 -1 12 15 17 19
35 18 -1 10 19 57 35
4 6 -1 12 15 17 19
36 19 -1 9 18 55 33
4 6 -1 12 15 17 19
38 21 -1 9 16 53 31
4 6 -1 12 15 17 19
39 22 -1 9 15 51 28
4 6 -1 12 15 17 19
40 24 -1 8 13 49 26
4 6 -1 12 15 17 19
42 25 -1 8 12 47 24
4 6 -1 12 15 17 19
43 26 -1 8 10 45 22
4 6 -1 12 15 17 19
45 28 -1 8 9 43 20
4 6 -1 12 15 17 19
46 29 -1 7 7 41 18
4 6 -1 12 15 17 19
48 31 -1 7 6 39 17
4 6 -1 12 15 17 19
49 32 -1 7 4 37 15
4 6 -1 12 15 17 19
51 34 -1 7 3 35 13
4 6 -1 12 15 17 19
52 35 -1 6 2 33 11
4 6 -1 12 15 17 19
53 36 -1 6 0 31 9
4 6 -1 12 14 17 19
55 38 -1 6 59 29 7
4 6 -1 12 14 17 19
56 39 -1 6 57 27 5
4 6 -1 12 14 17 19
58 41 -1 6 56 26 4
4 6 -1 12 14 17 19
59 42 -1 5 54 24 2
5 6 -1 12 14 17 19
0 44 -1 5 53 22 0
5 6 -1 12 14 17 18
2 45 -1 5 51 20 58
5 6 -1 12 14 17 18
3 47 -1 5 50 18 57
5 6 -1 12 14 17 18
5 48 -1 5 49 17 55
5 6 -1 12 14 17 18
6 50 -1 5 47 15 54
5 6 -1 12 14 17 18
7 51 -1 5 46 13 52
5 6 -1 12 14 17 18
9 53 -1 5 45 12 50
5 6 -1 12 14 17 18
10 54 -1 4 43 10 49
5 6 -1 12 14 17 18
11 56 -1 4 42 8 47
5 6 -1 12 14 17 18
13 57 -1 4 41 7 46
5 6 -1 12 14 17 18
14 59 -1 4 39 5 44
31































1
По всем вопросам касающимся приложения обращайтесь по WhatsApp +79952867503
1
10.2026

      
	