1
For advertising or questions send us e-mail kogdanamaz@gmail.com 
31
3 6 -1 12 15 17 20
57 27 -1 16 5 59 18
4 6 -1 12 15 17 20
0 29 -1 15 2 56 15
4 6 -1 12 15 17 20
3 32 -1 15 0 52 11
4 6 -1 12 14 17 20
6 34 -1 15 58 49 8
4 6 -1 12 14 17 20
9 37 -1 14 55 46 4
4 6 -1 12 14 17 20
12 40 -1 14 53 43 1
4 6 -1 12 14 17 19
15 42 -1 14 51 40 57
4 6 -1 12 14 17 19
18 45 -1 13 48 37 54
4 6 -1 12 14 17 19
21 47 -1 13 46 34 51
4 6 -1 12 14 17 19
23 50 -1 13 44 31 47
4 6 -1 12 14 17 19
26 52 -1 13 41 27 44
4 6 -1 12 14 17 19
29 55 -1 12 39 24 41
4 6 -1 12 14 17 19
32 58 -1 12 37 21 38
4 7 -1 12 14 17 19
34 0 -1 12 35 18 35
4 7 -1 12 14 17 19
37 3 -1 12 32 15 32
4 7 -1 12 14 17 19
40 6 -1 11 30 12 29
4 7 -1 12 14 17 19
42 8 -1 11 28 9 26
4 7 -1 12 14 17 19
45 11 -1 11 25 6 23
4 7 -1 12 14 17 19
47 13 -1 11 23 3 20
4 7 -1 12 14 17 19
50 16 -1 11 21 0 17
4 7 -1 12 14 16 19
52 19 -1 10 19 57 14
4 7 -1 12 14 16 19
55 21 -1 10 16 54 11
4 7 -1 12 14 16 19
57 24 -1 10 14 51 8
5 7 -1 12 14 16 19
0 27 -1 10 12 48 6
5 7 -1 12 14 16 19
2 30 -1 10 10 45 3
5 7 -1 12 14 16 19
5 32 -1 10 8 42 0
5 7 -1 12 14 16 18
7 35 -1 10 5 39 58
5 7 -1 12 14 16 18
9 38 -1 10 3 36 55
5 7 -1 12 14 16 18
12 40 -1 9 1 34 53
5 7 -1 12 13 16 18
14 43 -1 9 59 31 50
5 7 -1 12 13 16 18
17 46 -1 9 57 28 48
31































1
По всем вопросам касающимся приложения обращайтесь по WhatsApp +79952867503
1
10.2026

      
	