1
For advertising or questions send us e-mail kogdanamaz@gmail.com 
31
3 6 -1 11 14 17 19
25 1 -1 49 35 31 57
3 6 -1 11 14 17 19
28 4 -1 49 33 28 53
3 6 -1 11 14 17 19
31 7 -1 48 30 25 50
3 6 -1 11 14 17 19
34 9 -1 48 28 21 46
3 6 -1 11 14 17 19
38 12 -1 48 25 18 42
3 6 -1 11 14 17 19
41 15 -1 47 23 15 39
3 6 -1 11 14 17 19
44 18 -1 47 21 12 35
3 6 -1 11 14 17 19
47 20 -1 47 18 8 32
3 6 -1 11 14 17 19
50 23 -1 47 16 5 28
3 6 -1 11 14 17 19
53 26 -1 46 13 2 25
3 6 -1 11 14 16 19
56 29 -1 46 11 58 21
3 6 -1 11 14 16 19
59 31 -1 46 9 55 18
4 6 -1 11 14 16 19
1 34 -1 46 6 52 15
4 6 -1 11 14 16 19
4 37 -1 45 4 49 11
4 6 -1 11 14 16 19
7 40 -1 45 1 45 8
4 6 -1 11 13 16 19
10 42 -1 45 59 42 5
4 6 -1 11 13 16 19
13 45 -1 45 57 39 2
4 6 -1 11 13 16 18
15 48 -1 44 54 36 59
4 6 -1 11 13 16 18
18 51 -1 44 52 32 55
4 6 -1 11 13 16 18
21 54 -1 44 49 29 52
4 6 -1 11 13 16 18
24 57 -1 44 47 26 49
4 6 -1 11 13 16 18
26 59 -1 44 45 23 46
4 7 -1 11 13 16 18
29 2 -1 44 42 20 44
4 7 -1 11 13 16 18
32 5 -1 44 40 17 41
4 7 -1 11 13 16 18
34 8 -1 43 38 14 38
4 7 -1 11 13 16 18
37 11 -1 43 36 10 35
4 7 -1 11 13 16 18
39 14 -1 43 33 7 32
4 7 -1 11 13 16 18
42 17 -1 43 31 4 30
4 7 -1 11 13 16 18
44 20 -1 43 29 1 27
4 7 -1 11 13 15 18
47 23 -1 43 27 58 24
4 7 -1 11 13 15 18
49 26 -1 43 24 55 22
31































1
По всем вопросам касающимся приложения обращайтесь по WhatsApp +79952867503
1
10.2026

      
	
