1
For advertising or questions send us e-mail kogdanamaz@gmail.com 
30
3 5 -1 12 16 19 21
45 45 -1 40 23 34 4
3 5 -1 12 16 19 21
47 47 -1 40 22 32 2
3 5 -1 12 16 19 20
49 49 -1 39 20 29 59
3 5 -1 12 16 19 20
51 51 -1 39 18 27 57
3 5 -1 12 16 19 20
52 52 -1 39 17 24 54
3 5 -1 12 16 19 20
54 54 -1 38 15 21 51
3 5 -1 12 16 19 20
56 56 -1 38 14 19 49
3 5 -1 12 16 19 20
58 58 -1 38 12 16 46
4 6 -1 12 16 19 20
0 0 -1 37 10 14 44
4 6 -1 12 16 19 20
2 2 -1 37 8 11 41
4 6 -1 12 16 19 20
4 4 -1 37 7 8 38
4 6 -1 12 16 19 20
6 6 -1 36 5 6 36
4 6 -1 12 16 19 20
8 8 -1 36 3 3 33
4 6 -1 12 16 19 20
10 10 -1 36 1 1 31
4 6 -1 12 16 18 20
12 12 -1 35 0 58 28
4 6 -1 12 15 18 20
13 13 -1 35 58 55 25
4 6 -1 12 15 18 20
15 15 -1 35 56 53 23
4 6 -1 12 15 18 20
17 17 -1 34 54 50 20
4 6 -1 12 15 18 20
19 19 -1 34 52 47 17
4 6 -1 12 15 18 20
21 21 -1 34 50 45 15
4 6 -1 12 15 18 20
23 23 -1 33 49 42 12
4 6 -1 12 15 18 20
25 25 -1 33 47 40 10
4 6 -1 12 15 18 20
27 27 -1 32 45 37 7
4 6 -1 12 15 18 20
29 29 -1 32 43 34 4
4 6 -1 12 15 18 20
31 31 -1 32 41 32 2
4 6 -1 12 15 18 19
33 33 -1 31 39 29 59
4 6 -1 12 15 18 19
35 35 -1 31 37 27 57
4 6 -1 12 15 18 19
36 36 -1 31 35 24 54
4 6 -1 12 15 18 19
38 38 -1 30 33 21 51
4 6 -1 12 15 18 19
40 40 -1 30 31 19 49
30






























1
По всем вопросам касающимся приложения обращайтесь по WhatsApp +79952867503
1
09.2026

      
	
