1
For advertising or questions send us e-mail kogdanamaz@gmail.com 
30
2 5 -1 12 15 19 21
49 5 -1 15 58 22 41
2 5 -1 12 15 19 21
53 8 -1 15 57 19 36
2 5 -1 12 15 19 21
57 10 -1 14 55 16 32
3 5 -1 12 15 19 21
1 12 -1 14 53 13 27
3 5 -1 12 15 19 21
4 15 -1 14 51 10 23
3 5 -1 12 15 19 21
8 17 -1 13 49 7 19
3 5 -1 12 15 19 21
12 19 -1 13 47 4 15
3 5 -1 12 15 19 21
15 22 -1 13 45 1 10
3 5 -1 12 15 18 21
18 24 -1 12 43 58 6
3 5 -1 12 15 18 21
22 26 -1 12 41 55 2
3 5 -1 12 15 18 20
25 29 -1 12 39 52 58
3 5 -1 12 15 18 20
28 31 -1 11 37 49 54
3 5 -1 12 15 18 20
32 34 -1 11 35 46 50
3 5 -1 12 15 18 20
35 36 -1 11 33 43 46
3 5 -1 12 15 18 20
38 38 -1 10 31 40 43
3 5 -1 12 15 18 20
41 41 -1 10 29 37 39
3 5 -1 12 15 18 20
44 43 -1 10 27 34 35
3 5 -1 12 15 18 20
47 45 -1 9 25 31 31
3 5 -1 12 15 18 20
50 48 -1 9 23 28 28
3 5 -1 12 15 18 20
53 50 -1 8 21 25 24
3 5 -1 12 15 18 20
56 52 -1 8 18 22 20
3 5 -1 12 15 18 20
59 55 -1 8 16 18 17
4 5 -1 12 15 18 20
2 57 -1 7 14 15 13
4 5 -1 12 15 18 20
4 59 -1 7 12 12 10
4 6 -1 12 15 18 20
7 2 -1 7 10 9 6
4 6 -1 12 15 18 20
10 4 -1 6 8 6 3
4 6 -1 12 15 18 19
13 7 -1 6 5 3 59
4 6 -1 12 15 18 19
15 9 -1 6 3 0 56
4 6 -1 12 15 17 19
18 11 -1 5 1 57 53
4 6 -1 12 14 17 19
21 14 -1 5 59 54 49
30






























1
По всем вопросам касающимся приложения обращайтесь по WhatsApp +79952867503
1
09.2026

      
	
