1
For advertising or questions send us e-mail kogdanamaz@gmail.com 
31
4 5 -1 11 15 17 18
19 48 -1 49 2 43 53
4 5 -1 11 15 17 18
20 49 -1 48 0 41 51
4 5 -1 11 14 17 18
21 50 -1 48 59 39 50
4 5 -1 11 14 17 18
23 51 -1 48 58 38 48
4 5 -1 11 14 17 18
24 52 -1 47 56 36 46
4 5 -1 11 14 17 18
25 54 -1 47 55 34 44
4 5 -1 11 14 17 18
26 55 -1 47 54 32 43
4 5 -1 11 14 17 18
27 56 -1 47 53 31 41
4 5 -1 11 14 17 18
28 57 -1 46 51 29 39
4 5 -1 11 14 17 18
30 58 -1 46 50 27 38
4 5 -1 11 14 17 18
31 59 -1 46 49 25 36
4 6 -1 11 14 17 18
32 1 -1 45 47 24 34
4 6 -1 11 14 17 18
33 2 -1 45 46 22 33
4 6 -1 11 14 17 18
34 3 -1 45 45 20 31
4 6 -1 11 14 17 18
35 4 -1 45 44 19 29
4 6 -1 11 14 17 18
37 5 -1 45 42 17 28
4 6 -1 11 14 17 18
38 6 -1 44 41 16 26
4 6 -1 11 14 17 18
39 8 -1 44 40 14 25
4 6 -1 11 14 17 18
40 9 -1 44 39 12 23
4 6 -1 11 14 17 18
41 10 -1 44 37 11 22
4 6 -1 11 14 17 18
42 11 -1 44 36 9 20
4 6 -1 11 14 17 18
43 13 -1 43 35 8 19
4 6 -1 11 14 17 18
45 14 -1 43 34 6 17
4 6 -1 11 14 17 18
46 15 -1 43 33 5 16
4 6 -1 11 14 17 18
47 16 -1 43 31 3 15
4 6 -1 11 14 17 18
48 18 -1 43 30 2 13
4 6 -1 11 14 17 18
49 19 -1 43 29 0 12
4 6 -1 11 14 16 18
50 20 -1 43 28 59 11
4 6 -1 11 14 16 18
51 21 -1 43 27 58 9
4 6 -1 11 14 16 18
52 23 -1 43 26 56 8
4 6 -1 11 14 16 18
54 24 -1 43 25 55 7
31































1
По всем вопросам касающимся приложения обращайтесь по WhatsApp +79952867503
1
10.2026

      
	
