1
For advertising or questions send us e-mail kogdanamaz@gmail.com 
30
2 4 -1 11 16 18 20
23 49 -1 46 26 40 35
2 4 -1 11 16 18 20
26 51 -1 45 24 38 32
2 4 -1 11 16 18 20
29 53 -1 45 22 35 29
2 4 -1 11 16 18 20
33 55 -1 45 20 33 25
2 4 -1 11 16 18 20
36 57 -1 44 18 30 22
2 4 -1 11 16 18 20
39 59 -1 44 16 27 19
2 5 -1 11 16 18 20
42 1 -1 44 14 25 15
2 5 -1 11 16 18 20
45 3 -1 43 12 22 12
2 5 -1 11 16 18 20
48 5 -1 43 10 20 9
2 5 -1 11 16 18 20
50 7 -1 42 8 17 6
2 5 -1 11 16 18 20
53 9 -1 42 5 14 3
2 5 -1 11 16 18 19
56 11 -1 42 3 12 59
2 5 -1 11 16 18 19
59 13 -1 41 1 9 56
3 5 -1 11 15 18 19
1 15 -1 41 59 6 53
3 5 -1 11 15 18 19
4 16 -1 41 57 4 50
3 5 -1 11 15 18 19
7 18 -1 40 55 1 47
3 5 -1 11 15 17 19
9 20 -1 40 52 59 44
3 5 -1 11 15 17 19
12 22 -1 40 50 56 41
3 5 -1 11 15 17 19
14 24 -1 39 48 53 38
3 5 -1 11 15 17 19
17 26 -1 39 46 51 35
3 5 -1 11 15 17 19
19 28 -1 39 44 48 32
3 5 -1 11 15 17 19
22 30 -1 38 41 45 29
3 5 -1 11 15 17 19
24 32 -1 38 39 43 26
3 5 -1 11 15 17 19
27 34 -1 38 37 40 23
3 5 -1 11 15 17 19
29 36 -1 37 35 37 20
3 5 -1 11 15 17 19
31 38 -1 37 32 35 17
3 5 -1 11 15 17 19
34 40 -1 36 30 32 14
3 5 -1 11 15 17 19
36 42 -1 36 28 29 12
3 5 -1 11 15 17 19
38 44 -1 36 26 27 9
3 5 -1 11 15 17 19
40 46 -1 35 23 24 6
30






























1
По всем вопросам касающимся приложения обращайтесь по WhatsApp +79952867503
1
09.2026

      
	
