1
For advertising or questions send us e-mail kogdanamaz@gmail.com 
30
4 6 -1 12 16 19 21
5 7 -1 55 38 41 37
4 6 -1 12 16 19 21
8 9 -1 55 36 39 34
4 6 -1 12 16 19 21
10 10 -1 55 35 37 31
4 6 -1 12 16 19 21
12 12 -1 54 33 34 28
4 6 -1 12 16 19 21
14 14 -1 54 32 32 25
4 6 -1 12 16 19 21
17 15 -1 54 30 30 23
4 6 -1 12 16 19 21
19 17 -1 53 29 28 20
4 6 -1 12 16 19 21
21 18 -1 53 27 25 17
4 6 -1 12 16 19 21
23 20 -1 53 26 23 14
4 6 -1 12 16 19 21
25 22 -1 52 24 21 11
4 6 -1 12 16 19 21
27 23 -1 52 23 18 9
4 6 -1 12 16 19 21
30 25 -1 51 21 16 6
4 6 -1 12 16 19 21
32 26 -1 51 20 14 3
4 6 -1 12 16 19 21
32 26 -1 51 20 14 3
4 6 -1 12 16 19 20
36 30 -1 50 17 9 58
4 6 -1 12 16 19 20
38 31 -1 50 15 7 55
4 6 -1 12 16 19 20
40 33 -1 50 13 5 52
4 6 -1 12 16 19 20
42 34 -1 49 12 2 50
4 6 -1 12 16 19 20
44 36 -1 49 10 0 47
4 6 -1 12 16 18 20
46 38 -1 49 8 58 45
4 6 -1 12 16 18 20
48 39 -1 48 7 55 42
4 6 -1 12 16 18 20
49 41 -1 48 5 53 39
4 6 -1 12 16 18 20
51 42 -1 48 4 51 37
4 6 -1 12 16 18 20
53 44 -1 47 2 48 34
4 6 -1 12 16 18 20
55 46 -1 47 0 46 32
4 6 -1 12 15 18 20
57 47 -1 47 59 44 29
4 6 -1 12 15 18 20
59 49 -1 46 57 42 27
5 6 -1 12 15 18 20
1 50 -1 46 55 39 24
5 6 -1 12 15 18 20
1 50 -1 46 55 39 24
5 6 -1 12 15 18 20
4 54 -1 45 52 35 19
30






























1
По всем вопросам касающимся приложения обращайтесь по WhatsApp +79952867503
1
09.2026

      
	
