1
For advertising or questions send us e-mail kogdanamaz@gmail.com 
30
3 5 -1 12 15 18 20
27 27 -1 5 47 41 11
3 5 -1 12 15 18 20
28 28 -1 4 46 40 10
3 5 -1 12 15 18 20
29 29 -1 4 45 38 8
3 5 -1 12 15 18 20
30 30 -1 4 43 36 6
3 5 -1 12 15 18 20
31 31 -1 3 42 34 4
3 5 -1 12 15 18 20
33 33 -1 3 41 32 2
3 5 -1 12 15 18 20
34 34 -1 3 40 31 1
3 5 -1 12 15 18 19
35 35 -1 2 39 29 59
3 5 -1 12 15 18 19
36 36 -1 2 38 27 57
3 5 -1 12 15 18 19
37 37 -1 2 36 25 55
3 5 -1 12 15 18 19
38 38 -1 1 35 23 53
3 5 -1 12 15 18 19
40 40 -1 1 34 21 51
3 5 -1 12 15 18 19
41 41 -1 0 33 19 49
3 5 -1 12 15 18 19
42 42 -1 0 32 18 48
3 5 -1 12 15 18 19
43 43 -1 0 30 16 46
3 5 -1 11 15 18 19
44 44 -1 59 29 14 44
3 5 -1 11 15 18 19
45 45 -1 59 28 12 42
3 5 -1 11 15 18 19
47 47 -1 59 27 10 40
3 5 -1 11 15 18 19
48 48 -1 58 25 8 38
3 5 -1 11 15 18 19
49 49 -1 58 24 6 36
3 5 -1 11 15 18 19
50 50 -1 58 23 4 34
3 5 -1 11 15 18 19
51 51 -1 57 21 3 33
3 5 -1 11 15 18 19
52 52 -1 57 20 1 31
3 5 -1 11 15 17 19
54 54 -1 57 19 59 29
3 5 -1 11 15 17 19
55 55 -1 56 17 57 27
3 5 -1 11 15 17 19
56 56 -1 56 16 55 25
3 5 -1 11 15 17 19
57 57 -1 56 15 53 23
3 5 -1 11 15 17 19
58 58 -1 55 13 51 21
3 5 -1 11 15 17 19
59 59 -1 55 12 49 19
4 6 -1 11 15 17 19
1 1 -1 55 11 48 18
30






























1
По всем вопросам касающимся приложения обращайтесь по WhatsApp +79952867503
1
09.2026

      
	
