1
For advertising or questions send us e-mail kogdanamaz@gmail.com 
30
3 5 -1 11 15 18 20
36 14 -1 57 39 33 3
3 5 -1 11 15 18 20
37 15 -1 57 38 31 1
3 5 -1 11 15 18 19
39 16 -1 56 37 29 59
3 5 -1 11 15 18 19
40 17 -1 56 36 27 57
3 5 -1 11 15 18 19
41 18 -1 56 35 26 56
3 5 -1 11 15 18 19
43 19 -1 55 34 24 54
3 5 -1 11 15 18 19
44 20 -1 55 33 22 52
3 5 -1 11 15 18 19
46 21 -1 55 32 20 50
3 5 -1 11 15 18 19
47 23 -1 54 31 18 48
3 5 -1 11 15 18 19
48 24 -1 54 30 17 47
3 5 -1 11 15 18 19
50 25 -1 54 28 15 45
3 5 -1 11 15 18 19
51 26 -1 53 27 13 43
3 5 -1 11 15 18 19
53 27 -1 53 26 11 41
3 5 -1 11 15 18 19
54 28 -1 53 25 10 40
3 5 -1 11 15 18 19
55 29 -1 52 24 8 38
3 5 -1 11 15 18 19
57 30 -1 52 22 6 36
3 5 -1 11 15 18 19
58 31 -1 52 21 4 34
3 5 -1 11 15 18 19
59 32 -1 51 20 2 32
4 5 -1 11 15 18 19
1 33 -1 51 19 0 30
4 5 -1 11 15 17 19
2 35 -1 50 18 59 29
4 5 -1 11 15 17 19
3 36 -1 50 16 57 27
4 5 -1 11 15 17 19
4 37 -1 50 15 55 25
4 5 -1 11 15 17 19
6 38 -1 49 14 53 23
4 5 -1 11 15 17 19
7 39 -1 49 13 51 21
4 5 -1 11 15 17 19
8 40 -1 49 11 59 20
4 5 -1 11 15 17 19
9 41 -1 48 10 48 18
4 5 -1 11 15 17 19
11 42 -1 48 9 46 16
4 5 -1 11 15 17 19
12 44 -1 48 7 44 14
4 5 -1 11 15 17 19
13 45 -1 47 6 42 12
4 5 -1 11 15 17 19
14 46 -1 47 5 41 11
30






























1
По всем вопросам касающимся приложения обращайтесь по WhatsApp +79952867503
1
09.2026

      
	
