1
For advertising or questions send us e-mail kogdanamaz@gmail.com 
30
4 6 -1 13 16 19 21
33 13 -1 7 51 56 33
4 6 -1 13 16 19 21
35 15 -1 7 50 54 30
4 6 -1 13 16 19 21
36 16 -1 6 48 51 28
4 6 -1 13 16 19 21
38 18 -1 6 47 49 25
4 6 -1 13 16 19 21
40 20 -1 6 45 47 23
4 6 -1 13 16 19 21
42 21 -1 5 44 44 20
4 6 -1 13 16 19 21
44 23 -1 5 42 42 18
4 6 -1 13 16 19 21
46 25 -1 5 41 40 15
4 6 -1 13 16 19 21
48 26 -1 4 39 37 13
4 6 -1 13 16 19 21
49 28 -1 4 38 35 10
4 6 -1 13 16 19 21
51 30 -1 4 36 32 8
4 6 -1 13 16 19 21
53 31 -1 3 34 30 5
4 6 -1 13 16 19 21
55 33 -1 3 33 28 3
4 6 -1 13 16 19 21
57 35 -1 2 31 25 0
4 6 -1 13 16 19 20
59 36 -1 2 30 23 58
5 6 -1 13 16 19 20
0 38 -1 2 28 21 55
5 6 -1 13 16 19 20
2 40 -1 1 26 18 53
5 6 -1 13 16 19 20
4 41 -1 1 25 16 50
5 6 -1 13 16 19 20
6 43 -1 1 23 13 48
5 6 -1 13 16 19 20
7 45 -1 0 21 11 45
5 6 -1 13 16 19 20
9 46 -1 0 20 9 43
5 6 -1 13 16 19 20
11 48 -1 0 18 6 40
5 6 -1 12 16 19 20
13 50 -1 59 16 4 38
5 6 -1 12 16 19 20
14 51 -1 59 14 1 36
5 6 -1 12 16 18 20
16 53 -1 59 13 59 33
5 6 -1 12 16 18 20
18 55 -1 58 11 57 31
5 6 -1 12 16 18 20
19 57 -1 58 9 54 28
5 6 -1 12 16 18 20
21 58 -1 58 7 52 26
5 7 -1 12 16 18 20
23 0 -1 57 6 49 24
5 7 -1 12 16 18 20
24 2 -1 57 4 47 21
30






























1
По всем вопросам касающимся приложения обращайтесь по WhatsApp +79952867503
1
09.2026

      
	
