1
For advertising or questions send us e-mail kogdanamaz@gmail.com 
30
3 5 -1 11 15 18 19
38 16 -1 58 36 31 52
3 5 -1 11 15 18 19
40 17 -1 58 34 30 48
3 5 -1 11 15 18 19
41 18 -1 58 33 28 46
3 5 -1 11 15 18 19
43 19 -1 57 31 26 44
3 5 -1 11 15 18 19
44 21 -1 57 30 24 42
3 5 -1 11 15 18 19
46 22 -1 57 29 23 41
3 5 -1 11 15 18 19
47 23 -1 56 28 21 38
3 5 -1 11 15 18 19
48 24 -1 56 27 19 37
3 5 -1 11 15 18 19
50 25 -1 56 26 17 35
3 5 -1 11 15 18 19
51 26 -1 55 25 16 33
3 5 -1 11 15 18 19
52 27 -1 55 24 14 31
3 5 -1 11 15 18 19
54 28 -1 54 23 12 29
3 5 -1 11 15 18 19
55 29 -1 54 21 10 27
3 5 -1 11 15 18 19
56 30 -1 54 20 8 25
3 5 -1 11 15 18 19
58 31 -1 53 19 6 23
3 5 -1 11 15 18 19
58 31 -1 53 19 5 21
4 5 -1 11 15 18 19
0 34 -1 53 17 3 19
4 5 -1 11 15 18 19
1 35 -1 52 15 1 17
4 5 -1 11 15 17 19
3 36 -1 52 14 59 15
4 5 -1 11 15 17 19
4 37 -1 52 13 58 13
4 5 -1 11 15 17 19
5 38 -1 51 12 56 11
4 5 -1 11 15 17 19
6 39 -1 51 10 54 9
4 5 -1 11 15 17 19
8 40 -1 51 9 52 7
4 5 -1 11 15 17 19
9 41 -1 50 8 50 5
4 5 -1 11 15 17 19
10 42 -1 50 7 49 3
4 5 -1 11 15 17 19
11 44 -1 50 5 47 2
4 5 -1 11 15 17 19
13 45 -1 49 4 45 0
4 5 -1 11 15 17 18
14 46 -1 49 3 43 58
4 5 -1 11 15 17 18
15 47 -1 49 1 41 56
4 5 -1 11 15 17 18
16 48 -1 48 0 40 54
30






























1
По всем вопросам касающимся приложения обращайтесь по WhatsApp +79952867503
1
09.2026

      
	
