1
For advertising or questions send us e-mail kogdanamaz@gmail.com 
31
4 6 -1 12 15 17 19
46 16 -1 30 39 48 28
4 6 -1 12 15 17 19
47 17 -1 30 38 46 26
4 6 -1 12 15 17 19
48 18 -1 30 37 44 24
4 6 -1 12 15 17 19
49 19 -1 30 36 42 22
4 6 -1 12 15 17 19
50 20 -1 30 35 40 20
4 6 -1 12 15 17 19
51 21 -1 30 34 38 18
4 6 -1 12 15 17 19
52 22 -1 30 33 37 17
4 6 -1 12 15 17 19
53 23 -1 30 32 36 16
4 6 -1 12 15 17 19
54 24 -1 30 31 34 14
4 6 -1 12 15 17 19
55 25 -1 30 30 33 13
4 6 -1 12 15 17 19
56 26 -1 30 29 31 11
4 6 -1 12 15 17 19
57 27 -1 30 28 28 10
4 6 -1 12 15 17 19
58 28 -1 30 27 27 8
4 6 -1 12 15 17 19
59 29 -1 30 26 25 7
5 6 -1 12 15 17 19
0 30 -1 30 25 24 5
5 6 -1 12 15 17 19
1 31 -1 30 24 23 3
5 6 -1 12 15 17 19
2 32 -1 30 23 21 1
5 6 -1 12 15 17 18
3 33 -1 30 22 19 59
5 6 -1 12 15 17 18
4 34 -1 30 21 17 57
5 6 -1 12 15 17 18
5 35 -1 30 20 15 55
5 6 -1 12 15 17 18
6 36 -1 30 19 14 54
5 6 -1 12 15 17 18
7 37 -1 30 18 12 52
5 6 -1 12 15 17 18
8 38 -1 30 17 11 51
5 6 -1 12 15 17 18
9 39 -1 30 16 9 49
5 6 -1 12 15 17 18
10 40 -1 30 15 8 48
5 6 -1 12 15 17 18
11 41 -1 30 14 6 46
5 6 -1 12 15 17 18
12 42 -1 30 13 5 45
5 6 -1 12 15 17 18
13 43 -1 30 12 3 43
5 6 -1 12 15 17 18
14 44 -1 30 11 2 42
5 6 -1 12 15 17 18
15 45 -1 30 10 1 41
5 6 -1 12 15 17 18
16 46 -1 30 9 0 40
31































1
По всем вопросам касающимся приложения обращайтесь по WhatsApp +79952867503
1
10.2026

      
	