1
For advertising or questions send us e-mail kogdanamaz@gmail.com 
30
3 5 -1 12 15 18 19
40 15 -1 0 38 34 52
3 5 -1 11 15 18 19
42 17 -1 59 37 32 50
3 5 -1 11 15 18 19
43 18 -1 59 36 31 48
3 5 -1 11 15 18 19
45 19 -1 59 35 29 46
3 5 -1 11 15 18 19
46 20 -1 58 34 27 44
3 5 -1 11 15 18 19
47 21 -1 58 33 25 42
3 5 -1 11 15 18 19
49 22 -1 58 31 24 40
3 5 -1 11 15 18 19
50 23 -1 57 30 22 38
3 5 -1 11 15 18 19
52 24 -1 57 29 20 36
3 5 -1 11 15 18 19
53 25 -1 57 28 18 34
3 5 -1 11 15 18 19
54 26 -1 56 27 16 32
3 5 -1 11 15 18 19
56 27 -1 56 26 15 30
3 5 -1 11 15 18 19
57 29 -1 56 25 13 28
3 5 -1 11 15 18 19
58 30 -1 55 23 11 26
4 5 -1 11 15 18 19
0 31 -1 55 22 9 24
4 5 -1 11 15 18 19
1 32 -1 54 21 7 22
4 5 -1 11 15 18 19
2 33 -1 54 20 6 20
4 5 -1 11 15 18 19
3 34 -1 54 19 4 19
4 5 -1 11 15 18 19
5 35 -1 53 17 2 17
4 5 -1 11 15 18 19
6 36 -1 53 16 0 15
4 5 -1 11 15 17 19
7 37 -1 53 15 58 13
4 5 -1 11 15 17 19
9 38 -1 52 14 57 11
4 5 -1 11 15 17 19
10 40 -1 52 12 55 9
4 5 -1 11 15 17 19
11 41 -1 52 11 53 7
4 5 -1 11 15 17 19
12 42 -1 51 10 51 5
4 5 -1 11 15 17 19
14 43 -1 51 9 49 3
4 5 -1 11 15 17 19
15 44 -1 51 7 48 1
4 5 -1 11 15 17 18
16 45 -1 50 6 46 59
4 5 -1 11 15 17 18
17 46 -1 50 5 44 58
4 5 -1 11 15 17 18
18 47 -1 50 3 42 56
30






























1
По всем вопросам касающимся приложения обращайтесь по WhatsApp +79952867503
1
09.2026

      
	
