1
For advertising or questions send us e-mail kogdanamaz@gmail.com 
30
3 5 -1 11 15 18 19
27 8 -1 49 31 30 59
3 5 -1 11 15 18 19
29 10 -1 49 30 28 57
3 5 -1 11 15 18 19
30 11 -1 49 29 27 55
3 5 -1 11 15 18 19
32 12 -1 48 28 25 54
3 5 -1 11 15 18 19
33 13 -1 48 27 23 52
3 5 -1 11 15 18 19
34 14 -1 47 26 21 50
3 5 -1 11 15 18 19
35 15 -1 47 25 19 48
3 5 -1 11 15 18 19
37 16 -1 47 24 17 46
3 5 -1 11 15 18 19
38 17 -1 47 23 16 44
3 5 -1 11 15 18 19
40 18 -1 46 22 14 42
3 5 -1 11 15 18 19
41 19 -1 46 21 12 39
3 5 -1 11 15 18 19
43 21 -1 46 20 10 37
3 5 -1 11 15 18 19
44 22 -1 46 19 8 35
3 5 -1 11 15 18 19
46 24 -1 45 17 6 32
3 5 -1 11 15 18 19
47 25 -1 45 16 4 30
3 5 -1 11 15 18 19
49 26 -1 44 15 2 27
3 5 -1 11 15 18 19
50 27 -1 44 14 1 26
3 5 -1 11 15 17 19
51 28 -1 43 12 58 24
3 5 -1 11 15 17 19
52 29 -1 43 11 56 22
3 5 -1 11 15 17 19
53 30 -1 42 9 54 20
3 5 -1 11 15 17 19
54 31 -1 42 9 53 18
3 5 -1 11 15 17 19
56 32 -1 42 8 52 16
3 5 -1 11 15 17 19
57 33 -1 42 6 50 15
3 5 -1 11 15 17 19
58 34 -1 41 5 48 13
3 5 -1 11 15 17 19
59 35 -1 41 4 46 11
4 5 -1 11 15 17 19
1 36 -1 40 2 44 9
4 5 -1 11 15 17 19
2 37 -1 40 1 43 8
4 5 -1 11 15 17 19
3 39 -1 40 0 41 6
4 5 -1 11 14 17 19
4 40 -1 40 58 40 4
4 5 -1 11 14 17 19
5 41 -1 39 57 38 2
30






























1
По всем вопросам касающимся приложения обращайтесь по WhatsApp +79952867503
1
09.2026

      
	
