1
For advertising or questions send us e-mail kogdanamaz@gmail.com 
30
2 4 -1 12 16 18 20
14 39 -1 0 13 28 21
2 4 -1 12 16 18 20
17 41 -1 0 11 26 18
2 4 -1 12 16 18 20
21 43 -1 0 9 23 14
2 4 -1 12 16 18 20
24 45 -1 0 7 20 11
2 4 -1 12 16 18 20
27 47 -1 0 5 18 8
2 4 -1 12 16 18 20
30 49 -1 0 3 15 5
2 4 -1 12 16 18 20
33 51 -1 0 1 13 1
2 4 -1 12 15 18 19
36 53 -1 0 59 10 58
2 4 -1 12 15 18 19
38 54 -1 0 57 7 55
2 4 -1 12 15 18 19
41 56 -1 0 55 5 52
2 4 -1 12 15 18 19
44 58 -1 0 53 2 49
2 5 -1 12 15 18 19
47 0 -1 0 51 0 45
2 5 -1 12 15 17 19
49 2 -1 0 48 57 42
2 5 -1 12 15 17 19
52 4 -1 0 46 54 39
2 5 -1 12 15 17 19
55 6 -1 0 44 52 36
2 5 -1 12 15 17 19
57 8 -1 0 42 49 33
3 5 -1 12 15 17 19
0 10 -1 0 40 46 30
3 5 -1 12 15 17 19
2 12 -1 0 38 44 27
3 5 -1 12 15 17 19
5 14 -1 0 35 41 24
3 5 -1 12 15 17 19
7 16 -1 0 33 38 21
3 5 -1 12 15 17 19
10 18 -1 0 31 36 18
3 5 -1 12 15 17 19
12 19 -1 0 29 33 15
3 5 -1 12 15 17 19
14 21 -1 0 27 31 12
3 5 -1 12 15 17 19
17 23 -1 0 24 28 10
3 5 -1 12 15 17 19
19 25 -1 0 22 25 7
3 5 -1 12 15 17 19
21 27 -1 0 20 23 4
3 5 -1 12 15 17 19
24 29 -1 0 18 20 1
3 5 -1 12 15 17 18
26 31 -1 0 15 17 58
3 5 -1 12 15 17 18
28 33 -1 0 13 15 55
3 5 -1 12 15 17 18
31 35 -1 0 11 12 53
30






























1
По всем вопросам касающимся приложения обращайтесь по WhatsApp +79952867503
1
09.2026

      
	
