1
For advertising or questions send us e-mail kogdanamaz@gmail.com 
30
3 5 -1 11 15 18 19
40 15 -1 59 37 36 51
3 5 -1 11 15 18 19
41 16 -1 59 36 35 49
3 5 -1 11 15 18 19
43 17 -1 58 35 33 47
3 5 -1 11 15 18 19
44 18 -1 58 34 31 45
3 5 -1 11 15 18 19
46 19 -1 58 33 29 43
3 5 -1 11 15 18 19
47 20 -1 57 32 28 41
3 5 -1 11 15 18 19
48 21 -1 57 31 26 40
3 5 -1 11 15 18 19
50 23 -1 57 30 24 38
3 5 -1 11 15 18 19
51 24 -1 56 29 22 36
3 5 -1 11 15 18 19
52 25 -1 56 27 21 34
3 5 -1 11 15 18 19
54 26 -1 56 26 19 32
3 5 -1 11 15 18 19
55 27 -1 55 25 17 30
3 5 -1 11 15 18 19
56 28 -1 55 24 15 28
3 5 -1 11 15 18 19
58 29 -1 55 23 13 26
3 5 -1 11 15 18 19
59 30 -1 54 22 12 24
4 5 -1 11 15 18 19
0 31 -1 54 20 10 22
4 5 -1 11 15 18 19
2 32 -1 54 19 8 20
4 5 -1 11 15 18 19
3 33 -1 53 18 6 18
4 5 -1 11 15 18 19
4 35 -1 53 17 4 16
4 5 -1 11 15 18 19
6 36 -1 52 16 3 14
4 5 -1 11 15 18 19
7 37 -1 52 14 1 12
4 5 -1 11 15 17 19
8 38 -1 52 13 59 10
4 5 -1 11 15 17 19
9 39 -1 51 12 57 8
4 5 -1 11 15 17 19
11 40 -1 51 11 55 6
4 5 -1 11 15 17 19
12 41 -1 51 9 54 4
4 5 -1 11 15 17 19
13 42 -1 50 8 52 2
4 5 -1 11 15 17 19
14 43 -1 50 7 50 1
4 5 -1 11 15 17 18
15 44 -1 50 6 48 59
4 5 -1 11 15 17 18
17 46 -1 49 4 46 57
4 5 -1 11 15 17 18
18 47 -1 49 3 45 55
30






























1
По всем вопросам касающимся приложения обращайтесь по WhatsApp +79952867503
1
09.2026

      
	
