1
For advertising or questions send us e-mail kogdanamaz@gmail.com 
31
4 6 -1 11 15 17 19
28 1 -1 57 2 41 20
4 6 -1 11 15 17 19
30 2 -1 56 0 39 18
4 6 -1 11 14 17 19
31 4 -1 56 59 37 16
4 6 -1 11 14 17 19
33 5 -1 56 57 35 14
4 6 -1 11 14 17 19
34 7 -1 55 56 33 12
4 6 -1 11 14 17 19
36 8 -1 55 54 31 10
4 6 -1 11 14 17 19
37 10 -1 55 53 29 7
4 6 -1 11 14 17 19
39 11 -1 55 51 27 5
4 6 -1 11 14 17 19
40 13 -1 54 49 25 3
4 6 -1 11 14 17 19
42 14 -1 54 48 23 1
4 6 -1 11 14 17 18
43 16 -1 54 46 21 59
4 6 -1 11 14 17 18
45 17 -1 53 45 19 57
4 6 -1 11 14 17 18
46 19 -1 53 43 17 55
4 6 -1 11 14 17 18
48 20 -1 53 42 15 53
4 6 -1 11 14 17 18
49 22 -1 53 40 13 52
4 6 -1 11 14 17 18
51 23 -1 53 39 11 50
4 6 -1 11 14 17 18
52 25 -1 52 37 9 48
4 6 -1 11 14 17 18
53 26 -1 52 36 7 46
4 6 -1 11 14 17 18
55 28 -1 52 34 5 44
4 6 -1 11 14 17 18
56 29 -1 52 33 3 42
4 6 -1 11 14 17 18
58 31 -1 52 31 2 41
4 6 -1 11 14 17 18
59 32 -1 51 30 0 39
5 6 -1 11 14 16 18
1 34 -1 51 28 58 37
5 6 -1 11 14 16 18
2 35 -1 51 27 56 35
5 6 -1 11 14 16 18
4 37 -1 51 25 54 34
5 6 -1 11 14 16 18
5 39 -1 51 24 52 32
5 6 -1 11 14 16 18
6 40 -1 51 23 51 30
5 6 -1 11 14 16 18
8 42 -1 51 21 49 29
5 6 -1 11 14 16 18
9 43 -1 51 20 47 27
5 6 -1 11 14 16 18
11 45 -1 51 19 46 26
5 6 -1 11 14 16 18
12 46 -1 51 17 44 24
31































1
По всем вопросам касающимся приложения обращайтесь по WhatsApp +79952867503
1
10.2026

      
	
