1
For advertising or questions send us e-mail kogdanamaz@gmail.com 
30
3 5 -1 12 16 18 20
48 37 -1 17 0 56 37
3 5 -1 12 15 18 20
50 38 -1 16 59 54 35
3 5 -1 12 15 18 20
52 39 -1 16 58 52 33
3 5 -1 12 15 18 20
53 40 -1 16 57 50 30
3 5 -1 12 15 18 20
55 41 -1 15 55 48 28
3 5 -1 12 15 18 20
57 43 -1 15 54 47 26
3 5 -1 12 15 18 20
58 44 -1 15 53 45 24
4 5 -1 12 15 18 20
0 45 -1 14 52 43 21
4 5 -1 12 15 18 20
1 46 -1 14 50 41 19
4 5 -1 12 15 18 20
3 48 -1 14 49 39 17
4 5 -1 12 15 18 20
5 49 -1 13 48 37 14
4 5 -1 12 15 18 20
6 50 -1 13 47 35 12
4 5 -1 12 15 18 20
8 51 -1 13 45 33 10
4 5 -1 12 15 18 20
9 53 -1 12 44 31 8
4 5 -1 12 15 18 20
11 54 -1 12 43 29 6
4 5 -1 12 15 18 20
12 55 -1 12 41 27 3
4 5 -1 12 15 18 20
14 56 -1 11 40 25 1
4 5 -1 12 15 18 19
16 58 -1 11 39 23 59
4 5 -1 12 15 18 19
17 59 -1 10 37 21 57
4 6 -1 12 15 18 19
19 0 -1 10 36 19 55
4 6 -1 12 15 18 19
20 2 -1 10 35 17 52
4 6 -1 12 15 18 19
21 3 -1 9 33 15 50
4 6 -1 12 15 18 19
23 4 -1 9 32 13 48
4 6 -1 12 15 18 19
24 5 -1 9 31 11 46
4 6 -1 12 15 18 19
26 7 -1 8 29 9 44
4 6 -1 12 15 18 19
27 8 -1 8 28 7 42
4 6 -1 12 15 18 19
29 9 -1 8 26 5 40
4 6 -1 12 15 18 19
30 10 -1 7 25 3 38
4 6 -1 12 15 18 19
32 12 -1 7 23 1 36
4 6 -1 12 15 18 19
33 13 -1 7 22 0 34
30






























1
По всем вопросам касающимся приложения обращайтесь по WhatsApp +79952867503
1
09.2026

      
	
