1
For advertising or questions send us e-mail kogdanamaz@gmail.com 
30
4 6 -1 13 16 19 21
12 15 -1 2 46 48 42
4 6 -1 13 16 19 21
14 16 -1 2 45 46 40
4 6 -1 13 16 19 21
17 18 -1 1 44 44 37
4 6 -1 13 16 19 21
19 19 -1 1 42 42 34
4 6 -1 13 16 19 21
21 21 -1 1 41 39 31
4 6 -1 13 16 19 21
23 23 -1 0 39 37 29
4 6 -1 13 16 19 21
25 24 -1 0 38 35 26
4 6 -1 13 16 19 21
27 26 -1 0 37 33 23
4 6 -1 12 16 19 21
30 27 -1 59 35 31 20
4 6 -1 12 16 19 21
32 29 -1 59 34 28 18
4 6 -1 12 16 19 21
34 30 -1 59 32 26 15
4 6 -1 12 16 19 21
36 32 -1 58 31 24 12
4 6 -1 12 16 19 21
38 33 -1 58 29 22 10
4 6 -1 12 16 19 21
40 35 -1 58 28 19 7
4 6 -1 12 16 19 21
42 36 -1 57 26 17 4
4 6 -1 12 16 19 21
44 38 -1 57 25 15 2
4 6 -1 12 16 19 20
46 39 -1 57 23 13 59
4 6 -1 12 16 19 20
48 41 -1 56 21 10 57
4 6 -1 12 16 19 20
49 43 -1 56 20 8 54
4 6 -1 12 16 19 20
51 44 -1 55 18 6 51
4 6 -1 12 16 19 20
53 46 -1 55 17 4 49
4 6 -1 12 16 19 20
55 47 -1 55 15 1 46
4 6 -1 12 16 18 20
57 49 -1 54 13 59 44
4 6 -1 12 16 18 20
59 50 -1 54 12 57 41
5 6 -1 12 16 18 20
1 52 -1 54 10 55 39
5 6 -1 12 16 18 20
2 53 -1 53 9 52 36
5 6 -1 12 16 18 20
4 55 -1 53 7 50 34
5 6 -1 12 16 18 20
6 57 -1 53 5 48 32
5 6 -1 12 16 18 20
8 58 -1 52 4 46 29
5 7 -1 12 16 18 20
9 0 -1 52 2 43 27
30






























1
По всем вопросам касающимся приложения обращайтесь по WhatsApp +79952867503
1
09.2026

      
	
