1
For advertising or questions send us e-mail kogdanamaz@gmail.com 
31
3 5 -1 12 15 17 18
36 42 -1 0 16 17 59
3 5 -1 12 15 17 18
38 44 -1 0 13 14 56
3 5 -1 12 15 17 18
40 46 -1 0 11 11 54
3 5 -1 12 15 17 18
43 48 -1 0 9 9 51
3 5 -1 12 15 17 18
45 50 -1 0 6 6 48
3 5 -1 12 15 17 18
47 52 -1 0 4 4 45
3 5 -1 12 15 17 18
49 54 -1 0 2 1 43
3 5 -1 12 15 16 18
51 56 -1 0 0 58 40
3 5 -1 12 14 16 18
54 58 -1 0 57 56 38
3 6 -1 12 14 16 18
56 0 -1 0 55 53 35
3 6 -1 12 14 16 18
58 2 -1 0 53 51 32
4 6 -1 12 14 16 18
0 4 -1 0 50 48 30
4 6 -1 12 14 16 18
2 6 -1 0 48 46 27
4 6 -1 12 14 16 18
4 8 -1 0 46 43 25
4 6 -1 12 14 16 18
6 10 -1 0 44 41 23
4 6 -1 12 14 16 18
8 12 -1 0 41 38 20
4 6 -1 12 14 16 18
10 14 -1 0 39 36 18
4 6 -1 12 14 16 18
12 16 -1 0 37 33 15
4 6 -1 12 14 16 18
14 18 -1 0 35 31 13
4 6 -1 12 14 16 18
16 21 -1 0 32 28 11
4 6 -1 12 14 16 18
18 23 -1 0 30 26 8
4 6 -1 12 14 16 18
20 25 -1 0 28 23 6
4 6 -1 12 14 16 18
22 27 -1 0 26 21 4
4 6 -1 12 14 16 18
24 29 -1 0 24 19 2
4 6 -1 12 14 16 18
26 31 -1 0 21 16 0
4 6 -1 12 14 16 17
28 33 -1 0 19 14 58
4 6 -1 12 14 16 17
30 35 -1 0 17 12 55
4 6 -1 12 14 16 17
32 37 -1 0 15 9 53
4 6 -1 12 14 16 17
33 40 -1 0 13 7 51
4 6 -1 12 14 16 17
35 42 -1 0 11 5 49
4 6 -1 12 14 16 17
37 44 -1 0 9 3 47
31































1
По всем вопросам касающимся приложения обращайтесь по WhatsApp +79952867503
1
10.2026

      
	