1
For advertising or questions send us e-mail kogdanamaz@gmail.com 
30
4 6 -1 13 16 19 21
49 19 -1 15 44 44 9
4 6 -1 13 16 19 21
50 20 -1 15 44 43 8
4 6 -1 13 16 19 21
51 21 -1 15 44 42 7
4 6 -1 13 16 19 21
52 22 -1 15 43 40 6
4 6 -1 13 16 19 21
53 23 -1 15 42 39 4
4 6 -1 13 16 19 21
54 24 -1 15 41 37 2
4 6 -1 13 16 19 21
55 25 -1 15 41 36 1
4 6 -1 13 16 19 20
56 26 -1 15 40 34 59
4 6 -1 13 16 19 20
57 27 -1 15 40 33 58
4 6 -1 13 16 19 20
58 28 -1 15 39 31 56
4 6 -1 13 16 19 20
59 29 -1 15 38 29 54
5 6 -1 13 16 19 20
0 30 -1 15 37 27 52
5 6 -1 13 16 19 20
1 31 -1 15 37 25 50
5 6 -1 13 16 19 20
3 33 -1 15 36 23 48
5 6 -1 13 16 19 20
5 35 -1 15 35 21 46
5 6 -1 13 16 19 20
7 37 -1 15 34 19 44
5 6 -1 13 16 19 20
9 39 -1 15 33 17 42
5 6 -1 13 16 19 20
11 41 -1 15 32 15 40
5 6 -1 13 16 19 20
12 42 -1 15 32 13 38
5 6 -1 13 16 19 20
13 43 -1 15 31 11 36
5 6 -1 13 16 19 20
14 44 -1 15 31 9 34
5 6 -1 13 16 19 20
15 45 -1 15 30 7 32
5 6 -1 13 16 19 20
16 46 -1 15 29 5 30
5 6 -1 13 16 19 20
17 47 -1 15 28 3 28
5 6 -1 13 16 19 20
18 48 -1 15 27 1 26
5 6 -1 13 16 18 20
19 49 -1 15 25 59 24
5 6 -1 13 16 18 20
20 50 -1 15 24 57 22
5 6 -1 13 16 18 20
21 51 -1 15 22 55 20
5 6 -1 13 16 18 20
22 52 -1 15 21 53 18
5 6 -1 13 16 18 20
24 54 -1 15 19 51 17
30






























1
По всем вопросам касающимся приложения обращайтесь по WhatsApp +79952867503
1
09.2026

      
	
