1
For advertising or questions send us e-mail kogdanamaz@gmail.com 
30
3 5 -1 12 17 19 21
9 29 -1 35 10 28 17
3 5 -1 12 17 19 21
12 31 -1 35 8 26 14
3 5 -1 12 17 19 21
16 33 -1 34 6 23 11
3 5 -1 12 17 19 21
19 35 -1 34 4 21 7
3 5 -1 12 17 19 21
22 37 -1 34 2 18 4
3 5 -1 12 17 19 21
25 39 -1 34 0 15 1
3 5 -1 12 16 19 20
28 41 -1 33 58 13 58
3 5 -1 12 16 19 20
31 43 -1 33 56 10 54
3 5 -1 12 16 19 20
33 45 -1 33 53 8 51
3 5 -1 12 16 19 20
36 46 -1 32 51 5 48
3 5 -1 12 16 19 20
39 48 -1 32 49 2 45
3 5 -1 12 16 19 20
42 50 -1 31 47 0 42
3 5 -1 12 16 18 20
44 52 -1 31 45 57 39
3 5 -1 12 16 18 20
47 54 -1 31 43 55 36
3 5 -1 12 16 18 20
50 56 -1 30 41 52 32
3 5 -1 12 16 18 20
52 58 -1 30 38 49 29
3 6 -1 12 16 18 20
55 0 -1 30 36 47 26
3 6 -1 12 16 18 20
57 2 -1 29 34 44 23
4 6 -1 12 16 18 20
0 4 -1 29 32 41 20
4 6 -1 12 16 18 20
2 6 -1 29 30 39 17
4 6 -1 12 16 18 20
5 8 -1 28 27 36 14
4 6 -1 12 16 18 20
7 10 -1 28 25 33 12
4 6 -1 12 16 18 20
10 12 -1 28 23 31 9
4 6 -1 12 16 18 20
12 14 -1 27 21 28 6
4 6 -1 12 16 18 20
14 15 -1 27 18 25 3
4 6 -1 12 16 18 20
17 17 -1 26 16 23 0
4 6 -1 12 16 18 19
19 19 -1 26 14 20 57
4 6 -1 12 16 18 19
21 21 -1 26 12 18 54
4 6 -1 12 16 18 19
23 23 -1 25 9 15 52
4 6 -1 12 16 18 19
26 25 -1 25 7 12 49
30






























1
По всем вопросам касающимся приложения обращайтесь по WhatsApp +79952867503
1
09.2026

      
	
