1
For advertising or questions send us e-mail kogdanamaz@gmail.com 
30
3 5 -1 12 15 18 20
45 15 -1 15 38 34 10
3 5 -1 12 15 18 20
45 16 -1 15 38 32 10
3 5 -1 12 15 18 20
45 17 -1 15 38 30 8
3 5 -1 12 15 18 20
46 18 -1 15 37 29 6
3 5 -1 12 15 18 20
46 19 -1 15 37 27 6
3 5 -1 12 15 18 20
47 20 -1 15 37 25 6
3 5 -1 12 15 18 20
48 21 -1 15 36 23 6
3 5 -1 12 15 18 20
48 23 -1 15 36 21 5
3 5 -1 12 15 18 20
49 24 -1 15 36 20 5
3 5 -1 12 15 18 20
49 25 -1 15 36 18 5
3 5 -1 12 15 18 20
50 26 -1 15 35 16 5
3 5 -1 12 15 18 20
50 27 -1 15 35 14 0
3 5 -1 12 15 18 19
51 28 -1 15 34 12 59
3 5 -1 12 15 18 19
55 29 -1 15 34 11 58
3 5 -1 12 15 18 19
56 30 -1 15 34 9 56
3 5 -1 12 15 18 19
57 31 -1 15 33 7 52
4 5 -1 12 15 18 19
0 32 -1 15 32 5 50
4 5 -1 12 15 18 19
1 34 -1 15 32 3 49
4 5 -1 12 15 18 19
2 35 -1 15 31 2 47
4 5 -1 12 15 18 19
3 36 -1 15 30 0 45
4 5 -1 12 15 17 19
4 37 -1 15 29 58 43
4 5 -1 12 15 17 19
8 38 -1 15 28 56 42
4 5 -1 12 15 17 19
10 39 -1 15 27 54 41
4 5 -1 12 15 17 19
11 40 -1 15 25 53 40
4 5 -1 12 15 17 19
15 41 -1 15 24 51 38
4 5 -1 12 15 17 19
17 42 -1 15 23 49 34
4 5 -1 12 15 17 19
18 44 -1 15 22 47 32
4 5 -1 12 15 17 19
20 45 -1 15 20 45 30
4 5 -1 12 15 17 19
21 46 -1 15 20 44 28
4 5 -1 12 15 17 19
22 47 -1 15 20 42 28
30






























1
По всем вопросам касающимся приложения обращайтесь по WhatsApp +79952867503
1
09.2026

      
	
