1
For advertising or questions send us e-mail kogdanamaz@gmail.com 
31
4 5 -1 11 14 17 18
12 46 -1 38 55 30 58
4 5 -1 11 14 17 18
13 47 -1 38 54 28 56
4 5 -1 11 14 17 18
14 48 -1 38 53 27 54
4 5 -1 11 14 17 18
16 49 -1 37 51 25 53
4 5 -1 11 14 17 18
17 50 -1 37 50 23 51
4 5 -1 11 14 17 18
18 51 -1 37 49 22 49
4 5 -1 11 14 17 18
19 52 -1 36 47 20 48
4 5 -1 11 14 17 18
20 53 -1 36 46 18 46
4 5 -1 11 14 17 18
21 54 -1 36 45 17 44
4 5 -1 11 14 17 18
22 56 -1 36 44 15 43
4 5 -1 11 14 17 18
24 57 -1 35 42 13 41
4 5 -1 11 14 17 18
25 58 -1 35 41 12 39
4 5 -1 11 14 17 18
26 59 -1 35 40 10 38
4 6 -1 11 14 17 18
27 0 -1 35 39 8 36
4 6 -1 11 14 17 18
28 1 -1 34 37 7 35
4 6 -1 11 14 17 18
29 2 -1 34 36 5 33
4 6 -1 11 14 17 18
30 4 -1 34 35 4 32
4 6 -1 11 14 17 18
31 5 -1 34 34 2 30
4 6 -1 11 14 17 18
32 6 -1 34 33 0 29
4 6 -1 11 14 16 18
34 7 -1 33 31 59 27
4 6 -1 11 14 16 18
35 8 -1 33 30 57 26
4 6 -1 11 14 16 18
36 9 -1 33 29 56 24
4 6 -1 11 14 16 18
37 11 -1 33 28 54 23
4 6 -1 11 14 16 18
38 12 -1 33 27 53 22
4 6 -1 11 14 16 18
39 13 -1 33 26 52 20
4 6 -1 11 14 16 18
40 14 -1 33 24 50 19
4 6 -1 11 14 16 18
41 16 -1 32 23 49 18
4 6 -1 11 14 16 18
42 17 -1 32 22 47 16
4 6 -1 11 14 16 18
43 18 -1 32 21 46 15
4 6 -1 11 14 16 18
45 19 -1 32 20 45 14
4 6 -1 11 14 16 18
46 20 -1 32 19 43 13
31































1
По всем вопросам касающимся приложения обращайтесь по WhatsApp +79952867503
1
10.2026

      
	
