1
For advertising or questions send us e-mail kogdanamaz@gmail.com 
30
3 5 -1 12 17 19 21
4 39 -1 41 17 38 35
3 5 -1 12 17 19 21
8 41 -1 41 15 36 31
3 5 -1 12 17 19 21
11 43 -1 41 13 33 28
3 5 -1 12 17 19 21
15 45 -1 40 11 30 24
3 5 -1 12 17 19 21
18 47 -1 40 9 28 21
3 5 -1 12 17 19 21
22 49 -1 40 7 25 17
3 5 -1 12 17 19 21
25 51 -1 39 5 22 14
3 5 -1 12 17 19 21
28 53 -1 39 3 19 10
3 5 -1 12 17 19 21
32 55 -1 39 0 17 7
3 5 -1 12 16 19 21
35 57 -1 38 58 14 3
3 5 -1 12 16 19 21
38 59 -1 38 56 11 0
3 6 -1 12 16 19 20
41 1 -1 38 54 8 57
3 6 -1 12 16 19 20
44 3 -1 37 52 6 53
3 6 -1 12 16 19 20
47 6 -1 37 49 3 50
3 6 -1 12 16 19 20
50 8 -1 37 47 0 47
3 6 -1 12 16 18 20
52 10 -1 36 45 57 43
3 6 -1 12 16 18 20
55 12 -1 36 42 55 40
3 6 -1 12 16 18 20
58 14 -1 35 40 52 37
4 6 -1 12 16 18 20
1 16 -1 35 38 49 34
4 6 -1 12 16 18 20
3 18 -1 35 36 46 31
4 6 -1 12 16 18 20
6 20 -1 34 33 44 28
4 6 -1 12 16 18 20
9 22 -1 34 31 41 24
4 6 -1 12 16 18 20
11 24 -1 34 29 38 21
4 6 -1 12 16 18 20
14 26 -1 33 26 35 18
4 6 -1 12 16 18 20
16 28 -1 33 24 33 15
4 6 -1 12 16 18 20
19 30 -1 33 22 30 12
4 6 -1 12 16 18 20
21 32 -1 32 19 27 9
4 6 -1 12 16 18 20
24 34 -1 32 17 24 6
4 6 -1 12 16 18 20
26 36 -1 32 14 22 3
4 6 -1 12 16 18 20
29 39 -1 31 12 19 0
30






























1
По всем вопросам касающимся приложения обращайтесь по WhatsApp +79952867503
1
09.2026

      
	
