1
For advertising or questions send us e-mail kogdanamaz@gmail.com 
31
4 6 -1 12 15 18 19
46 28 -1 19 29 8 45
4 6 -1 12 15 18 19
48 29 -1 19 27 6 43
4 6 -1 12 15 18 19
49 31 -1 18 26 4 41
4 6 -1 12 15 18 19
51 32 -1 18 24 2 39
4 6 -1 12 15 18 19
52 33 -1 18 23 0 37
4 6 -1 12 15 17 19
54 35 -1 17 21 58 35
4 6 -1 12 15 17 19
55 36 -1 17 20 56 33
4 6 -1 12 15 17 19
57 38 -1 17 18 54 31
4 6 -1 12 15 17 19
58 39 -1 16 17 52 29
5 6 -1 12 15 17 19
0 41 -1 16 15 50 27
5 6 -1 12 15 17 19
1 42 -1 16 14 48 25
5 6 -1 12 15 17 19
2 43 -1 16 12 46 23
5 6 -1 12 15 17 19
4 45 -1 15 11 44 21
5 6 -1 12 15 17 19
4 45 -1 15 11 44 21
5 6 -1 12 15 17 19
7 48 -1 15 8 40 17
5 6 -1 12 15 17 19
8 49 -1 15 6 39 15
5 6 -1 12 15 17 19
10 51 -1 15 5 37 14
5 6 -1 12 15 17 19
11 52 -1 14 3 35 12
5 6 -1 12 15 17 19
12 54 -1 14 2 33 10
5 6 -1 12 15 17 19
14 55 -1 14 0 31 8
5 6 -1 12 14 17 19
15 57 -1 14 59 29 7
5 6 -1 12 14 17 19
17 58 -1 14 58 27 5
5 7 -1 12 14 17 19
18 0 -1 14 56 26 3
5 7 -1 12 14 17 19
19 1 -1 13 55 24 2
5 7 -1 12 14 17 19
21 3 -1 13 53 22 0
5 7 -1 12 14 17 18
22 4 -1 13 52 20 58
5 7 -1 12 14 17 18
24 6 -1 13 51 19 57
5 7 -1 12 14 17 18
25 7 -1 13 49 17 55
4 6 -1 11 13 16 17
26 9 -1 13 48 15 54
4 6 -1 11 13 16 17
28 10 -1 13 47 14 52
4 6 -1 11 13 16 17
29 12 -1 13 45 12 51
31































1
По всем вопросам касающимся приложения обращайтесь по WhatsApp +79952867503
1
10.2026

      
	
