1
For advertising or questions send us e-mail kogdanamaz@gmail.com 
31
4 6 -1 12 15 18 19
39 22 -1 13 22 2 40
4 6 -1 12 15 18 19
41 23 -1 12 21 0 38
4 6 -1 12 15 17 19
42 25 -1 12 19 58 36
4 6 -1 12 15 17 19
44 26 -1 12 17 56 34
4 6 -1 12 15 17 19
45 28 -1 11 16 54 31
4 6 -1 12 15 17 19
47 29 -1 11 14 51 29
4 6 -1 12 15 17 19
48 31 -1 11 13 49 27
4 6 -1 12 15 17 19
50 32 -1 11 11 47 25
4 6 -1 12 15 17 19
51 33 -1 10 10 45 23
4 6 -1 12 15 17 19
53 35 -1 10 8 43 21
4 6 -1 12 15 17 19
54 36 -1 10 7 41 19
4 6 -1 12 15 17 19
56 38 -1 10 5 39 17
4 6 -1 12 15 17 19
57 39 -1 9 4 37 15
4 6 -1 12 15 17 19
57 39 -1 9 4 37 15
5 6 -1 12 15 17 19
0 42 -1 9 0 34 11
5 6 -1 12 14 17 19
2 44 -1 9 59 32 10
5 6 -1 12 14 17 19
3 45 -1 8 57 30 8
5 6 -1 12 14 17 19
5 47 -1 8 56 28 6
5 6 -1 12 14 17 19
6 49 -1 8 54 26 4
5 6 -1 12 14 17 19
7 50 -1 8 53 24 2
5 6 -1 12 14 17 19
9 52 -1 8 52 22 1
5 6 -1 12 14 17 18
10 53 -1 8 50 20 59
5 6 -1 12 14 17 18
12 55 -1 7 49 19 57
5 6 -1 12 14 17 18
13 56 -1 7 47 17 56
5 6 -1 12 14 17 18
15 58 -1 7 46 15 54
5 6 -1 12 14 17 18
16 59 -1 7 44 13 52
5 7 -1 12 14 17 18
17 1 -1 7 43 11 51
5 7 -1 12 14 17 18
19 2 -1 7 42 10 49
4 6 -1 11 13 16 17
20 4 -1 7 40 8 48
4 6 -1 11 13 16 17
22 6 -1 7 39 6 46
4 6 -1 11 13 16 17
23 7 -1 7 38 5 45
31































1
По всем вопросам касающимся приложения обращайтесь по WhatsApp +79952867503
1
10.2026

      
	