1
For advertising or questions send us e-mail kogdanamaz@gmail.com 
30
4 6 -1 12 16 19 21
22 9 -1 50 32 29 11
4 6 -1 12 16 19 21
24 10 -1 50 31 27 8
4 6 -1 12 16 19 21
26 12 -1 49 30 25 6
4 6 -1 12 16 19 21
27 13 -1 49 28 23 4
4 6 -1 12 16 19 21
29 14 -1 49 27 21 1
4 6 -1 12 16 19 20
31 16 -1 48 26 19 59
4 6 -1 12 16 19 20
33 17 -1 48 25 17 57
4 6 -1 12 16 19 20
34 18 -1 48 23 15 54
4 6 -1 12 16 19 20
36 19 -1 47 22 13 52
4 6 -1 12 16 19 20
37 21 -1 47 21 11 50
4 6 -1 12 16 19 20
39 22 -1 47 19 9 48
4 6 -1 12 16 19 20
41 23 -1 46 18 7 45
4 6 -1 12 16 19 20
42 25 -1 46 17 5 43
4 6 -1 12 16 19 20
42 25 -1 46 17 5 43
4 6 -1 12 16 19 20
45 27 -1 45 14 1 39
4 6 -1 12 16 18 20
47 28 -1 45 13 59 36
4 6 -1 12 16 18 20
49 30 -1 44 11 57 34
4 6 -1 12 16 18 20
50 31 -1 44 10 55 32
4 6 -1 12 16 18 20
52 32 -1 44 9 53 30
4 6 -1 12 16 18 20
53 34 -1 43 7 51 27
4 6 -1 12 16 18 20
55 35 -1 43 6 49 25
4 6 -1 12 16 18 20
56 36 -1 43 4 47 23
4 6 -1 12 16 18 20
58 37 -1 42 3 45 21
4 6 -1 12 16 18 20
59 39 -1 42 2 43 19
5 6 -1 12 16 18 20
1 40 -1 42 0 41 17
5 6 -1 12 15 18 20
2 41 -1 41 59 39 14
5 6 -1 12 15 18 20
4 43 -1 41 57 37 12
5 6 -1 12 15 18 20
5 44 -1 41 56 35 10
5 6 -1 12 15 18 20
5 44 -1 41 56 35 10
5 6 -1 12 15 18 20
8 47 -1 40 53 32 6
30






























1
По всем вопросам касающимся приложения обращайтесь по WhatsApp +79952867503
1
09.2026

      
	
