1
For advertising or questions send us e-mail kogdanamaz@gmail.com 
30
2 4 11 12 16 18 20
9 39 37 0 17 33 31
2 4 11 12 16 18 20
12 41 36 0 15 30 27
2 4 11 12 16 18 20
16 43 36 0 13 28 24
2 4 11 12 16 18 20
19 45 36 0 11 25 20
2 4 11 12 16 18 20
22 47 35 0 9 22 17
2 4 11 12 16 18 20
26 49 35 0 7 20 13
2 4 11 12 16 18 20
29 51 35 0 5 17 10
2 4 11 12 16 18 20
32 53 34 0 3 14 7
2 4 11 12 16 18 20
35 55 34 0 0 12 3
2 4 11 12 15 18 20
38 57 34 0 58 9 0
2 4 11 12 15 18 19
41 59 33 0 56 6 57
2 5 11 12 15 18 19
44 1 33 0 54 4 54
2 5 11 12 15 18 19
47 3 33 0 52 1 50
2 5 11 12 15 17 19
49 5 32 0 50 58 47
2 5 11 12 15 17 19
52 7 32 0 47 55 44
2 5 11 12 15 17 19
55 9 32 0 45 53 41
2 5 11 12 15 17 19
58 11 31 0 43 50 38
3 5 11 12 15 17 19
0 13 31 0 41 47 34
3 5 11 12 15 17 19
3 15 30 0 38 45 31
3 5 11 12 15 17 19
5 17 30 0 36 42 28
3 5 11 12 15 17 19
8 19 30 0 34 39 25
3 5 11 12 15 17 19
11 21 29 0 32 37 22
3 5 11 12 15 17 19
13 23 29 0 29 34 19
3 5 11 12 15 17 19
16 25 29 0 27 31 16
3 5 11 12 15 17 19
18 27 28 0 25 28 13
3 5 11 12 15 17 19
20 29 28 0 22 26 10
3 5 11 12 15 17 19
23 31 28 0 20 23 7
3 5 11 12 15 17 19
25 33 27 0 18 20 5
3 5 11 12 15 17 19
28 35 27 0 15 18 2
3 5 11 12 15 17 18
30 37 27 0 13 15 59
30






























1
По всем вопросам касающимся приложения обращайтесь по WhatsApp +79952867503
1
09.2026

      
	
