1
For advertising or questions send us e-mail kogdanamaz@gmail.com 
31
4 6 -1 12 15 18 19
57 38 -1 29 40 19 55
4 6 -1 12 15 18 19
59 40 -1 29 38 17 53
5 6 -1 12 15 18 19
0 41 -1 29 37 15 51
5 6 -1 12 15 18 19
2 42 -1 28 35 13 49
5 6 -1 12 15 18 19
3 44 -1 28 34 11 47
5 6 -1 12 15 18 19
4 45 -1 28 32 9 45
5 6 -1 12 15 18 19
6 47 -1 28 31 7 43
5 6 -1 12 15 18 19
7 48 -1 27 29 5 41
5 6 -1 12 15 18 19
9 49 -1 27 27 3 39
5 6 -1 12 15 18 19
10 51 -1 27 26 1 37
5 6 -1 12 15 17 19
12 52 -1 26 24 59 35
5 6 -1 12 15 17 19
13 54 -1 26 23 57 33
5 6 -1 12 15 17 19
15 55 -1 26 21 55 31
5 6 -1 12 15 17 19
15 55 -1 26 21 55 31
5 6 -1 12 15 17 19
17 58 -1 25 19 51 28
5 7 -1 12 15 17 19
19 0 -1 25 17 49 26
5 7 -1 12 15 17 19
20 1 -1 25 16 47 24
5 7 -1 12 15 17 19
22 3 -1 25 14 46 22
5 7 -1 12 15 17 19
23 4 -1 25 13 44 20
5 7 -1 12 15 17 19
24 5 -1 25 11 42 19
5 7 -1 12 15 17 19
26 7 -1 24 10 40 17
5 7 -1 12 15 17 19
27 8 -1 24 8 38 15
5 7 -1 12 15 17 19
29 10 -1 24 7 36 14
5 7 -1 12 15 17 19
30 11 -1 24 6 35 12
4 6 -1 11 14 16 18
31 13 -1 24 4 33 10
4 6 -1 11 14 16 18
33 14 -1 24 3 31 9
4 6 -1 11 14 16 18
34 16 -1 24 2 30 7
4 6 -1 11 14 16 18
35 18 -1 24 0 28 6
4 6 -1 11 13 16 18
37 19 -1 23 59 26 4
4 6 -1 11 13 16 18
38 21 -1 23 58 25 3
4 6 -1 11 13 16 18
39 22 -1 23 56 23 1
31































1
По всем вопросам касающимся приложения обращайтесь по WhatsApp +79952867503
1
10.2026

      
	
