1
For advertising or questions send us e-mail kogdanamaz@gmail.com 
30
3 5 -1 12 16 19 20
56 47 -1 29 11 10 55
3 5 -1 12 16 19 20
58 48 -1 29 10 8 53
4 5 -1 12 16 19 20
0 49 -1 29 9 6 50
4 5 -1 12 16 19 20
2 51 -1 28 8 4 48
4 5 -1 12 16 19 20
3 52 -1 28 6 2 45
4 5 -1 12 16 19 20
5 53 -1 28 5 0 43
4 5 -1 12 16 18 20
7 55 -1 27 4 58 40
4 5 -1 12 16 18 20
9 56 -1 27 2 56 38
4 5 -1 12 16 18 20
11 57 -1 27 1 54 36
4 5 -1 12 16 18 20
12 59 -1 26 0 52 33
4 6 -1 12 15 18 20
14 0 -1 26 58 50 31
4 6 -1 12 15 18 20
16 2 -1 25 57 48 28
4 6 -1 12 15 18 20
18 3 -1 25 55 45 26
4 6 -1 12 15 18 20
18 3 -1 25 55 45 26
4 6 -1 12 15 18 20
21 6 -1 24 53 41 21
4 6 -1 12 15 18 20
23 7 -1 24 51 39 19
4 6 -1 12 15 18 20
24 8 -1 24 50 37 17
4 6 -1 12 15 18 20
26 10 -1 23 48 35 14
4 6 -1 12 15 18 20
28 11 -1 23 47 33 12
4 6 -1 12 15 18 20
29 12 -1 23 45 31 10
4 6 -1 12 15 18 20
31 14 -1 22 44 29 7
4 6 -1 12 15 18 20
32 15 -1 22 42 27 5
4 6 -1 12 15 18 20
34 17 -1 22 41 25 3
4 6 -1 12 15 18 20
36 18 -1 21 40 23 1
4 6 -1 12 15 18 19
37 19 -1 21 38 21 58
4 6 -1 12 15 18 19
39 21 -1 21 37 18 56
4 6 -1 12 15 18 19
40 22 -1 20 35 16 54
4 6 -1 12 15 18 19
42 24 -1 20 33 14 52
4 6 -1 12 15 18 19
42 24 -1 20 33 14 52
4 6 -1 12 15 18 19
45 26 -1 19 30 10 47
30






























1
По всем вопросам касающимся приложения обращайтесь по WhatsApp +79952867503
1
09.2026

      
	
