1
For advertising or questions send us e-mail kogdanamaz@gmail.com 
30
3 5 -1 12 15 18 20
24 2 -1 1 44 54 28
3 5 -1 12 15 18 20
26 4 -1 0 43 52 25
3 5 -1 12 15 18 20
28 5 -1 0 41 49 22
3 5 -1 12 15 18 20
30 7 -1 0 40 47 20
3 5 -1 11 15 18 20
32 9 -1 59 38 45 17
3 5 -1 11 15 18 20
34 11 -1 59 36 42 15
3 5 -1 11 15 18 20
36 13 -1 59 35 40 12
3 5 -1 11 15 18 20
38 14 -1 58 33 37 9
3 5 -1 11 15 18 20
39 16 -1 58 32 35 7
3 5 -1 11 15 18 20
41 18 -1 58 30 32 4
3 5 -1 11 15 18 20
43 20 -1 57 28 30 2
3 5 -1 11 15 18 19
45 22 -1 57 27 27 59
3 5 -1 11 15 18 19
47 23 -1 57 25 25 56
3 5 -1 11 15 18 19
49 25 -1 56 23 22 54
3 5 -1 11 15 18 19
51 27 -1 56 21 20 51
3 5 -1 11 15 18 19
53 29 -1 56 20 17 49
3 5 -1 11 15 18 19
54 31 -1 55 18 15 46
3 5 -1 11 15 18 19
56 32 -1 55 16 12 44
3 5 -1 11 15 18 19
58 34 -1 54 14 10 41
4 5 -1 11 15 18 19
0 36 -1 54 13 7 39
4 5 -1 11 15 18 19
2 38 -1 54 11 5 36
4 5 -1 11 15 18 19
4 40 -1 53 9 2 34
4 5 -1 11 15 18 19
5 41 -1 53 7 0 31
4 5 -1 11 15 17 19
7 43 -1 53 6 57 29
4 5 -1 11 15 17 19
9 45 -1 52 4 55 26
4 5 -1 11 15 17 19
11 47 -1 52 2 52 24
4 5 -1 11 15 17 19
12 49 -1 52 0 50 21
4 5 -1 11 14 17 19
14 51 -1 51 58 47 19
4 5 -1 11 14 17 19
16 52 -1 51 56 45 16
4 5 -1 11 14 17 19
18 54 -1 51 55 42 14
30






























1
По всем вопросам касающимся приложения обращайтесь по WhatsApp +79952867503
1
09.2026

      
	
