1
For advertising or questions send us e-mail kogdanamaz@gmail.com 
30
3 5 -1 12 16 19 20
38 12 -1 22 5 26 56
3 5 -1 12 16 19 20
40 14 -1 21 3 23 53
3 5 -1 12 16 19 20
42 17 -1 21 1 20 50
3 5 -1 12 15 19 20
45 19 -1 21 59 17 48
3 5 -1 12 15 19 20
47 21 -1 20 57 14 45
3 5 -1 12 15 19 20
49 24 -1 20 55 11 42
3 5 -1 12 15 19 20
51 26 -1 20 54 8 39
3 5 -1 12 15 19 20
54 28 -1 19 52 5 36
3 5 -1 12 15 19 20
56 30 -1 19 50 2 33
3 5 -1 12 15 18 20
58 33 -1 19 48 59 30
4 5 -1 12 15 18 20
0 35 -1 18 46 56 27
4 5 -1 12 15 18 20
2 37 -1 18 44 53 24
4 5 -1 12 15 18 20
5 39 -1 18 42 51 21
4 5 -1 12 15 18 20
7 42 -1 17 40 48 18
4 5 -1 12 15 18 20
9 44 -1 17 38 45 16
4 5 -1 12 15 18 20
11 46 -1 17 36 42 13
4 5 -1 12 15 18 20
13 48 -1 16 34 39 10
4 5 -1 12 15 18 20
15 51 -1 16 32 36 7
4 5 -1 12 15 18 20
18 53 -1 16 30 33 4
4 5 -1 12 15 18 20
20 55 -1 15 28 30 1
4 5 -1 12 15 18 19
22 58 -1 15 25 27 58
4 6 -1 12 15 18 19
24 0 -1 14 23 24 56
4 6 -1 12 15 18 19
26 2 -1 14 21 21 53
4 6 -1 12 15 18 19
28 4 -1 14 19 18 50
4 6 -1 12 15 18 19
30 7 -1 13 17 15 47
4 6 -1 12 15 18 19
32 9 -1 13 15 12 44
4 6 -1 12 15 18 19
35 11 -1 13 13 9 41
4 6 -1 12 15 18 19
37 13 -1 12 11 6 39
4 6 -1 12 15 18 19
39 16 -1 12 8 3 36
4 6 -1 12 15 18 19
41 18 -1 12 6 0 33
30






























1
По всем вопросам касающимся приложения обращайтесь по WhatsApp +79952867503
1
09.2026

      
	
