1
For advertising or questions send us e-mail kogdanamaz@gmail.com 
30
3 5 -1 12 16 19 20
41 17 -1 22 5 22 54
3 5 -1 12 16 19 20
43 19 -1 22 4 19 51
3 5 -1 12 16 19 20
45 21 -1 21 2 16 48
3 5 -1 12 16 19 20
47 23 -1 21 0 14 45
3 5 -1 12 15 19 20
49 25 -1 21 58 11 43
3 5 -1 12 15 19 20
52 27 -1 20 56 8 40
3 5 -1 12 15 19 20
54 29 -1 20 55 5 37
3 5 -1 12 15 19 20
56 32 -1 20 53 3 34
3 5 -1 12 15 19 20
58 34 -1 19 51 0 31
4 5 -1 12 15 18 20
0 36 -1 19 49 57 29
4 5 -1 12 15 18 20
2 38 -1 19 47 54 26
4 5 -1 12 15 18 20
4 40 -1 18 45 51 23
4 5 -1 12 15 18 20
6 42 -1 18 44 49 20
4 5 -1 12 15 18 20
8 44 -1 18 42 46 17
4 5 -1 12 15 18 20
10 46 -1 17 40 43 15
4 5 -1 12 15 18 20
12 48 -1 17 38 40 12
4 5 -1 12 15 18 20
14 50 -1 17 36 37 9
4 5 -1 12 15 18 20
16 53 -1 16 34 35 6
4 5 -1 12 15 18 20
19 55 -1 16 32 32 4
4 5 -1 12 15 18 20
21 57 -1 15 30 29 1
4 5 -1 12 15 18 19
23 59 -1 15 28 26 58
4 6 -1 12 15 18 19
25 1 -1 15 26 23 55
4 6 -1 12 15 18 19
27 3 -1 14 24 21 53
4 6 -1 12 15 18 19
29 5 -1 14 22 18 50
4 6 -1 12 15 18 19
31 7 -1 14 20 15 47
4 6 -1 12 15 18 19
33 9 -1 13 18 12 45
4 6 -1 12 15 18 19
35 11 -1 13 16 9 42
4 6 -1 12 15 18 19
37 14 -1 13 14 7 39
4 6 -1 12 15 18 19
39 16 -1 12 12 4 37
4 6 -1 12 15 18 19
41 18 -1 12 10 1 34
30






























1
По всем вопросам касающимся приложения обращайтесь по WhatsApp +79952867503
1
09.2026

      
	
