1
For advertising or questions send us e-mail kogdanamaz@gmail.com 
30
4 6 -1 13 17 20 21
45 15 -1 30 56 13 43
4 6 -1 13 17 20 21
47 17 -1 30 54 10 40
4 6 -1 13 17 20 21
49 19 -1 30 51 7 37
4 6 -1 13 17 20 21
51 21 -1 30 49 5 35
4 6 -1 13 17 20 21
53 23 -1 30 47 2 32
4 6 -1 13 17 19 21
55 25 -1 30 45 59 29
4 6 -1 13 17 19 21
58 28 -1 30 43 56 26
5 6 -1 13 17 19 21
0 30 -1 30 41 53 23
5 6 -1 13 17 19 21
2 32 -1 30 38 51 21
5 6 -1 13 17 19 21
4 34 -1 30 36 48 18
5 6 -1 13 17 19 21
6 36 -1 30 34 45 15
5 6 -1 13 17 19 21
8 38 -1 30 32 42 12
5 6 -1 13 17 19 21
10 40 -1 30 29 39 9
5 6 -1 13 17 19 21
12 42 -1 30 27 36 6
5 6 -1 13 17 19 21
15 45 -1 30 25 34 4
5 6 -1 13 17 19 21
17 47 -1 30 22 31 1
5 6 -1 13 17 19 20
19 49 -1 30 20 28 58
5 6 -1 13 17 19 20
21 51 -1 30 18 25 55
5 6 -1 13 17 19 20
23 53 -1 30 15 22 52
5 6 -1 13 17 19 20
25 55 -1 30 13 19 49
5 6 -1 13 17 19 20
27 57 -1 30 11 17 47
5 7 -1 13 17 19 20
30 0 -1 30 8 14 44
5 7 -1 13 17 19 20
32 2 -1 30 6 11 41
5 7 -1 13 17 19 20
34 4 -1 30 3 8 38
5 7 -1 13 17 19 20
36 6 -1 30 1 5 35
5 7 -1 13 16 19 20
38 8 -1 30 59 2 32
5 7 -1 13 16 19 20
40 10 -1 30 56 0 30
5 7 -1 13 16 18 20
42 12 -1 30 54 57 27
5 7 -1 13 16 18 20
45 15 -1 30 51 54 24
5 7 -1 13 16 18 20
47 17 -1 30 49 51 21
30






























1
По всем вопросам касающимся приложения обращайтесь по WhatsApp +79952867503
1
09.2026

      
	
