1
For advertising or questions send us e-mail kogdanamaz@gmail.com 
31
5 7 -1 13 16 18 20
23 21 -1 9 9 55 48
5 7 -1 13 16 18 20
25 23 -1 9 7 52 45
5 7 -1 13 16 18 20
27 25 -1 8 5 50 42
5 7 -1 13 16 18 20
29 27 -1 8 3 47 40
5 7 -1 13 16 18 20
31 29 -1 8 1 45 37
5 7 -1 13 16 18 20
33 30 -1 7 0 42 35
5 7 -1 13 15 18 20
35 32 -1 7 58 40 32
5 7 -1 13 15 18 20
37 34 -1 7 56 37 29
5 7 -1 13 15 18 20
39 36 -1 7 54 35 27
5 7 -1 13 15 18 20
41 38 -1 6 52 32 25
5 7 -1 13 15 18 20
43 40 -1 6 50 30 22
5 7 -1 13 15 18 20
45 42 -1 6 48 28 20
5 7 -1 13 15 18 20
47 44 -1 6 47 25 17
5 7 -1 13 15 18 20
47 44 -1 6 47 25 17
5 7 -1 13 15 18 20
51 48 -1 5 43 20 13
5 7 -1 13 15 18 20
52 50 -1 5 41 18 10
5 7 -1 13 15 18 20
54 52 -1 5 39 16 8
5 7 -1 13 15 18 20
56 54 -1 4 37 13 6
5 7 -1 13 15 18 20
58 56 -1 4 36 11 4
6 7 -1 13 15 18 20
0 58 -1 4 34 9 1
6 8 -1 13 15 18 19
2 0 -1 4 32 7 59
6 8 -1 13 15 18 19
4 2 -1 4 30 4 57
6 8 -1 13 15 18 19
5 3 -1 4 28 2 55
6 8 -1 13 15 18 19
7 5 -1 4 27 0 53
6 8 -1 13 15 17 19
9 7 -1 3 25 58 51
6 8 -1 13 15 17 19
11 9 -1 3 23 55 49
6 8 -1 13 15 17 19
13 11 -1 3 22 53 47
5 7 -1 12 14 16 18
14 13 -1 3 20 51 45
5 7 -1 12 14 16 18
16 15 -1 3 18 49 43
5 7 -1 12 14 16 18
18 17 -1 3 17 47 41
5 7 -1 12 14 16 18
20 19 -1 3 15 45 39
31































1
По всем вопросам касающимся приложения обращайтесь по WhatsApp +79952867503
1
10.2026

      
	
