1
For advertising or questions send us e-mail kogdanamaz@gmail.com 
30
3 5 -1 12 16 19 21
42 47 -1 36 19 23 22
3 5 -1 12 16 19 21
45 49 -1 36 17 21 19
3 5 -1 12 16 19 21
47 51 -1 36 16 19 16
3 5 -1 12 16 19 21
50 52 -1 35 14 17 13
3 5 -1 12 16 19 21
52 54 -1 35 13 14 10
3 5 -1 12 16 19 21
54 55 -1 35 11 12 7
3 5 -1 12 16 19 21
57 57 -1 34 10 10 4
3 5 -1 12 16 19 21
59 59 -1 34 8 7 1
4 6 -1 12 16 19 20
1 0 -1 34 7 5 58
4 6 -1 12 16 19 20
3 2 -1 33 5 3 55
4 6 -1 12 16 19 20
6 4 -1 33 4 0 53
4 6 -1 12 16 18 20
8 5 -1 33 2 58 50
4 6 -1 12 16 18 20
10 7 -1 32 0 56 47
4 6 -1 12 15 18 20
12 9 -1 32 59 53 44
4 6 -1 12 15 18 20
14 10 -1 32 57 51 41
4 6 -1 12 15 18 20
16 12 -1 31 56 48 39
4 6 -1 12 15 18 20
18 14 -1 31 54 46 36
4 6 -1 12 15 18 20
21 15 -1 31 52 44 33
4 6 -1 12 15 18 20
23 17 -1 30 51 41 31
4 6 -1 12 15 18 20
25 19 -1 30 49 39 28
4 6 -1 12 15 18 20
27 20 -1 29 47 37 25
4 6 -1 12 15 18 20
29 22 -1 29 46 34 23
4 6 -1 12 15 18 20
31 24 -1 29 44 32 20
4 6 -1 12 15 18 20
32 25 -1 28 42 30 17
4 6 -1 12 15 18 20
34 27 -1 28 40 27 15
4 6 -1 12 15 18 20
36 29 -1 28 39 25 12
4 6 -1 12 15 18 20
38 30 -1 27 37 23 10
4 6 -1 12 15 18 20
40 32 -1 27 35 20 7
4 6 -1 12 15 18 20
42 34 -1 27 34 18 5
4 6 -1 12 15 18 20
44 35 -1 26 32 16 2
30






























1
По всем вопросам касающимся приложения обращайтесь по WhatsApp +79952867503
1
09.2026

      
	
