1
For advertising or questions send us e-mail kogdanamaz@gmail.com 
30
3 5 -1 12 16 19 20
41 18 -1 20 3 16 49
3 5 -1 12 16 19 20
43 20 -1 19 1 14 47
3 5 -1 12 16 19 20
45 22 -1 19 0 11 44
3 5 -1 12 15 19 20
47 24 -1 19 58 9 41
3 5 -1 12 15 19 20
49 26 -1 18 56 6 38
3 5 -1 12 15 19 20
51 27 -1 18 55 3 36
3 5 -1 12 15 19 20
53 29 -1 18 53 1 33
3 5 -1 12 15 18 20
55 31 -1 17 51 58 30
3 5 -1 12 15 18 20
57 33 -1 17 50 55 28
3 5 -1 12 15 18 20
59 35 -1 17 48 53 25
4 5 -1 12 15 18 20
1 37 -1 16 46 50 22
4 5 -1 12 15 18 20
3 39 -1 16 44 47 19
4 5 -1 12 15 18 20
5 41 -1 16 42 45 17
4 5 -1 12 15 18 20
7 43 -1 15 41 42 14
4 5 -1 12 15 18 20
9 45 -1 15 39 39 11
4 5 -1 12 15 18 20
11 47 -1 15 37 37 9
4 5 -1 12 15 18 20
13 49 -1 14 35 34 6
4 5 -1 12 15 18 20
15 51 -1 14 33 31 3
4 5 -1 12 15 18 20
17 53 -1 13 31 29 1
4 5 -1 12 15 18 19
19 55 -1 13 30 26 58
4 5 -1 12 15 18 19
21 57 -1 13 28 23 55
4 5 -1 12 15 18 19
22 59 -1 12 26 21 53
4 6 -1 12 15 18 19
24 1 -1 12 24 18 50
4 6 -1 12 15 18 19
26 3 -1 12 22 16 48
4 6 -1 12 15 18 19
28 5 -1 11 20 13 45
4 6 -1 12 15 18 19
30 7 -1 11 18 10 42
4 6 -1 12 15 18 19
32 9 -1 11 16 8 40
4 6 -1 12 15 18 19
34 11 -1 10 14 5 37
4 6 -1 12 15 18 19
36 13 -1 10 12 2 35
4 6 -1 12 15 18 19
38 15 -1 10 10 0 32
30






























1
По всем вопросам касающимся приложения обращайтесь по WhatsApp +79952867503
1
09.2026

      
	
