1
For advertising or questions send us e-mail kogdanamaz@gmail.com 
31
4 6 -1 12 15 18 19
55 32 -1 26 28 15 47
4 6 -1 12 15 18 19
57 33 -1 26 26 13 45
4 6 -1 12 15 18 19
59 35 -1 25 24 10 42
5 6 -1 12 15 18 19
1 37 -1 25 22 8 40
5 6 -1 12 15 18 19
2 39 -1 25 20 5 37
5 6 -1 12 15 18 19
4 41 -1 24 18 3 35
5 6 -1 12 15 18 19
6 43 -1 24 17 1 33
5 6 -1 12 15 17 19
7 45 -1 24 15 58 30
5 6 -1 12 15 17 19
9 47 -1 24 13 56 28
5 6 -1 12 15 17 19
11 48 -1 23 11 53 26
5 6 -1 12 15 17 19
13 50 -1 23 9 51 24
5 6 -1 12 15 17 19
14 52 -1 23 7 48 21
5 6 -1 12 15 17 19
16 54 -1 23 6 46 19
5 6 -1 12 15 17 19
18 56 -1 22 4 44 17
5 6 -1 12 15 17 19
20 58 -1 22 2 41 15
5 7 -1 12 15 17 19
21 0 -1 22 0 39 12
5 7 -1 12 14 17 19
23 2 -1 22 58 37 10
5 7 -1 12 14 17 19
25 4 -1 21 56 34 8
5 7 -1 12 14 17 19
27 6 -1 21 55 32 6
5 7 -1 12 14 17 19
28 8 -1 21 53 30 4
5 7 -1 12 14 17 19
30 10 -1 21 51 28 2
5 7 -1 12 14 17 19
32 12 -1 21 49 25 0
5 7 -1 12 14 17 18
33 13 -1 21 48 23 58
5 7 -1 12 14 17 18
35 15 -1 21 46 21 56
5 7 -1 12 14 17 18
37 17 -1 20 44 19 54
5 7 -1 12 14 17 18
38 19 -1 20 42 17 52
5 7 -1 12 14 17 18
40 21 -1 20 41 14 50
5 7 -1 12 14 17 18
42 23 -1 20 39 12 48
5 7 -1 12 14 17 18
43 25 -1 20 37 10 46
5 7 -1 12 14 17 18
45 27 -1 20 36 8 45
5 7 -1 12 14 17 18
47 29 -1 20 34 6 43
31































1
По всем вопросам касающимся приложения обращайтесь по WhatsApp +79952867503
1
10.2026

      
	
