1
For advertising or questions send us e-mail kogdanamaz@gmail.com 
30
3 5 -1 12 16 19 20
36 12 -1 18 1 18 50
3 5 -1 12 15 19 20
38 14 -1 17 59 15 47
3 5 -1 12 15 19 20
41 16 -1 17 57 12 44
3 5 -1 12 15 19 20
43 19 -1 17 56 10 41
3 5 -1 12 15 19 20
45 21 -1 16 54 7 39
3 5 -1 12 15 19 20
47 23 -1 16 52 4 36
3 5 -1 12 15 19 20
49 25 -1 16 50 1 33
3 5 -1 12 15 18 20
51 27 -1 15 49 58 30
3 5 -1 12 15 18 20
53 29 -1 15 47 56 27
3 5 -1 12 15 18 20
56 31 -1 15 45 53 24
3 5 -1 12 15 18 20
58 33 -1 14 43 50 22
4 5 -1 12 15 18 20
0 36 -1 14 41 47 19
4 5 -1 12 15 18 20
2 38 -1 14 39 44 16
4 5 -1 12 15 18 20
4 40 -1 13 37 42 13
4 5 -1 12 15 18 20
6 42 -1 13 35 39 10
4 5 -1 12 15 18 20
8 44 -1 13 33 36 8
4 5 -1 12 15 18 20
10 46 -1 12 31 33 5
4 5 -1 12 15 18 20
12 48 -1 12 29 30 2
4 5 -1 12 15 18 19
14 50 -1 12 28 28 59
4 5 -1 12 15 18 19
16 52 -1 11 26 25 57
4 5 -1 12 15 18 19
18 55 -1 11 24 22 54
4 5 -1 12 15 18 19
20 57 -1 10 22 19 51
4 5 -1 12 15 18 19
22 59 -1 10 20 16 48
4 6 -1 12 15 18 19
24 1 -1 10 18 13 46
4 6 -1 12 15 18 19
26 3 -1 9 15 11 43
4 6 -1 12 15 18 19
28 5 -1 9 13 8 40
4 6 -1 12 15 18 19
30 7 -1 9 11 5 38
4 6 -1 12 15 18 19
32 9 -1 8 9 2 35
4 6 -1 12 15 17 19
34 12 -1 8 7 59 32
4 6 -1 12 15 17 19
36 14 -1 8 5 57 30
30






























1
По всем вопросам касающимся приложения обращайтесь по WhatsApp +79952867503
1
09.2026

      
	
