1
For advertising or questions send us e-mail kogdanamaz@gmail.com 
31
4 6 -1 12 15 18 19
41 18 -1 13 18 3 34
4 6 -1 12 15 18 19
43 19 -1 12 16 0 32
4 6 -1 12 15 17 19
45 21 -1 12 14 58 30
4 6 -1 12 15 17 19
46 23 -1 12 12 56 27
4 6 -1 12 15 17 19
48 25 -1 11 11 53 25
4 6 -1 12 15 17 19
49 26 -1 11 9 51 23
4 6 -1 12 15 17 19
51 28 -1 11 7 49 21
4 6 -1 12 15 17 19
53 30 -1 11 5 46 19
4 6 -1 12 15 17 19
54 31 -1 10 4 44 16
4 6 -1 12 15 17 19
56 33 -1 10 2 42 14
4 6 -1 12 15 17 19
58 35 -1 10 0 40 12
4 6 -1 12 14 17 19
59 37 -1 9 58 37 10
5 6 -1 12 14 17 19
1 38 -1 9 57 35 8
5 6 -1 12 14 17 19
2 40 -1 9 55 33 6
5 6 -1 12 14 17 19
4 42 -1 9 53 31 4
5 6 -1 12 14 17 19
6 44 -1 9 51 29 2
5 6 -1 12 14 17 18
7 46 -1 8 50 26 59
5 6 -1 12 14 17 18
9 47 -1 8 48 24 57
5 6 -1 12 14 17 18
10 49 -1 8 46 22 55
5 6 -1 12 14 17 18
12 51 -1 8 45 20 54
5 6 -1 12 14 17 18
14 53 -1 8 43 18 52
5 6 -1 12 14 17 18
15 55 -1 8 41 16 50
5 6 -1 12 14 17 18
17 56 -1 7 40 14 48
5 6 -1 12 14 17 18
18 58 -1 7 38 12 46
5 7 -1 12 14 17 18
20 0 -1 7 36 10 44
5 7 -1 12 14 17 18
22 2 -1 7 35 8 42
5 7 -1 12 14 17 18
23 4 -1 7 33 6 40
5 7 -1 12 14 17 18
25 5 -1 7 32 4 39
5 7 -1 12 14 17 18
26 7 -1 7 30 2 37
5 7 -1 12 14 17 18
28 9 -1 7 29 0 35
5 7 -1 12 14 16 18
29 11 -1 7 27 58 34
31































1
По всем вопросам касающимся приложения обращайтесь по WhatsApp +79952867503
1
10.2026

      
	
