1
For advertising or questions send us e-mail kogdanamaz@gmail.com 
30
3 5 -1 12 16 19 20
45 23 -1 22 6 16 50
3 5 -1 12 16 19 20
47 25 -1 22 4 14 47
3 5 -1 12 16 19 20
49 27 -1 22 3 11 45
3 5 -1 12 16 19 20
51 29 -1 21 1 9 42
3 5 -1 12 16 19 20
53 31 -1 21 0 6 39
3 5 -1 12 15 19 20
55 32 -1 21 58 4 37
3 5 -1 12 15 19 20
57 34 -1 20 56 1 34
3 5 -1 12 15 18 20
59 36 -1 20 55 59 32
4 5 -1 12 15 18 20
1 38 -1 20 53 56 29
4 5 -1 12 15 18 20
3 40 -1 19 51 54 26
4 5 -1 12 15 18 20
5 42 -1 19 50 51 24
4 5 -1 12 15 18 20
7 43 -1 19 48 49 21
4 5 -1 12 15 18 20
9 45 -1 18 46 46 18
4 5 -1 12 15 18 20
10 47 -1 18 45 44 16
4 5 -1 12 15 18 20
12 49 -1 18 43 41 13
4 5 -1 12 15 18 20
14 51 -1 17 41 39 11
4 5 -1 12 15 18 20
16 53 -1 17 39 36 8
4 5 -1 12 15 18 20
18 54 -1 17 38 34 6
4 5 -1 12 15 18 20
20 56 -1 16 36 31 3
4 5 -1 12 15 18 20
22 58 -1 16 34 28 0
4 6 -1 12 15 18 19
23 0 -1 15 32 26 58
4 6 -1 12 15 18 19
25 2 -1 15 30 23 55
4 6 -1 12 15 18 19
27 4 -1 15 29 21 53
4 6 -1 12 15 18 19
29 6 -1 14 27 18 50
4 6 -1 12 15 18 19
31 7 -1 14 25 16 48
4 6 -1 12 15 18 19
33 9 -1 14 23 13 45
4 6 -1 12 15 18 19
34 11 -1 13 21 11 43
4 6 -1 12 15 18 19
36 13 -1 13 19 8 40
4 6 -1 12 15 18 19
38 15 -1 13 17 6 38
4 6 -1 12 15 18 19
40 17 -1 12 16 3 35
30






























1
По всем вопросам касающимся приложения обращайтесь по WhatsApp +79952867503
1
09.2026

      
	
