1
For advertising or questions send us e-mail kogdanamaz@gmail.com 
30
3 5 -1 12 15 18 20
25 18 -1 2 44 44 31
3 5 -1 12 15 18 20
25 18 -1 2 44 44 31
3 5 -1 12 15 18 20
27 20 -1 2 43 42 29
3 5 -1 12 15 18 20
31 22 -1 1 40 38 24
3 5 -1 12 15 18 20
33 24 -1 1 39 36 21
3 5 -1 12 15 18 20
35 25 -1 0 38 34 19
3 5 -1 12 15 18 20
37 27 -1 0 36 32 16
3 5 -1 12 15 18 20
39 28 -1 0 35 29 14
3 5 -1 11 15 18 20
41 29 -1 59 34 27 11
3 5 -1 11 15 18 20
42 31 -1 59 32 25 9
3 5 -1 11 15 18 20
44 32 -1 59 31 23 6
3 5 -1 11 15 18 20
46 34 -1 58 29 21 4
3 5 -1 11 15 18 20
48 35 -1 58 28 19 1
3 5 -1 11 15 18 19
50 37 -1 58 27 17 59
3 5 -1 11 15 18 19
51 38 -1 57 25 15 56
3 5 -1 11 15 18 19
53 39 -1 57 24 13 54
3 5 -1 11 15 18 19
53 39 -1 57 24 13 54
3 5 -1 11 15 18 19
55 41 -1 57 22 10 52
3 5 -1 11 15 18 19
58 44 -1 56 19 6 47
4 5 -1 11 15 18 19
0 45 -1 55 18 4 44
4 5 -1 11 15 18 19
2 47 -1 55 16 2 42
4 5 -1 11 15 18 19
3 48 -1 55 15 0 40
4 5 -1 11 15 17 19
5 49 -1 54 13 58 37
4 5 -1 11 15 17 19
7 51 -1 54 12 55 35
4 5 -1 11 15 17 19
8 52 -1 54 10 53 33
4 5 -1 11 15 17 19
10 54 -1 53 9 51 31
4 5 -1 11 15 17 19
11 55 -1 53 7 49 28
4 5 -1 11 15 17 19
13 57 -1 53 5 47 26
4 5 -1 11 15 17 19
15 58 -1 52 4 45 24
4 5 -1 11 15 17 19
16 59 -1 52 2 43 22
30






























1
По всем вопросам касающимся приложения обращайтесь по WhatsApp +79952867503
1
09.2026

      
	
