1
For advertising or questions send us e-mail kogdanamaz@gmail.com 
30
4 6 -1 12 16 19 21
19 10 -1 53 35 34 19
4 6 -1 12 16 19 21
21 11 -1 52 34 32 16
4 6 -1 12 16 19 21
23 13 -1 52 33 30 14
4 6 -1 12 16 19 21
25 14 -1 52 31 28 12
4 6 -1 12 16 19 21
27 15 -1 51 30 26 9
4 6 -1 12 16 19 21
29 17 -1 51 29 24 7
4 6 -1 12 16 19 21
30 18 -1 51 27 22 4
4 6 -1 12 16 19 21
32 19 -1 50 26 20 2
4 6 -1 12 16 19 20
34 21 -1 50 25 18 59
4 6 -1 12 16 19 20
36 22 -1 50 23 16 57
4 6 -1 12 16 19 20
38 23 -1 49 22 13 55
4 6 -1 12 16 19 20
39 25 -1 49 21 11 52
4 6 -1 12 16 19 20
41 26 -1 49 19 9 50
4 6 -1 12 16 19 20
43 28 -1 48 18 7 47
4 6 -1 12 16 19 20
44 29 -1 48 17 5 45
4 6 -1 12 16 19 20
46 30 -1 48 15 3 43
4 6 -1 12 16 19 20
48 32 -1 47 14 1 40
4 6 -1 12 16 18 20
49 33 -1 47 12 59 38
4 6 -1 12 16 18 20
51 34 -1 47 11 57 36
4 6 -1 12 16 18 20
53 36 -1 46 9 55 33
4 6 -1 12 16 18 20
54 37 -1 46 8 53 31
4 6 -1 12 16 18 20
56 38 -1 46 6 51 29
4 6 -1 12 16 18 20
57 40 -1 45 5 49 27
4 6 -1 12 16 18 20
59 41 -1 45 3 47 24
5 6 -1 12 16 18 20
1 43 -1 44 2 44 22
5 6 -1 12 16 18 20
2 44 -1 44 0 42 20
5 6 -1 12 15 18 20
4 45 -1 44 59 40 18
5 6 -1 12 15 18 20
5 47 -1 43 57 38 16
5 6 -1 12 15 18 20
7 48 -1 43 56 36 13
5 6 -1 12 15 18 20
8 50 -1 43 54 34 11
30






























1
По всем вопросам касающимся приложения обращайтесь по WhatsApp +79952867503
1
09.2026

      
	
