1
For advertising or questions send us e-mail kogdanamaz@gmail.com 
30
4 6 -1 12 16 19 20
29 10 -1 47 28 22 58
4 6 -1 12 16 19 20
31 11 -1 47 27 21 56
4 6 -1 12 16 19 20
32 12 -1 46 26 19 54
4 6 -1 12 16 19 20
34 13 -1 46 25 17 52
4 6 -1 12 16 19 20
35 14 -1 46 24 15 50
4 6 -1 12 16 19 20
37 15 -1 45 23 13 48
4 6 -1 12 16 19 20
38 16 -1 45 22 12 45
4 6 -1 12 16 19 20
39 18 -1 45 20 10 43
4 6 -1 12 16 19 20
41 19 -1 44 19 8 41
4 6 -1 12 16 19 20
42 20 -1 44 18 6 39
4 6 -1 12 16 19 20
44 21 -1 43 17 4 37
4 6 -1 12 16 19 20
45 22 -1 43 16 2 35
4 6 -1 12 16 19 20
46 23 -1 43 14 1 33
4 6 -1 12 16 18 20
48 24 -1 42 13 59 31
4 6 -1 12 16 18 20
49 25 -1 42 12 57 29
4 6 -1 12 16 18 20
51 27 -1 42 11 55 27
4 6 -1 12 16 18 20
52 28 -1 41 9 53 25
4 6 -1 12 16 18 20
53 29 -1 41 8 51 23
4 6 -1 12 16 18 20
55 30 -1 41 7 50 21
4 6 -1 12 16 18 20
56 31 -1 40 6 48 19
4 6 -1 12 16 18 20
57 32 -1 40 4 46 17
4 6 -1 12 16 18 20
59 33 -1 40 3 44 15
5 6 -1 12 16 18 20
0 35 -1 39 2 42 13
5 6 -1 12 16 18 20
1 36 -1 39 0 40 11
5 6 -1 12 15 18 20
2 37 -1 39 59 38 9
5 6 -1 12 15 18 20
4 38 -1 38 58 37 7
5 6 -1 12 15 18 20
5 39 -1 38 57 35 5
5 6 -1 12 15 18 20
6 40 -1 37 55 33 3
5 6 -1 12 15 18 20
7 41 -1 37 54 31 1
5 6 -1 12 15 18 19
9 43 -1 37 53 29 59
30






























1
По всем вопросам касающимся приложения обращайтесь по WhatsApp +79952867503
1
09.2026

      
	
