1
For advertising or questions send us e-mail kogdanamaz@gmail.com 
30
4 6 -1 12 16 19 20
30 8 -1 43 24 17 50
4 6 -1 12 16 19 20
31 9 -1 43 23 15 48
4 6 -1 12 16 19 20
33 10 -1 43 22 14 46
4 6 -1 12 16 19 20
34 11 -1 42 21 12 44
4 6 -1 12 16 19 20
36 12 -1 42 20 10 42
4 6 -1 12 16 19 20
37 13 -1 42 19 9 40
4 6 -1 12 16 19 20
38 14 -1 41 18 7 38
4 6 -1 12 16 19 20
40 15 -1 41 17 5 36
4 6 -1 12 16 19 20
41 16 -1 41 16 3 34
4 6 -1 12 16 19 20
42 17 -1 40 15 2 32
4 6 -1 12 16 19 20
44 18 -1 40 13 0 30
4 6 -1 12 16 18 20
45 19 -1 40 12 58 28
4 6 -1 12 16 18 20
46 20 -1 39 11 56 26
4 6 -1 12 16 18 20
48 21 -1 39 10 55 24
4 6 -1 12 16 18 20
49 23 -1 39 9 53 22
4 6 -1 12 16 18 20
50 24 -1 38 8 51 20
4 6 -1 12 16 18 20
51 25 -1 38 6 49 19
4 6 -1 12 16 18 20
53 26 -1 37 5 47 17
4 6 -1 12 16 18 20
54 27 -1 37 4 46 15
4 6 -1 12 16 18 20
55 28 -1 37 3 44 13
4 6 -1 12 16 18 20
56 29 -1 36 2 42 11
4 6 -1 12 16 18 20
57 30 -1 36 0 40 9
4 6 -1 12 15 18 20
59 31 -1 36 59 39 7
5 6 -1 12 15 18 20
0 32 -1 35 58 37 5
5 6 -1 12 15 18 20
1 33 -1 35 57 35 3
5 6 -1 12 15 18 20
2 34 -1 35 55 33 1
5 6 -1 12 15 18 20
3 35 -1 34 54 32 0
5 6 -1 12 15 18 19
5 37 -1 34 53 30 58
5 6 -1 12 15 18 19
6 38 -1 34 52 28 56
5 6 -1 12 15 18 19
7 39 -1 33 50 26 54
30






























1
По всем вопросам касающимся приложения обращайтесь по WhatsApp +79952867503
1
09.2026

      
	
