1
For advertising or questions send us e-mail kogdanamaz@gmail.com 
31
5 7 -1 13 16 19 20
52 24 -1 17 33 8 36
5 7 -1 13 16 19 20
53 25 -1 16 31 6 35
5 7 -1 13 16 19 20
54 26 -1 16 30 5 33
5 7 -1 13 16 19 20
55 27 -1 16 29 3 31
5 7 -1 13 16 19 20
56 28 -1 16 27 1 29
5 7 -1 13 16 19 20
57 29 -1 15 26 0 28
5 7 -1 13 16 18 20
59 30 -1 15 25 58 26
6 7 -1 13 16 18 20
0 32 -1 15 24 56 24
6 7 -1 13 16 18 20
1 33 -1 14 22 54 22
6 7 -1 13 16 18 20
2 34 -1 14 21 53 21
6 7 -1 13 16 18 20
3 35 -1 14 20 51 19
6 7 -1 13 16 18 20
4 36 -1 14 19 49 18
6 7 -1 13 16 18 20
5 37 -1 13 17 48 16
6 7 -1 13 16 18 20
5 37 -1 13 17 48 16
6 7 -1 13 16 18 20
8 40 -1 13 15 45 13
6 7 -1 13 16 18 20
9 41 -1 13 14 43 11
6 7 -1 13 16 18 20
10 42 -1 13 12 41 10
6 7 -1 13 16 18 20
11 43 -1 12 11 40 8
6 7 -1 13 16 18 20
12 44 -1 12 10 38 7
6 7 -1 13 16 18 20
13 46 -1 12 9 37 5
6 7 -1 13 16 18 20
14 47 -1 12 7 35 4
6 7 -1 13 16 18 20
16 48 -1 12 6 34 2
6 7 -1 13 16 18 20
17 49 -1 12 5 32 1
6 7 -1 13 16 18 20
18 51 -1 11 4 31 0
6 7 -1 13 16 18 19
19 52 -1 11 3 29 58
6 7 -1 13 16 18 19
20 53 -1 11 2 28 57
6 7 -1 13 16 18 19
21 54 -1 11 1 26 56
5 6 -1 12 14 17 18
22 55 -1 11 59 25 54
5 6 -1 12 14 17 18
23 57 -1 11 58 24 53
5 6 -1 12 14 17 18
24 58 -1 11 57 22 52
5 6 -1 12 14 17 18
26 59 -1 11 56 21 51
31































1
По всем вопросам касающимся приложения обращайтесь по WhatsApp +79952867503
1
10.2026

      
	
