1
For advertising or questions send us e-mail kogdanamaz@gmail.com 
30
4 6 -1 12 16 19 20
17 0 -1 39 20 15 53
4 6 -1 12 16 19 20
19 1 -1 38 19 13 51
4 6 -1 12 16 19 20
21 2 -1 38 18 11 49
4 6 -1 12 16 19 20
22 4 -1 38 17 10 46
4 6 -1 12 16 19 20
24 5 -1 37 16 8 44
4 6 -1 12 16 19 20
25 6 -1 37 14 6 42
4 6 -1 12 16 19 20
27 7 -1 37 13 4 40
4 6 -1 12 16 19 20
28 8 -1 36 12 2 38
4 6 -1 12 16 19 20
30 10 -1 36 11 0 35
4 6 -1 12 16 18 20
31 11 -1 35 10 58 33
4 6 -1 12 16 18 20
33 12 -1 35 8 57 31
4 6 -1 12 16 18 20
34 13 -1 35 7 55 29
4 6 -1 12 16 18 20
36 14 -1 34 6 53 27
4 6 -1 12 16 18 20
37 15 -1 34 5 51 25
4 6 -1 12 16 18 20
39 17 -1 34 3 49 23
4 6 -1 12 16 18 20
40 18 -1 33 2 47 21
4 6 -1 12 16 18 20
42 19 -1 33 1 45 18
4 6 -1 12 15 18 20
43 20 -1 33 59 43 16
4 6 -1 12 15 18 20
44 21 -1 32 58 41 14
4 6 -1 12 15 18 20
46 23 -1 32 57 40 12
4 6 -1 12 15 18 20
47 24 -1 32 55 38 10
4 6 -1 12 15 18 20
48 25 -1 31 54 36 8
4 6 -1 12 15 18 20
50 26 -1 31 53 34 6
4 6 -1 12 15 18 20
51 27 -1 31 51 32 4
4 6 -1 12 15 18 20
52 29 -1 30 50 30 2
4 6 -1 12 15 18 20
54 30 -1 30 49 28 0
4 6 -1 12 15 18 19
55 31 -1 29 47 26 58
4 6 -1 12 15 18 19
56 32 -1 29 46 24 56
4 6 -1 12 15 18 19
58 33 -1 29 45 23 54
4 6 -1 12 15 18 19
59 35 -1 28 43 21 52
30






























1
По всем вопросам касающимся приложения обращайтесь по WhatsApp +79952867503
1
09.2026

      
	
