1
For advertising or questions send us e-mail kogdanamaz@gmail.com 
31
5 7 -1 12 16 18 20
22 0 -1 52 4 42 16
5 7 -1 12 16 18 20
24 1 -1 52 3 40 14
5 7 -1 12 16 18 20
25 3 -1 51 1 38 12
5 7 -1 12 16 18 20
27 4 -1 51 0 36 10
5 7 -1 12 15 18 20
28 5 -1 51 59 34 8
5 7 -1 12 15 18 20
29 7 -1 50 57 32 6
5 7 -1 12 15 18 20
31 8 -1 50 56 31 4
5 7 -1 12 15 18 20
32 9 -1 50 54 29 2
5 7 -1 12 15 18 20
33 11 -1 50 53 27 0
5 7 -1 12 15 18 19
35 12 -1 49 51 25 58
5 7 -1 12 15 18 19
36 13 -1 49 50 23 56
5 7 -1 12 15 18 19
37 15 -1 49 49 21 55
5 7 -1 12 15 18 19
39 16 -1 49 47 19 53
5 7 -1 12 15 18 19
40 17 -1 48 46 18 51
5 7 -1 12 15 18 19
41 19 -1 48 44 16 49
5 7 -1 12 15 18 19
43 20 -1 48 43 14 48
5 7 -1 12 15 18 19
44 21 -1 48 42 12 46
5 7 -1 12 15 18 19
45 23 -1 48 40 11 44
5 7 -1 12 15 18 19
46 24 -1 47 39 9 43
5 7 -1 12 15 18 19
48 26 -1 47 38 7 41
5 7 -1 12 15 18 19
49 27 -1 47 36 5 39
5 7 -1 12 15 18 19
50 28 -1 47 35 4 38
5 7 -1 12 15 18 19
52 30 -1 47 34 2 36
5 7 -1 12 15 18 19
53 31 -1 47 32 0 35
5 7 -1 12 15 17 19
54 33 -1 46 31 59 33
5 7 -1 12 15 17 19
55 34 -1 46 30 57 32
5 7 -1 12 15 17 19
57 35 -1 46 28 56 30
4 6 -1 11 14 16 18
58 37 -1 46 27 54 29
4 6 -1 11 14 16 18
59 38 -1 46 26 52 27
5 6 -1 11 14 16 18
1 40 -1 46 25 51 26
5 6 -1 11 14 16 18
2 41 -1 46 23 49 25
31































1
По всем вопросам касающимся приложения обращайтесь по WhatsApp +79952867503
1
10.2026

      
	