1
For advertising or questions send us e-mail kogdanamaz@gmail.com 
30
4 5 -1 12 16 19 21
2 40 -1 37 20 29 2
4 5 -1 12 16 19 21
4 42 -1 37 19 26 0
4 5 -1 12 16 19 20
5 44 -1 36 18 24 57
4 5 -1 12 16 19 20
7 45 -1 36 16 21 55
4 5 -1 12 16 19 20
9 47 -1 36 15 19 52
4 5 -1 12 16 19 20
11 49 -1 35 13 17 50
4 5 -1 12 16 19 20
13 50 -1 35 11 14 47
4 5 -1 12 16 19 20
15 52 -1 35 10 12 45
4 5 -1 12 16 19 20
17 54 -1 34 8 10 42
4 5 -1 12 16 19 20
19 56 -1 34 7 7 40
4 5 -1 12 16 19 20
20 57 -1 34 5 5 37
4 5 -1 12 16 19 20
22 59 -1 33 4 2 34
4 6 -1 12 16 19 20
24 1 -1 33 2 0 32
4 6 -1 12 16 18 20
26 2 -1 32 0 58 29
4 6 -1 12 15 18 20
28 4 -1 32 59 55 27
4 6 -1 12 15 18 20
29 6 -1 32 57 53 24
4 6 -1 12 15 18 20
31 7 -1 31 55 50 22
4 6 -1 12 15 18 20
33 9 -1 31 54 48 19
4 6 -1 12 15 18 20
35 11 -1 31 52 45 17
4 6 -1 12 15 18 20
36 13 -1 30 50 43 15
4 6 -1 12 15 18 20
38 14 -1 30 48 41 12
4 6 -1 12 15 18 20
40 16 -1 30 47 38 10
4 6 -1 12 15 18 20
42 18 -1 29 45 36 7
4 6 -1 12 15 18 20
43 19 -1 29 43 33 5
4 6 -1 12 15 18 20
45 21 -1 29 42 31 2
4 6 -1 12 15 18 20
47 23 -1 28 40 29 0
4 6 -1 12 15 18 19
48 25 -1 28 38 26 58
4 6 -1 12 15 18 19
50 26 -1 28 36 24 55
4 6 -1 12 15 18 19
52 28 -1 27 35 21 53
4 6 -1 12 15 18 19
54 30 -1 27 33 19 50
30






























1
По всем вопросам касающимся приложения обращайтесь по WhatsApp +79952867503
1
09.2026

      
	
