1
For advertising or questions send us e-mail kogdanamaz@gmail.com 
30
4 5 -1 12 16 19 21
16 53 -1 53 37 49 21
4 5 -1 12 16 19 21
18 55 -1 53 35 46 19
4 5 -1 12 16 19 21
20 57 -1 53 34 44 16
4 5 -1 12 16 19 21
22 58 -1 52 32 41 13
4 6 -1 12 16 19 21
24 0 -1 52 31 39 11
4 6 -1 12 16 19 21
26 2 -1 52 29 36 8
4 6 -1 12 16 19 21
28 4 -1 51 27 34 5
4 6 -1 12 16 19 21
30 6 -1 51 26 31 3
4 6 -1 12 16 19 21
32 8 -1 51 24 29 0
4 6 -1 12 16 19 20
34 10 -1 50 22 26 58
4 6 -1 12 16 19 20
35 11 -1 50 21 23 55
4 6 -1 12 16 19 20
37 13 -1 50 19 21 52
4 6 -1 12 16 19 20
39 15 -1 49 17 18 50
4 6 -1 12 16 19 20
41 17 -1 49 15 16 47
4 6 -1 12 16 19 20
43 19 -1 49 14 13 44
4 6 -1 12 16 19 20
45 21 -1 48 12 11 42
4 6 -1 12 16 19 20
47 22 -1 48 10 8 39
4 6 -1 12 16 19 20
49 24 -1 47 8 6 37
4 6 -1 12 16 19 20
51 26 -1 47 7 3 34
4 6 -1 12 16 19 20
52 28 -1 47 5 0 32
4 6 -1 12 16 18 20
54 30 -1 46 3 58 29
4 6 -1 12 16 18 20
56 32 -1 46 1 55 26
4 6 -1 12 15 18 20
58 34 -1 46 59 53 24
5 6 -1 12 15 18 20
0 35 -1 45 57 50 21
5 6 -1 12 15 18 20
2 37 -1 45 56 48 19
5 6 -1 12 15 18 20
3 39 -1 45 54 45 16
5 6 -1 12 15 18 20
5 41 -1 44 52 43 14
5 6 -1 12 15 18 20
7 43 -1 44 50 40 11
5 6 -1 12 15 18 20
9 45 -1 44 48 38 9
5 6 -1 12 15 18 20
11 47 -1 43 46 35 6
30






























1
По всем вопросам касающимся приложения обращайтесь по WhatsApp +79952867503
1
09.2026

      
	
