1
For advertising or questions send us e-mail kogdanamaz@gmail.com 
30
4 5 -1 12 16 18 20
10 40 -1 30 5 58 40
4 5 -1 12 16 18 20
11 41 -1 30 4 56 37
4 5 -1 12 16 18 20
13 43 -1 30 3 54 35
4 5 -1 12 16 18 20
14 44 -1 30 2 53 33
4 5 -1 12 16 18 20
16 46 -1 30 1 51 31
4 5 -1 12 15 18 20
17 47 -1 30 59 49 29
4 5 -1 12 15 18 20
19 49 -1 30 58 47 26
4 5 -1 12 15 18 20
20 50 -1 30 57 45 24
4 5 -1 12 15 18 20
21 51 -1 30 56 43 22
4 5 -1 12 15 18 20
23 53 -1 30 55 41 20
4 5 -1 12 15 18 20
24 54 -1 30 53 40 18
4 5 -1 12 15 18 20
26 56 -1 30 52 38 16
4 5 -1 12 15 18 20
27 57 -1 30 51 36 13
4 5 -1 12 15 18 20
29 59 -1 30 50 34 11
4 6 -1 12 15 18 20
30 0 -1 30 48 32 9
4 6 -1 12 15 18 20
31 1 -1 30 47 30 7
4 6 -1 12 15 18 20
33 3 -1 30 46 28 5
4 6 -1 12 15 18 20
34 4 -1 30 45 26 3
4 6 -1 12 15 18 20
35 5 -1 30 43 24 1
4 6 -1 12 15 18 19
37 7 -1 30 42 22 59
4 6 -1 12 15 18 19
38 8 -1 30 41 21 56
4 6 -1 12 15 18 19
39 9 -1 30 39 19 54
4 6 -1 12 15 18 19
41 11 -1 30 38 17 52
4 6 -1 12 15 18 19
42 12 -1 30 37 15 50
4 6 -1 12 15 18 19
43 13 -1 30 35 13 48
4 6 -1 12 15 18 19
45 15 -1 30 34 11 46
4 6 -1 12 15 18 19
46 16 -1 30 32 9 44
4 6 -1 12 15 18 19
47 17 -1 30 31 7 42
4 6 -1 12 15 18 19
48 18 -1 30 30 5 40
4 6 -1 12 15 18 19
50 20 -1 30 28 3 38
30






























1
По всем вопросам касающимся приложения обращайтесь по WhatsApp +79952867503
1
09.2026

      
	
