1
For advertising or questions send us e-mail kogdanamaz@gmail.com 
30
3 5 -1 12 15 19 20
41 20 -1 16 59 6 41
3 5 -1 12 15 19 20
43 22 -1 15 58 4 38
3 5 -1 12 15 19 20
45 23 -1 15 56 2 36
3 5 -1 12 15 18 20
46 25 -1 15 55 59 33
3 5 -1 12 15 18 20
48 27 -1 14 53 57 31
3 5 -1 12 15 18 20
50 28 -1 14 52 55 28
3 5 -1 12 15 18 20
52 30 -1 14 50 52 26
3 5 -1 12 15 18 20
54 32 -1 13 49 50 23
3 5 -1 12 15 18 20
56 33 -1 13 47 48 21
3 5 -1 12 15 18 20
58 35 -1 13 46 45 18
3 5 -1 12 15 18 20
59 37 -1 12 44 43 16
4 5 -1 12 15 18 20
1 38 -1 12 42 40 13
4 5 -1 12 15 18 20
3 40 -1 12 41 38 11
4 5 -1 12 15 18 20
5 42 -1 11 39 36 8
4 5 -1 12 15 18 20
6 43 -1 11 38 33 6
4 5 -1 12 15 18 20
8 45 -1 11 36 31 3
4 5 -1 12 15 18 20
10 47 -1 10 34 29 1
4 5 -1 12 15 18 19
12 48 -1 10 33 26 58
4 5 -1 12 15 18 19
14 50 -1 9 31 24 56
4 5 -1 12 15 18 19
15 52 -1 9 29 21 53
4 5 -1 12 15 18 19
17 54 -1 9 27 19 51
4 5 -1 12 15 18 19
19 55 -1 8 26 17 48
4 5 -1 12 15 18 19
20 57 -1 8 24 14 46
4 5 -1 12 15 18 19
22 59 -1 8 22 12 43
4 6 -1 12 15 18 19
24 0 -1 7 21 9 41
4 6 -1 12 15 18 19
26 2 -1 7 19 7 39
4 6 -1 12 15 18 19
27 4 -1 7 17 5 36
4 6 -1 12 15 18 19
29 5 -1 6 15 2 34
4 6 -1 12 15 18 19
31 7 -1 6 14 0 32
4 6 -1 12 15 17 19
32 9 -1 6 12 58 29
30






























1
По всем вопросам касающимся приложения обращайтесь по WhatsApp +79952867503
1
09.2026

      
	
