1
For advertising or questions send us e-mail kogdanamaz@gmail.com 
30
4 5 -1 13 17 19 21
6 36 -1 0 17 35 5
4 5 -1 13 17 19 21
8 38 -1 0 15 33 3
4 5 -1 13 17 19 21
10 40 -1 0 13 30 5
4 5 -1 13 17 19 21
12 42 -1 0 11 27 3
4 5 -1 13 17 19 21
14 44 -1 0 9 24 0
4 5 -1 13 17 19 20
16 46 -1 0 7 21 57
4 5 -1 13 17 19 20
18 48 -1 0 5 19 54
4 5 -1 13 17 19 20
20 50 -1 0 3 16 51
4 5 -1 13 17 19 20
23 53 -1 0 1 13 49
4 5 -1 13 16 19 20
25 55 -1 0 58 10 46
4 5 -1 13 16 19 20
27 57 -1 0 56 8 43
4 5 -1 13 16 19 20
29 59 -1 0 54 5 40
4 6 -1 13 16 19 20
31 1 -1 0 52 3 38
4 6 -1 13 16 19 20
33 3 -1 0 50 1 35
4 6 -1 13 16 18 20
35 5 -1 0 47 57 33
4 6 -1 13 16 18 20
37 7 -1 0 45 54 31
4 6 -1 13 16 18 20
38 8 -1 0 43 51 27
4 6 -1 13 16 18 20
41 11 -1 0 40 48 24
4 6 -1 13 16 18 20
43 13 -1 0 38 46 21
4 6 -1 13 16 18 20
45 15 -1 0 36 43 18
4 6 -1 13 16 18 20
47 17 -1 0 34 40 16
4 6 -1 13 16 18 20
48 18 -1 0 31 37 13
4 6 -1 13 16 18 20
51 21 -1 0 29 35 10
4 6 -1 13 16 18 20
53 23 -1 0 27 32 7
4 6 -1 13 16 18 20
55 25 -1 0 24 29 5
4 6 -1 13 16 18 20
57 27 -1 0 22 26 2
4 6 -1 13 16 18 19
59 29 -1 0 20 23 59
5 6 -1 13 16 18 19
1 31 -1 0 17 20 56
5 6 -1 13 16 18 19
3 33 -1 0 15 17 53
5 6 -1 13 16 18 19
6 36 -1 0 13 15 50
30






























1
По всем вопросам касающимся приложения обращайтесь по WhatsApp +79952867503
1
09.2026

      
	
