1
For advertising or questions send us e-mail kogdanamaz@gmail.com 
31
5 6 -1 12 15 18 19
1 35 -1 33 40 27 56
5 6 -1 12 15 18 19
3 36 -1 33 38 25 54
5 6 -1 12 15 18 19
4 38 -1 33 36 22 51
5 6 -1 12 15 18 19
6 40 -1 32 35 20 49
5 6 -1 12 15 18 19
7 41 -1 32 33 18 47
5 6 -1 12 15 18 19
9 43 -1 32 31 16 45
5 6 -1 12 15 18 19
11 45 -1 32 30 13 43
5 6 -1 12 15 18 19
12 46 -1 31 28 11 40
5 6 -1 12 15 18 19
14 48 -1 31 26 9 38
5 6 -1 12 15 18 19
15 50 -1 31 25 7 36
5 6 -1 12 15 18 19
17 51 -1 30 23 5 34
5 6 -1 12 15 18 19
18 53 -1 30 21 2 32
5 6 -1 12 15 18 19
20 55 -1 30 19 0 30
5 6 -1 12 15 17 19
22 56 -1 30 18 58 28
5 6 -1 12 15 17 19
23 58 -1 29 16 56 26
5 7 -1 12 15 17 19
25 0 -1 29 14 54 24
5 7 -1 12 15 17 19
26 2 -1 29 13 52 22
5 7 -1 12 15 17 19
28 3 -1 29 11 50 20
5 7 -1 12 15 17 19
29 5 -1 29 9 48 18
5 7 -1 12 15 17 19
31 7 -1 29 8 46 16
5 7 -1 12 15 17 19
32 8 -1 28 6 43 14
5 7 -1 12 15 17 19
34 10 -1 28 5 41 12
5 7 -1 12 15 17 19
36 12 -1 28 3 39 10
5 7 -1 12 15 17 19
37 14 -1 28 1 37 9
5 7 -1 12 15 17 19
39 15 -1 28 0 36 7
5 7 -1 12 14 17 19
40 17 -1 28 58 34 5
5 7 -1 12 14 17 19
42 19 -1 28 57 32 3
5 7 -1 12 14 17 19
43 21 -1 28 55 30 2
5 7 -1 12 14 17 19
45 22 -1 27 54 28 0
5 7 -1 12 14 17 18
46 24 -1 27 52 26 58
5 7 -1 12 14 17 18
48 26 -1 27 51 24 57
31































1
По всем вопросам касающимся приложения обращайтесь по WhatsApp +79952867503
1
10.2026

      
	