1
For advertising or questions send us e-mail kogdanamaz@gmail.com 
30
4 5 -1 12 16 19 21
5 57 -1 40 23 22 8
4 5 -1 12 16 19 21
7 59 -1 40 21 20 6
4 6 -1 12 16 19 21
9 0 -1 40 20 18 3
4 6 -1 12 16 19 21
11 1 -1 39 19 16 1
4 6 -1 12 16 19 20
13 3 -1 39 18 14 58
4 6 -1 12 16 19 20
15 4 -1 39 16 12 56
4 6 -1 12 16 19 20
17 5 -1 38 15 10 53
4 6 -1 12 16 19 20
18 7 -1 38 14 7 51
4 6 -1 12 16 19 20
20 8 -1 38 12 5 48
4 6 -1 12 16 19 20
22 10 -1 37 11 3 46
4 6 -1 12 16 19 20
24 11 -1 37 9 1 43
4 6 -1 12 16 18 20
26 12 -1 37 8 59 41
4 6 -1 12 16 18 20
27 14 -1 36 7 57 39
4 6 -1 12 16 18 20
27 14 -1 36 7 57 39
4 6 -1 12 16 18 20
31 17 -1 36 4 53 34
4 6 -1 12 16 18 20
33 18 -1 35 2 51 31
4 6 -1 12 16 18 20
34 19 -1 35 1 49 29
4 6 -1 12 15 18 20
36 21 -1 35 59 46 27
4 6 -1 12 15 18 20
38 22 -1 34 58 44 24
4 6 -1 12 15 18 20
39 24 -1 34 56 42 22
4 6 -1 12 15 18 20
41 25 -1 34 55 40 20
4 6 -1 12 15 18 20
43 26 -1 33 53 38 17
4 6 -1 12 15 18 20
44 28 -1 33 52 36 15
4 6 -1 12 15 18 20
46 29 -1 32 50 34 13
4 6 -1 12 15 18 20
47 31 -1 32 49 32 10
4 6 -1 12 15 18 20
49 32 -1 32 47 30 8
4 6 -1 12 15 18 20
51 33 -1 31 46 28 6
4 6 -1 12 15 18 20
52 35 -1 31 44 25 4
4 6 -1 12 15 18 20
52 35 -1 31 44 25 4
4 6 -1 12 15 18 19
55 38 -1 30 41 21 59
30






























1
По всем вопросам касающимся приложения обращайтесь по WhatsApp +79952867503
1
09.2026

      
	
