1
For advertising or questions send us e-mail kogdanamaz@gmail.com 
30
3 5 -1 12 16 19 20
47 40 -1 23 5 5 51
3 5 -1 12 16 19 20
49 41 -1 23 4 3 49
3 5 -1 12 16 19 20
51 42 -1 22 3 1 46
3 5 -1 12 16 18 20
53 44 -1 22 1 58 44
3 5 -1 12 16 18 20
55 45 -1 22 0 56 41
3 5 -1 12 15 18 20
57 47 -1 21 59 54 39
3 5 -1 12 15 18 20
59 48 -1 21 57 52 36
4 5 -1 12 15 18 20
1 49 -1 21 56 50 34
4 5 -1 12 15 18 20
2 51 -1 20 55 48 31
4 5 -1 12 15 18 20
4 52 -1 20 53 46 29
4 5 -1 12 15 18 20
6 54 -1 20 52 44 26
4 5 -1 12 15 18 20
8 55 -1 19 51 42 24
4 5 -1 12 15 18 20
10 56 -1 19 49 40 22
4 5 -1 12 15 18 20
10 56 -1 19 49 40 22
4 5 -1 12 15 18 20
13 59 -1 18 46 35 17
4 6 -1 12 15 18 20
15 1 -1 18 45 33 14
4 6 -1 12 15 18 20
17 2 -1 18 43 31 12
4 6 -1 12 15 18 20
18 3 -1 17 42 29 10
4 6 -1 12 15 18 20
20 5 -1 17 40 27 7
4 6 -1 12 15 18 20
22 6 -1 16 39 25 5
4 6 -1 12 15 18 20
23 8 -1 16 37 23 2
4 6 -1 12 15 18 20
25 9 -1 16 36 21 0
4 6 -1 12 15 18 19
27 10 -1 15 34 19 58
4 6 -1 12 15 18 19
28 12 -1 15 33 16 56
4 6 -1 12 15 18 19
30 13 -1 15 31 14 53
4 6 -1 12 15 18 19
31 15 -1 14 30 12 51
4 6 -1 12 15 18 19
33 16 -1 14 28 10 49
4 6 -1 12 15 18 19
35 18 -1 14 27 8 47
4 6 -1 12 15 18 19
35 18 -1 14 27 8 47
4 6 -1 12 15 18 19
38 20 -1 13 24 4 42
30






























1
По всем вопросам касающимся приложения обращайтесь по WhatsApp +79952867503
1
09.2026

      
	
