1
For advertising or questions send us e-mail kogdanamaz@gmail.com 
30
4 6 -1 12 16 19 21
23 11 -1 52 34 32 14
4 6 -1 12 16 19 21
25 12 -1 52 33 30 12
4 6 -1 12 16 19 21
27 14 -1 52 32 28 10
4 6 -1 12 16 19 21
29 15 -1 51 31 26 7
4 6 -1 12 16 19 21
30 16 -1 51 30 24 5
4 6 -1 12 16 19 21
32 18 -1 51 28 22 3
4 6 -1 12 16 19 21
34 19 -1 50 27 20 0
4 6 -1 12 16 19 20
36 20 -1 50 26 18 58
4 6 -1 12 16 19 20
37 22 -1 50 24 16 56
4 6 -1 12 16 19 20
39 23 -1 49 23 14 53
4 6 -1 12 16 19 20
41 24 -1 49 22 12 51
4 6 -1 12 16 19 20
42 25 -1 49 20 10 49
4 6 -1 12 16 19 20
44 27 -1 48 19 8 46
4 6 -1 12 16 19 20
44 27 -1 48 19 8 46
4 6 -1 12 16 19 20
47 29 -1 48 16 4 42
4 6 -1 12 16 19 20
49 31 -1 47 15 2 39
4 6 -1 12 16 19 20
50 32 -1 47 14 0 37
4 6 -1 12 16 18 20
52 33 -1 47 12 58 35
4 6 -1 12 16 18 20
53 35 -1 46 11 56 33
4 6 -1 12 16 18 20
55 36 -1 46 9 54 31
4 6 -1 12 16 18 20
56 37 -1 45 8 52 28
4 6 -1 12 16 18 20
58 39 -1 45 7 50 26
4 6 -1 12 16 18 20
59 40 -1 45 5 48 24
5 6 -1 12 16 18 20
1 41 -1 44 4 46 22
5 6 -1 12 16 18 20
2 43 -1 44 2 44 20
5 6 -1 12 16 18 20
4 44 -1 44 1 42 17
5 6 -1 12 15 18 20
5 45 -1 43 59 40 15
5 6 -1 12 15 18 20
7 47 -1 43 58 38 13
5 6 -1 12 15 18 20
7 47 -1 43 58 38 13
5 6 -1 12 15 18 20
10 49 -1 42 55 34 9
30






























1
По всем вопросам касающимся приложения обращайтесь по WhatsApp +79952867503
1
09.2026

      
	
