1
For advertising or questions send us e-mail kogdanamaz@gmail.com 
31
5 6 -1 12 15 18 20
9 48 -1 40 51 30 4
5 6 -1 12 15 18 20
11 49 -1 39 50 28 2
5 6 -1 12 15 18 20
12 51 -1 39 48 26 0
5 6 -1 12 15 18 19
13 52 -1 39 47 24 58
5 6 -1 12 15 18 19
15 53 -1 38 46 22 56
5 6 -1 12 15 18 19
16 55 -1 38 44 20 54
5 6 -1 12 15 18 19
18 56 -1 38 43 18 52
5 6 -1 12 15 18 19
19 57 -1 38 41 16 50
5 6 -1 12 15 18 19
20 59 -1 37 40 14 48
5 7 -1 12 15 18 19
22 0 -1 37 38 12 46
5 7 -1 12 15 18 19
23 1 -1 37 37 10 45
5 7 -1 12 15 18 19
24 3 -1 37 35 8 43
5 7 -1 12 15 18 19
26 4 -1 36 34 7 41
5 7 -1 12 15 18 19
26 4 -1 36 34 7 41
5 7 -1 12 15 18 19
28 7 -1 36 31 3 37
5 7 -1 12 15 18 19
30 8 -1 36 30 1 36
5 7 -1 12 15 17 19
31 10 -1 35 28 59 34
5 7 -1 12 15 17 19
32 11 -1 35 27 58 32
5 7 -1 12 15 17 19
34 13 -1 35 25 56 30
5 7 -1 12 15 17 19
35 14 -1 35 24 54 29
5 7 -1 12 15 17 19
36 15 -1 35 23 52 27
5 7 -1 12 15 17 19
38 17 -1 35 21 51 25
5 7 -1 12 15 17 19
39 18 -1 34 20 49 24
5 7 -1 12 15 17 19
40 20 -1 34 19 47 22
5 7 -1 12 15 17 19
42 21 -1 34 17 46 21
5 7 -1 12 15 17 19
43 23 -1 34 16 44 19
5 7 -1 12 15 17 19
44 24 -1 34 15 42 18
5 7 -1 12 15 17 19
46 25 -1 34 13 41 16
4 6 -1 11 14 16 18
47 27 -1 34 12 39 15
4 6 -1 11 14 16 18
48 28 -1 34 11 38 13
4 6 -1 11 14 16 18
50 30 -1 34 10 36 12
31































1
По всем вопросам касающимся приложения обращайтесь по WhatsApp +79952867503
1
10.2026

      
	