1
For advertising or questions send us e-mail kogdanamaz@gmail.com 
31
5 6 -1 12 15 18 20
14 50 -1 45 49 36 7
5 6 -1 12 15 18 20
16 52 -1 45 47 33 5
5 6 -1 12 15 18 20
17 53 -1 45 45 31 2
5 6 -1 12 15 18 20
19 55 -1 44 43 29 0
5 6 -1 12 15 18 19
21 57 -1 44 41 26 58
5 6 -1 12 15 18 19
22 59 -1 44 40 24 55
5 7 -1 12 15 18 19
24 1 -1 43 38 21 53
5 7 -1 12 15 18 19
26 2 -1 43 36 19 51
5 7 -1 12 15 18 19
28 4 -1 43 34 17 48
5 7 -1 12 15 18 19
29 6 -1 43 32 14 46
5 7 -1 12 15 18 19
31 8 -1 42 31 12 44
5 7 -1 12 15 18 19
33 10 -1 42 29 10 42
5 7 -1 12 15 18 19
34 12 -1 42 27 7 40
5 7 -1 12 15 18 19
36 13 -1 42 25 5 37
5 7 -1 12 15 18 19
38 15 -1 41 23 3 35
5 7 -1 12 15 18 19
39 17 -1 41 22 0 33
5 7 -1 12 15 17 19
41 19 -1 41 20 58 31
5 7 -1 12 15 17 19
43 21 -1 41 18 56 29
5 7 -1 12 15 17 19
44 23 -1 41 16 54 27
5 7 -1 12 15 17 19
46 25 -1 40 15 51 25
5 7 -1 12 15 17 19
48 27 -1 40 13 49 23
5 7 -1 12 15 17 19
49 28 -1 40 11 47 21
5 7 -1 12 15 17 19
51 30 -1 40 9 45 19
5 7 -1 12 15 17 19
53 32 -1 40 8 43 17
5 7 -1 12 15 17 19
54 34 -1 40 6 41 15
5 7 -1 12 15 17 19
56 36 -1 40 4 39 13
5 7 -1 12 15 17 19
58 38 -1 40 3 37 11
5 7 -1 12 15 17 19
59 40 -1 39 1 34 9
6 7 -1 12 15 17 19
1 42 -1 39 0 32 8
6 7 -1 12 14 17 19
2 44 -1 39 58 30 6
6 7 -1 12 14 17 19
4 45 -1 39 56 28 4
31































1
По всем вопросам касающимся приложения обращайтесь по WhatsApp +79952867503
1
10.2026

      
	