1
For advertising or questions send us e-mail kogdanamaz@gmail.com 
30
4 6 -1 13 17 20 21
50 29 -1 26 10 19 53
4 6 -1 13 17 20 21
52 30 -1 26 9 17 50
4 6 -1 13 17 20 21
54 32 -1 26 7 14 47
4 6 -1 13 17 20 21
56 34 -1 25 6 12 45
4 6 -1 13 17 20 21
58 36 -1 25 4 9 42
5 6 -1 13 17 20 21
0 37 -1 25 2 7 40
5 6 -1 13 17 20 21
2 39 -1 24 1 5 37
5 6 -1 13 16 20 21
4 41 -1 24 59 2 35
5 6 -1 13 16 20 21
6 43 -1 24 58 0 32
5 6 -1 13 16 19 21
7 44 -1 23 56 57 30
5 6 -1 13 16 19 21
9 46 -1 23 55 55 27
5 6 -1 13 16 19 21
11 48 -1 23 53 52 24
5 6 -1 13 16 19 21
13 50 -1 22 51 50 22
5 6 -1 13 16 19 21
15 51 -1 22 50 48 19
5 6 -1 13 16 19 21
17 53 -1 22 48 45 17
5 6 -1 13 16 19 21
18 55 -1 21 46 43 14
5 6 -1 13 16 19 21
20 56 -1 21 45 40 12
5 6 -1 13 16 19 21
22 58 -1 20 43 38 9
5 7 -1 13 16 19 21
24 0 -1 20 41 35 7
5 7 -1 13 16 19 21
26 2 -1 20 39 33 4
5 7 -1 13 16 19 21
27 3 -1 19 38 30 2
5 7 -1 13 16 19 20
29 5 -1 19 36 28 59
5 7 -1 13 16 19 20
31 7 -1 19 34 26 57
5 7 -1 13 16 19 20
33 9 -1 18 32 23 55
5 7 -1 13 16 19 20
34 10 -1 18 31 21 52
5 7 -1 13 16 19 20
36 12 -1 18 29 18 50
5 7 -1 13 16 19 20
38 14 -1 17 27 16 47
5 7 -1 13 16 19 20
39 16 -1 17 25 13 45
5 7 -1 13 16 19 20
41 17 -1 17 24 11 42
5 7 -1 13 16 19 20
43 19 -1 16 22 9 40
30






























1
По всем вопросам касающимся приложения обращайтесь по WhatsApp +79952867503
1
09.2026

      
	
