1
For advertising or questions send us e-mail kogdanamaz@gmail.com 
30
4 6 -1 13 17 20 21
51 30 -1 27 11 19 53
4 6 -1 13 17 20 21
53 31 -1 27 9 17 51
4 6 -1 13 17 20 21
55 33 -1 26 8 14 48
4 6 -1 13 17 20 21
57 35 -1 26 6 12 46
4 6 -1 13 17 20 21
59 37 -1 26 5 10 43
5 6 -1 13 17 20 21
0 38 -1 25 3 7 41
5 6 -1 13 17 20 21
2 40 -1 25 2 5 38
5 6 -1 13 17 20 21
4 42 -1 25 0 3 35
5 6 -1 13 16 20 21
6 43 -1 24 59 0 33
5 6 -1 13 16 19 21
8 45 -1 24 57 58 30
5 6 -1 13 16 19 21
10 47 -1 24 56 55 28
5 6 -1 13 16 19 21
12 49 -1 23 54 53 25
5 6 -1 13 16 19 21
13 50 -1 23 52 51 23
5 6 -1 13 16 19 21
15 52 -1 23 51 48 20
5 6 -1 13 16 19 21
17 54 -1 22 49 46 18
5 6 -1 13 16 19 21
19 55 -1 22 47 43 15
5 6 -1 13 16 19 21
21 57 -1 21 46 41 13
5 6 -1 13 16 19 21
22 59 -1 21 44 38 10
5 7 -1 13 16 19 21
24 1 -1 21 42 36 8
5 7 -1 13 16 19 21
26 2 -1 20 41 34 5
5 7 -1 13 16 19 21
28 4 -1 20 39 31 3
5 7 -1 13 16 19 21
29 6 -1 20 37 29 0
5 7 -1 13 16 19 20
31 7 -1 19 35 26 58
5 7 -1 13 16 19 20
33 9 -1 19 34 24 56
5 7 -1 13 16 19 20
35 11 -1 19 32 22 53
5 7 -1 13 16 19 20
36 13 -1 18 30 19 51
5 7 -1 13 16 19 20
38 14 -1 18 28 17 48
5 7 -1 13 16 19 20
40 16 -1 18 27 14 46
5 7 -1 13 16 19 20
41 18 -1 17 25 12 44
5 7 -1 13 16 19 20
43 19 -1 17 23 10 41
30






























1
По всем вопросам касающимся приложения обращайтесь по WhatsApp +79952867503
1
09.2026

      
	
