1
For advertising or questions send us e-mail kogdanamaz@gmail.com 
31
5 7 -1 13 16 19 20
45 15 -1 30 57 5 35
5 7 -1 13 16 19 20
47 17 -1 30 56 2 32
5 7 -1 13 16 18 20
49 19 -1 30 54 59 29
5 7 -1 13 16 18 20
51 21 -1 30 51 56 26
5 7 -1 13 16 18 20
53 23 -1 30 48 53 23
5 7 -1 13 16 18 20
54 24 -1 30 46 50 20
5 7 -1 13 16 18 20
56 26 -1 30 45 47 17
5 7 -1 13 16 18 20
58 28 -1 30 43 44 14
6 7 -1 13 16 18 20
0 30 -1 30 40 41 11
6 7 -1 13 16 18 20
2 32 -1 30 38 38 8
6 7 -1 13 16 18 20
4 34 -1 30 36 35 5
6 7 -1 13 16 18 20
6 36 -1 30 33 33 3
6 7 -1 13 16 18 20
8 38 -1 30 31 30 0
6 7 -1 13 16 18 19
10 40 -1 30 28 27 57
6 7 -1 13 16 18 19
13 43 -1 30 26 25 55
6 7 -1 13 16 18 19
14 44 -1 30 23 23 53
6 7 -1 13 16 18 19
16 46 -1 30 21 20 50
6 7 -1 13 16 18 19
18 48 -1 30 19 18 48
6 7 -1 13 16 18 19
20 50 -1 30 16 16 46
6 7 -1 13 16 18 19
22 52 -1 30 14 13 43
6 7 -1 13 16 18 19
24 54 -1 30 11 11 41
6 7 -1 13 16 18 19
26 56 -1 30 9 9 39
6 7 -1 13 16 18 19
28 58 -1 30 7 6 36
6 8 -1 13 16 18 19
30 0 -1 30 5 4 34
6 8 -1 13 16 18 19
33 3 -1 30 3 2 32
6 8 -1 13 16 18 19
35 5 -1 30 0 0 30
6 8 -1 13 15 17 19
37 7 -1 30 58 57 27
6 8 -1 13 15 17 19
39 9 -1 30 56 55 25
6 8 -1 13 15 17 19
41 11 -1 30 53 53 23
6 8 -1 13 15 17 19
43 13 -1 30 51 51 21
6 8 -1 13 15 17 19
45 15 -1 30 49 49 19
31































1
По всем вопросам касающимся приложения обращайтесь по WhatsApp +79952867503
1
10.2026

      
	
