1
For advertising or questions send us e-mail kogdanamaz@gmail.com 
31
5 7 -1 13 16 18 20
31 7 -1 3 6 53 24
5 7 -1 13 16 18 20
33 9 -1 2 4 51 22
5 7 -1 13 16 18 20
35 11 -1 2 2 48 19
5 7 -1 13 16 18 20
36 13 -1 2 1 46 17
5 7 -1 13 15 18 20
38 15 -1 1 59 43 15
5 7 -1 13 15 18 20
40 16 -1 1 57 41 12
5 7 -1 13 15 18 20
42 18 -1 1 55 38 10
5 7 -1 13 15 18 20
43 20 -1 1 53 36 8
5 7 -1 13 15 18 20
45 22 -1 0 51 34 6
5 7 -1 13 15 18 20
47 24 -1 0 50 31 3
5 7 -1 13 15 18 20
48 25 -1 0 48 29 1
5 7 -1 12 15 18 19
50 27 -1 59 46 27 59
5 7 -1 12 15 18 19
52 29 -1 59 44 24 57
5 7 -1 12 15 18 19
53 31 -1 59 42 22 55
5 7 -1 12 15 18 19
55 33 -1 59 41 20 52
5 7 -1 12 15 18 19
57 35 -1 59 39 18 50
5 7 -1 12 15 18 19
58 37 -1 58 37 15 48
6 7 -1 12 15 18 19
0 38 -1 58 35 13 46
6 7 -1 12 15 18 19
2 40 -1 58 34 11 44
6 7 -1 12 15 18 19
3 42 -1 58 32 9 42
6 7 -1 12 15 18 19
5 44 -1 58 30 6 40
6 7 -1 12 15 18 19
7 46 -1 57 28 4 38
6 7 -1 12 15 18 19
8 48 -1 57 27 2 36
6 7 -1 12 15 18 19
10 50 -1 57 25 0 34
6 7 -1 12 15 17 19
12 52 -1 57 23 58 32
6 7 -1 12 15 17 19
13 54 -1 57 22 56 30
6 7 -1 12 15 17 19
15 55 -1 57 20 54 29
6 7 -1 12 15 17 19
17 57 -1 57 18 51 27
6 7 -1 12 15 17 19
18 59 -1 57 17 49 25
6 8 -1 12 15 17 19
20 1 -1 57 15 47 23
6 8 -1 12 15 17 19
22 3 -1 57 14 45 21
31































1
По всем вопросам касающимся приложения обращайтесь по WhatsApp +79952867503
1
10.2026

      
	
