1
For advertising or questions send us e-mail kogdanamaz@gmail.com 
30
3 5 -1 11 15 18 19
30 10 -1 48 30 21 56
3 5 -1 11 15 18 19
32 11 -1 48 29 20 54
3 5 -1 11 15 18 19
33 12 -1 48 28 18 52
3 5 -1 11 15 18 19
34 14 -1 47 27 16 50
3 5 -1 11 15 18 19
36 15 -1 47 26 14 48
3 5 -1 11 15 18 19
37 16 -1 47 25 13 46
3 5 -1 11 15 18 19
38 17 -1 46 24 11 44
3 5 -1 11 15 18 19
40 18 -1 46 22 9 42
3 5 -1 11 15 18 19
41 19 -1 45 21 8 40
3 5 -1 11 15 18 19
42 20 -1 45 20 6 38
3 5 -1 11 15 18 19
44 21 -1 45 19 4 36
3 5 -1 11 15 18 19
45 22 -1 44 18 2 34
3 5 -1 11 15 18 19
46 23 -1 44 17 1 32
3 5 -1 11 15 17 19
47 24 -1 44 16 59 30
3 5 -1 11 15 17 19
49 25 -1 43 15 57 28
3 5 -1 11 15 17 19
50 26 -1 43 13 55 26
3 5 -1 11 15 17 19
51 27 -1 43 12 54 24
3 5 -1 11 15 17 19
52 28 -1 42 11 52 22
3 5 -1 11 15 17 19
54 29 -1 42 10 50 21
3 5 -1 11 15 17 19
55 30 -1 42 9 48 19
3 5 -1 11 15 17 19
56 31 -1 41 8 47 17
3 5 -1 11 15 17 19
57 32 -1 41 6 45 15
3 5 -1 11 15 17 19
59 33 -1 41 5 43 13
4 5 -1 11 15 17 19
0 34 -1 40 4 41 11
4 5 -1 11 15 17 19
1 35 -1 40 3 40 9
4 5 -1 11 15 17 19
2 37 -1 40 1 38 7
4 5 -1 11 15 17 19
3 38 -1 39 0 36 6
4 5 -1 11 14 17 19
4 39 -1 39 59 34 4
4 5 -1 11 14 17 19
6 40 -1 38 58 33 2
4 5 -1 11 14 17 19
7 41 -1 38 56 31 0
30






























1
По всем вопросам касающимся приложения обращайтесь по WhatsApp +79952867503
1
09.2026

      
	
