1
For advertising or questions send us e-mail kogdanamaz@gmail.com 
31
5 7 -1 13 16 18 20
31 19 -1 9 15 57 40
5 7 -1 13 16 18 20
33 20 -1 8 13 54 37
5 7 -1 13 16 18 20
35 22 -1 8 12 52 35
5 7 -1 13 16 18 20
36 24 -1 8 10 50 33
5 7 -1 13 16 18 20
38 25 -1 7 8 48 30
5 7 -1 13 16 18 20
40 27 -1 7 7 46 28
5 7 -1 13 16 18 20
41 28 -1 7 5 43 26
5 7 -1 13 16 18 20
43 30 -1 7 3 41 24
5 7 -1 13 16 18 20
45 32 -1 6 2 39 22
5 7 -1 13 16 18 20
46 33 -1 6 0 37 19
5 7 -1 13 15 18 20
48 35 -1 6 58 35 17
5 7 -1 13 15 18 20
50 37 -1 6 57 33 15
5 7 -1 13 15 18 20
51 38 -1 5 55 31 13
5 7 -1 13 15 18 20
51 38 -1 5 55 31 13
5 7 -1 13 15 18 20
54 41 -1 5 52 26 9
5 7 -1 13 15 18 20
56 43 -1 5 50 24 7
5 7 -1 13 15 18 20
58 45 -1 4 49 22 5
5 7 -1 13 15 18 20
59 46 -1 4 47 20 3
6 7 -1 13 15 18 20
1 48 -1 4 46 18 1
6 7 -1 13 15 18 19
2 50 -1 4 44 16 59
6 7 -1 13 15 18 19
4 52 -1 4 42 14 57
6 7 -1 13 15 18 19
5 53 -1 4 41 12 55
6 7 -1 13 15 18 19
7 55 -1 3 39 10 54
6 7 -1 13 15 18 19
9 57 -1 3 38 8 52
6 7 -1 13 15 18 19
10 58 -1 3 36 6 50
6 8 -1 13 15 18 19
12 0 -1 3 35 5 48
6 8 -1 13 15 18 19
13 2 -1 3 33 3 47
6 8 -1 13 15 18 19
15 3 -1 3 32 1 45
5 7 -1 12 14 16 18
16 5 -1 3 30 59 43
5 7 -1 12 14 16 18
18 7 -1 3 29 57 42
5 7 -1 12 14 16 18
19 8 -1 3 27 55 40
31































1
По всем вопросам касающимся приложения обращайтесь по WhatsApp +79952867503
1
10.2026

      
	
