1
For advertising or questions send us e-mail kogdanamaz@gmail.com 
31
5 7 -1 12 16 18 20
19 5 -1 55 2 44 25
5 7 -1 12 16 18 20
21 7 -1 55 1 41 23
5 7 -1 12 15 18 20
22 8 -1 55 59 39 21
5 7 -1 12 15 18 20
24 10 -1 54 58 37 19
5 7 -1 12 15 18 20
26 12 -1 54 56 35 16
5 7 -1 12 15 18 20
27 13 -1 54 54 33 14
5 7 -1 12 15 18 20
29 15 -1 54 53 31 12
5 7 -1 12 15 18 20
30 16 -1 53 51 28 10
5 7 -1 12 15 18 20
32 18 -1 53 49 26 8
5 7 -1 12 15 18 20
34 19 -1 53 48 24 5
5 7 -1 12 15 18 20
35 21 -1 52 46 22 3
5 7 -1 12 15 18 20
37 23 -1 52 44 20 1
5 7 -1 12 15 18 19
38 24 -1 52 43 18 59
5 7 -1 12 15 18 19
38 24 -1 52 43 18 59
5 7 -1 12 15 18 19
42 27 -1 52 40 14 55
5 7 -1 12 15 18 19
43 29 -1 51 38 12 53
5 7 -1 12 15 18 19
45 31 -1 51 36 10 51
5 7 -1 12 15 18 19
46 32 -1 51 35 8 49
5 7 -1 12 15 18 19
48 34 -1 51 33 6 47
5 7 -1 12 15 18 19
49 36 -1 51 32 4 46
5 7 -1 12 15 18 19
51 37 -1 50 30 2 44
5 7 -1 12 15 18 19
52 39 -1 50 29 0 42
5 7 -1 12 15 17 19
54 41 -1 50 27 58 40
5 7 -1 12 15 17 19
55 42 -1 50 26 56 38
5 7 -1 12 15 17 19
57 44 -1 50 24 54 37
5 7 -1 12 15 17 19
58 46 -1 50 23 52 35
6 7 -1 12 15 17 19
0 47 -1 50 21 50 33
6 7 -1 12 15 17 19
1 49 -1 50 20 49 32
5 6 -1 11 14 16 18
3 51 -1 50 18 47 30
5 6 -1 11 14 16 18
4 52 -1 49 17 45 28
5 6 -1 11 14 16 18
6 54 -1 49 16 43 27
31































1
По всем вопросам касающимся приложения обращайтесь по WhatsApp +79952867503
1
10.2026

      
	