1
For advertising or questions send us e-mail kogdanamaz@gmail.com 
31
5 7 -1 13 16 19 20
47 30 -1 21 30 10 48
5 7 -1 13 16 19 20
49 31 -1 21 29 8 46
5 7 -1 13 16 19 20
50 33 -1 20 27 6 44
5 7 -1 13 16 19 20
52 34 -1 20 25 4 42
5 7 -1 13 16 19 20
53 36 -1 20 24 2 40
5 7 -1 13 16 18 20
55 37 -1 19 22 59 37
5 7 -1 13 16 18 20
56 39 -1 19 21 57 35
5 7 -1 13 16 18 20
58 40 -1 19 19 55 33
5 7 -1 13 16 18 20
59 42 -1 18 18 53 31
6 7 -1 13 16 18 20
1 43 -1 18 16 51 29
6 7 -1 13 16 18 20
2 45 -1 18 15 49 27
6 7 -1 13 16 18 20
4 46 -1 18 13 47 25
6 7 -1 13 16 18 20
5 48 -1 17 12 45 23
6 7 -1 13 16 18 20
5 48 -1 17 12 45 23
6 7 -1 13 16 18 20
8 51 -1 17 8 42 20
6 7 -1 13 16 18 20
10 52 -1 17 7 40 18
6 7 -1 13 16 18 20
11 54 -1 17 5 38 16
6 7 -1 13 16 18 20
13 55 -1 16 4 36 14
6 7 -1 13 16 18 20
14 57 -1 16 3 34 12
6 7 -1 13 16 18 20
16 58 -1 16 1 32 10
6 8 -1 13 16 18 20
17 0 -1 16 0 30 9
6 8 -1 13 15 18 20
18 1 -1 16 58 28 7
6 8 -1 13 15 18 20
20 3 -1 16 57 27 5
6 8 -1 13 15 18 20
21 5 -1 15 55 25 4
6 8 -1 13 15 18 20
23 6 -1 15 54 23 2
6 8 -1 13 15 18 20
24 8 -1 15 52 21 0
6 8 -1 13 15 18 19
25 9 -1 15 51 19 59
6 8 -1 13 15 18 19
27 11 -1 15 50 18 57
5 7 -1 12 14 17 18
28 12 -1 15 48 16 56
5 7 -1 12 14 17 18
30 14 -1 15 47 14 54
5 7 -1 12 14 17 18
31 15 -1 15 46 13 53
31































1
По всем вопросам касающимся приложения обращайтесь по WhatsApp +79952867503
1
10.2026

      
	
