1
For advertising or questions send us e-mail kogdanamaz@gmail.com 
30
4 6 -1 12 16 19 21
36 12 -1 58 41 51 22
4 6 -1 12 16 19 21
38 13 -1 58 40 49 19
4 6 -1 12 16 19 21
39 15 -1 58 38 47 16
4 6 -1 12 16 19 21
41 16 -1 57 37 45 14
4 6 -1 12 16 19 21
43 18 -1 57 36 43 11
4 6 -1 12 16 19 21
45 19 -1 57 34 40 9
4 6 -1 12 16 19 21
47 21 -1 56 33 38 6
4 6 -1 12 16 19 21
49 22 -1 56 31 36 3
4 6 -1 12 16 19 21
51 24 -1 56 30 34 1
4 6 -1 12 16 19 20
53 25 -1 55 28 32 58
4 6 -1 12 16 19 20
55 27 -1 55 27 29 56
4 6 -1 12 16 19 20
57 28 -1 55 25 27 53
4 6 -1 12 16 19 20
58 30 -1 54 24 25 51
5 6 -1 12 16 19 20
0 31 -1 54 22 23 48
5 6 -1 12 16 19 20
2 33 -1 54 21 20 46
5 6 -1 12 16 19 20
4 34 -1 53 19 18 43
5 6 -1 12 16 19 20
6 36 -1 53 18 16 41
5 6 -1 12 16 19 20
7 37 -1 53 16 14 38
5 6 -1 12 16 19 20
9 39 -1 52 15 11 36
5 6 -1 12 16 19 20
9 40 -1 52 13 9 36
5 6 -1 12 16 19 20
13 42 -1 51 11 7 31
5 6 -1 12 16 19 20
14 44 -1 51 10 5 28
5 6 -1 12 16 19 20
16 45 -1 51 8 3 26
5 6 -1 12 16 19 20
18 47 -1 50 7 0 23
5 6 -1 12 16 18 20
19 48 -1 50 5 58 21
5 6 -1 12 16 18 20
21 50 -1 50 3 56 19
5 6 -1 12 16 18 20
23 51 -1 49 2 54 16
5 6 -1 12 16 18 20
24 53 -1 49 0 51 14
5 6 -1 12 15 18 20
26 54 -1 49 59 49 12
5 6 -1 12 15 18 20
28 56 -1 48 57 47 9
30






























1
По всем вопросам касающимся приложения обращайтесь по WhatsApp +79952867503
1
09.2026

      
	
