1
For advertising or questions send us e-mail kogdanamaz@gmail.com 
30
4 5 -1 12 16 19 21
1 39 -1 40 23 35 8
4 5 -1 12 16 19 21
3 41 -1 39 22 32 6
4 5 -1 12 16 19 21
5 43 -1 39 20 30 3
4 5 -1 12 16 19 21
7 45 -1 39 18 27 0
4 5 -1 12 16 19 20
9 47 -1 38 17 25 58
4 5 -1 12 16 19 20
11 49 -1 38 15 22 55
4 5 -1 12 16 19 20
13 51 -1 38 13 19 52
4 5 -1 12 16 19 20
15 53 -1 37 12 17 50
4 5 -1 12 16 19 20
17 55 -1 37 10 14 47
4 5 -1 12 16 19 20
19 57 -1 37 8 12 44
4 5 -1 12 16 19 20
21 58 -1 36 7 9 42
4 6 -1 12 16 19 20
23 0 -1 36 5 6 39
4 6 -1 12 16 19 20
25 2 -1 36 3 4 36
4 6 -1 12 16 19 20
27 4 -1 35 1 1 34
4 6 -1 12 16 18 20
29 6 -1 35 0 59 31
4 6 -1 12 15 18 20
31 8 -1 35 58 56 29
4 6 -1 12 15 18 20
33 10 -1 34 56 53 26
4 6 -1 12 15 18 20
35 12 -1 34 54 51 23
4 6 -1 12 15 18 20
37 14 -1 34 52 48 21
4 6 -1 12 15 18 20
39 16 -1 33 50 46 18
4 6 -1 12 15 18 20
41 17 -1 33 49 43 15
4 6 -1 12 15 18 20
42 19 -1 32 47 40 13
4 6 -1 12 15 18 20
44 21 -1 32 45 38 10
4 6 -1 12 15 18 20
46 23 -1 32 43 35 8
4 6 -1 12 15 18 20
48 25 -1 31 41 33 5
4 6 -1 12 15 18 20
50 27 -1 31 39 30 3
4 6 -1 12 15 18 20
52 29 -1 31 37 27 0
4 6 -1 12 15 18 19
54 31 -1 30 35 25 58
4 6 -1 12 15 18 19
55 33 -1 30 34 22 55
4 6 -1 12 15 18 19
57 35 -1 30 32 20 53
30






























1
По всем вопросам касающимся приложения обращайтесь по WhatsApp +79952867503
1
09.2026

      
	
