1
For advertising or questions send us e-mail kogdanamaz@gmail.com 
31
3 5 -1 11 14 17 18
45 23 -1 19 33 10 43
3 5 -1 11 14 17 18
46 24 -1 19 32 8 41
3 5 -1 11 14 17 18
48 25 -1 18 31 6 39
3 5 -1 11 14 17 18
49 27 -1 18 29 4 37
3 5 -1 11 14 17 18
50 28 -1 18 28 3 35
3 5 -1 11 14 17 18
52 29 -1 17 27 1 33
3 5 -1 11 14 16 18
53 30 -1 17 25 59 31
3 5 -1 11 14 16 18
54 32 -1 17 24 57 30
3 5 -1 11 14 16 18
55 33 -1 16 22 55 28
3 5 -1 11 14 16 18
57 34 -1 16 21 53 26
3 5 -1 11 14 16 18
58 36 -1 16 20 52 24
3 5 -1 11 14 16 18
59 37 -1 16 18 50 22
4 5 -1 11 14 16 18
1 38 -1 15 17 48 21
4 5 -1 11 14 16 18
2 39 -1 15 16 46 19
4 5 -1 11 14 16 18
3 41 -1 15 14 45 17
4 5 -1 11 14 16 18
4 42 -1 15 13 43 16
4 5 -1 11 14 16 18
6 43 -1 15 12 41 14
4 5 -1 11 14 16 18
7 45 -1 14 10 40 12
4 5 -1 11 14 16 18
8 46 -1 14 9 38 11
4 5 -1 11 14 16 18
9 47 -1 14 8 36 9
4 5 -1 11 14 16 18
11 49 -1 14 6 35 7
4 5 -1 11 14 16 18
12 50 -1 14 5 33 6
4 5 -1 11 14 16 18
13 51 -1 14 4 31 4
4 5 -1 11 14 16 18
14 53 -1 13 3 30 3
4 5 -1 11 14 16 18
16 54 -1 13 1 28 1
4 5 -1 11 14 16 18
17 55 -1 13 0 27 0
4 5 -1 11 13 16 17
18 57 -1 13 59 25 59
4 5 -1 11 13 16 17
19 58 -1 13 58 24 57
4 5 -1 11 13 16 17
21 59 -1 13 56 22 56
4 6 -1 11 13 16 17
22 1 -1 13 55 21 55
4 6 -1 11 13 16 17
23 2 -1 13 54 19 53
31































1
По всем вопросам касающимся приложения обращайтесь по WhatsApp +79952867503
1
10.2026

      
	
