1
For advertising or questions send us e-mail kogdanamaz@gmail.com 
31
4 6 -1 12 15 17 19
47 25 -1 15 4 59 33
4 6 -1 12 15 17 19
49 27 -1 14 1 56 30
4 6 -1 12 14 17 19
52 30 -1 14 59 53 27
4 6 -1 12 14 17 19
54 32 -1 14 57 50 24
4 6 -1 12 14 17 19
56 35 -1 14 55 47 21
4 6 -1 12 14 17 19
58 37 -1 13 52 44 19
5 6 -1 12 14 17 19
1 40 -1 13 50 41 16
5 6 -1 12 14 17 19
3 42 -1 13 48 38 13
5 6 -1 12 14 17 19
5 45 -1 12 45 35 10
5 6 -1 12 14 17 19
7 47 -1 12 43 32 7
5 6 -1 12 14 17 19
9 50 -1 12 41 29 5
5 6 -1 12 14 17 19
12 53 -1 12 39 26 2
5 6 -1 12 14 17 18
14 55 -1 11 36 23 59
5 6 -1 12 14 17 18
16 58 -1 11 34 20 56
5 7 -1 12 14 17 18
18 0 -1 11 32 17 54
5 7 -1 12 14 17 18
21 3 -1 11 29 14 51
5 7 -1 12 14 17 18
23 5 -1 11 27 11 48
5 7 -1 12 14 17 18
25 8 -1 10 25 8 46
5 7 -1 12 14 17 18
27 11 -1 10 23 5 43
5 7 -1 12 14 17 18
29 13 -1 10 21 2 41
5 7 -1 12 14 16 18
32 16 -1 10 18 59 38
5 7 -1 12 14 16 18
34 18 -1 10 16 56 35
5 7 -1 12 14 16 18
36 21 -1 10 14 53 33
5 7 -1 12 14 16 18
38 24 -1 9 12 50 30
5 7 -1 12 14 16 18
41 26 -1 9 10 47 28
5 7 -1 12 14 16 18
43 29 -1 9 8 44 25
5 7 -1 12 14 16 18
45 32 -1 9 5 42 23
5 7 -1 12 14 16 18
47 34 -1 9 3 39 21
5 7 -1 12 14 16 18
49 37 -1 9 1 36 18
5 7 -1 12 13 16 18
52 39 -1 9 59 33 16
5 7 -1 12 13 16 18
54 42 -1 9 57 31 14
31































1
По всем вопросам касающимся приложения обращайтесь по WhatsApp +79952867503
1
10.2026

      
	
