1
For advertising or questions send us e-mail kogdanamaz@gmail.com 
31
4 6 -1 12 15 18 19
51 27 -1 25 39 17 49
4 6 -1 12 15 18 19
52 28 -1 24 38 16 47
4 6 -1 12 15 18 19
53 30 -1 24 37 14 45
4 6 -1 12 15 18 19
55 31 -1 24 35 12 43
4 6 -1 12 15 18 19
56 32 -1 23 34 10 41
4 6 -1 12 15 18 19
57 33 -1 23 32 8 39
4 6 -1 12 15 18 19
59 35 -1 23 31 6 37
5 6 -1 12 15 18 19
0 36 -1 23 30 5 36
5 6 -1 12 15 18 19
1 37 -1 22 28 3 34
5 6 -1 12 15 18 19
2 38 -1 22 27 1 32
5 6 -1 12 15 17 19
4 40 -1 22 26 59 30
5 6 -1 12 15 17 19
5 41 -1 21 24 57 28
5 6 -1 12 15 17 19
6 42 -1 21 23 56 27
5 6 -1 12 15 17 19
8 44 -1 21 22 54 25
5 6 -1 12 15 17 19
9 45 -1 21 20 52 23
5 6 -1 12 15 17 19
10 46 -1 21 19 50 21
5 6 -1 12 15 17 19
11 47 -1 20 18 49 20
5 6 -1 12 15 17 19
13 49 -1 20 16 47 18
5 6 -1 12 15 17 19
14 50 -1 20 15 45 17
5 6 -1 12 15 17 19
15 51 -1 20 14 44 15
5 6 -1 12 15 17 19
16 53 -1 20 12 42 13
5 6 -1 12 15 17 19
18 54 -1 20 11 40 12
5 6 -1 12 15 17 19
19 55 -1 19 10 39 10
5 6 -1 12 15 17 19
20 57 -1 19 8 37 9
5 6 -1 12 15 17 19
21 58 -1 19 7 36 7
5 6 -1 12 15 17 19
23 59 -1 19 6 34 6
5 7 -1 12 15 17 19
24 1 -1 19 5 33 4
5 7 -1 12 15 17 19
25 2 -1 19 4 31 3
5 7 -1 12 15 17 19
26 3 -1 19 2 30 2
5 7 -1 12 15 17 19
27 5 -1 19 1 28 0
5 7 -1 12 15 17 18
29 6 -1 19 0 27 59
31































1
По всем вопросам касающимся приложения обращайтесь по WhatsApp +79952867503
1
10.2026

      
	