1
For advertising or questions send us e-mail kogdanamaz@gmail.com 
30
3 4 -1 12 15 19 21
16 45 -1 12 55 33 0
3 4 -1 12 15 19 20
19 48 -1 12 53 29 57
3 4 -1 12 15 19 20
22 51 -1 11 51 25 53
3 4 -1 12 15 19 20
24 54 -1 11 49 22 50
3 4 -1 12 15 19 20
27 57 -1 11 46 18 47
3 5 -1 12 15 19 20
30 0 -1 10 44 14 43
3 5 -1 12 15 19 20
33 3 -1 10 42 11 40
3 5 -1 12 15 19 20
35 6 -1 10 40 7 36
3 5 -1 12 15 19 20
38 9 -1 9 37 3 33
3 5 -1 12 15 19 20
41 12 -1 9 35 0 30
3 5 -1 12 15 18 20
43 15 -1 8 33 56 26
3 5 -1 12 15 18 20
46 18 -1 8 30 52 23
3 5 -1 12 15 18 20
49 21 -1 8 28 49 20
3 5 -1 12 15 18 20
51 24 -1 7 26 45 16
3 5 -1 12 15 18 20
54 27 -1 7 23 42 13
3 5 -1 12 15 18 20
57 30 -1 7 21 38 9
3 5 -1 12 15 18 20
59 33 -1 6 18 34 6
4 5 -1 12 15 18 20
2 36 -1 6 16 31 3
4 5 -1 12 15 18 19
5 39 -1 6 13 27 59
4 5 -1 12 15 18 19
7 42 -1 5 11 23 56
4 5 -1 12 15 18 19
10 45 -1 5 8 20 53
4 5 -1 12 15 18 19
13 48 -1 5 6 16 49
4 5 -1 12 15 18 19
15 50 -1 4 3 12 46
4 5 -1 12 15 18 19
18 53 -1 4 1 9 43
4 5 -1 12 14 18 19
20 56 -1 4 58 5 39
4 5 -1 12 14 18 19
23 59 -1 3 56 1 36
4 6 -1 12 14 17 19
26 2 -1 3 53 58 33
4 6 -1 12 14 17 19
28 5 -1 2 51 54 29
4 6 -1 12 14 17 19
31 8 -1 2 48 51 26
4 6 -1 12 14 17 19
34 11 -1 2 46 47 23
30






























1
По всем вопросам касающимся приложения обращайтесь по WhatsApp +79952867503
1
09.2026

      
	
