1
For advertising or questions send us e-mail kogdanamaz@gmail.com 
30
4 6 -1 13 16 19 21
31 24 -1 9 51 51 39
4 6 -1 13 16 19 21
33 26 -1 8 50 49 36
4 6 -1 13 16 19 21
35 27 -1 8 49 47 34
4 6 -1 13 16 19 21
37 29 -1 8 47 45 31
4 6 -1 13 16 19 21
39 30 -1 7 46 43 29
4 6 -1 13 16 19 21
41 31 -1 7 45 41 26
4 6 -1 13 16 19 21
43 33 -1 7 43 39 23
4 6 -1 13 16 19 21
45 34 -1 6 42 36 21
4 6 -1 13 16 19 21
47 36 -1 6 41 34 18
4 6 -1 13 16 19 21
48 37 -1 6 39 32 16
4 6 -1 13 16 19 21
50 39 -1 5 38 30 13
4 6 -1 13 16 19 21
52 40 -1 5 36 28 11
4 6 -1 13 16 19 21
54 41 -1 5 35 26 9
4 6 -1 13 16 19 21
56 43 -1 4 34 24 6
4 6 -1 13 16 19 21
57 44 -1 4 32 22 4
4 6 -1 13 16 19 21
59 46 -1 4 31 20 1
5 6 -1 13 16 19 20
1 47 -1 3 29 17 59
5 6 -1 13 16 19 20
3 48 -1 3 28 15 56
5 6 -1 13 16 19 20
4 50 -1 2 26 13 54
5 6 -1 13 16 19 20
6 51 -1 2 25 11 52
5 6 -1 13 16 19 20
8 53 -1 2 23 9 49
5 6 -1 13 16 19 20
9 54 -1 1 22 7 47
5 6 -1 13 16 19 20
11 56 -1 1 20 5 45
5 6 -1 13 16 19 20
13 57 -1 1 19 3 42
5 6 -1 13 16 19 20
14 58 -1 0 17 0 40
5 7 -1 13 16 18 20
16 0 -1 0 16 58 38
5 7 -1 13 16 18 20
18 1 -1 0 14 56 35
5 7 -1 12 16 18 20
19 3 -1 59 12 54 33
5 7 -1 12 16 18 20
21 4 -1 59 11 52 31
5 7 -1 12 16 18 20
22 6 -1 59 9 50 29
30






























1
По всем вопросам касающимся приложения обращайтесь по WhatsApp +79952867503
1
09.2026

      
	
