1
For advertising or questions send us e-mail kogdanamaz@gmail.com 
30
4 6 -1 12 16 19 21
16 8 -1 51 34 33 19
4 6 -1 12 16 19 21
18 9 -1 51 32 31 17
4 6 -1 12 16 19 21
20 11 -1 51 31 29 14
4 6 -1 12 16 19 21
22 12 -1 50 30 27 12
4 6 -1 12 16 19 21
24 14 -1 50 28 25 9
4 6 -1 12 16 19 21
25 15 -1 50 27 23 7
4 6 -1 12 16 19 21
27 16 -1 49 26 20 4
4 6 -1 12 16 19 21
29 18 -1 49 24 18 2
4 6 -1 12 16 19 20
31 19 -1 49 23 16 59
4 6 -1 12 16 19 20
33 21 -1 48 22 14 57
4 6 -1 12 16 19 20
35 22 -1 48 20 12 54
4 6 -1 12 16 19 20
36 23 -1 48 19 10 52
4 6 -1 12 16 19 20
38 25 -1 47 17 8 50
4 6 -1 12 16 19 20
38 25 -1 47 17 8 50
4 6 -1 12 16 19 20
42 27 -1 47 15 4 45
4 6 -1 12 16 19 20
43 29 -1 46 13 2 42
4 6 -1 12 16 18 20
45 30 -1 46 12 59 40
4 6 -1 12 16 18 20
47 32 -1 45 10 57 38
4 6 -1 12 16 18 20
48 33 -1 45 9 55 35
4 6 -1 12 16 18 20
50 35 -1 45 7 53 33
4 6 -1 12 16 18 20
52 36 -1 44 6 51 31
4 6 -1 12 16 18 20
53 37 -1 44 4 49 28
4 6 -1 12 16 18 20
55 39 -1 44 3 47 26
4 6 -1 12 16 18 20
57 40 -1 43 1 45 24
4 6 -1 12 16 18 20
58 42 -1 43 0 43 21
5 6 -1 12 15 18 20
0 43 -1 43 58 41 19
5 6 -1 12 15 18 20
1 44 -1 42 57 38 17
5 6 -1 12 15 18 20
3 46 -1 42 55 36 15
5 6 -1 12 15 18 20
3 46 -1 42 55 36 15
5 6 -1 12 15 18 20
6 49 -1 41 52 32 10
30






























1
По всем вопросам касающимся приложения обращайтесь по WhatsApp +79952867503
1
09.2026

      
	
