1
For advertising or questions send us e-mail kogdanamaz@gmail.com 
30
4 5 -1 12 16 19 21
2 57 -1 42 24 25 15
4 5 -1 12 16 19 21
4 59 -1 42 23 23 12
4 6 -1 12 16 19 21
6 0 -1 41 22 21 10
4 6 -1 12 16 19 21
8 2 -1 41 20 19 7
4 6 -1 12 16 19 21
10 3 -1 41 19 17 4
4 6 -1 12 16 19 21
12 4 -1 40 18 15 2
4 6 -1 12 16 19 20
14 6 -1 40 16 12 59
4 6 -1 12 16 19 20
16 7 -1 40 15 10 56
4 6 -1 12 16 19 20
18 9 -1 39 14 8 54
4 6 -1 12 16 19 20
20 10 -1 39 12 6 51
4 6 -1 12 16 19 20
22 12 -1 39 11 4 49
4 6 -1 12 16 19 20
24 13 -1 38 9 2 46
4 6 -1 12 16 18 20
25 15 -1 38 8 59 44
4 6 -1 12 16 18 20
25 15 -1 38 8 59 44
4 6 -1 12 16 18 20
29 18 -1 37 5 55 39
4 6 -1 12 16 18 20
31 19 -1 37 3 53 36
4 6 -1 12 16 18 20
33 21 -1 37 2 51 34
4 6 -1 12 16 18 20
35 22 -1 36 0 49 31
4 6 -1 12 15 18 20
36 24 -1 36 59 46 29
4 6 -1 12 15 18 20
38 25 -1 36 57 44 26
4 6 -1 12 15 18 20
40 26 -1 35 56 42 24
4 6 -1 12 15 18 20
42 28 -1 35 54 40 22
4 6 -1 12 15 18 20
43 29 -1 34 52 38 19
4 6 -1 12 15 18 20
45 31 -1 34 51 35 17
4 6 -1 12 15 18 20
47 32 -1 34 49 33 14
4 6 -1 12 15 18 20
48 34 -1 33 48 31 12
4 6 -1 12 15 18 20
50 35 -1 33 46 29 10
4 6 -1 12 15 18 20
52 37 -1 33 45 27 7
4 6 -1 12 15 18 20
52 37 -1 33 45 27 7
4 6 -1 12 15 18 20
55 40 -1 32 41 23 3
30






























1
По всем вопросам касающимся приложения обращайтесь по WhatsApp +79952867503
1
09.2026

      
	
