1
For advertising or questions send us e-mail kogdanamaz@gmail.com 
30
4 6 -1 13 16 20 21
30 29 -1 15 58 0 53
4 6 -1 13 16 19 21
32 30 -1 15 56 58 50
4 6 -1 13 16 19 21
34 32 -1 15 55 56 47
4 6 -1 13 16 19 21
37 33 -1 14 54 53 44
4 6 -1 13 16 19 21
39 35 -1 14 52 51 42
4 6 -1 13 16 19 21
41 37 -1 14 51 49 39
4 6 -1 13 16 19 21
43 38 -1 13 49 47 36
4 6 -1 13 16 19 21
45 40 -1 13 48 44 34
4 6 -1 13 16 19 21
47 41 -1 13 46 42 31
4 6 -1 13 16 19 21
49 43 -1 12 45 40 28
4 6 -1 13 16 19 21
51 44 -1 12 43 38 26
4 6 -1 13 16 19 21
53 46 -1 12 42 36 23
4 6 -1 13 16 19 21
55 47 -1 11 40 33 20
4 6 -1 13 16 19 21
55 47 -1 11 40 33 20
4 6 -1 13 16 19 21
59 50 -1 11 37 29 15
5 6 -1 13 16 19 21
1 52 -1 10 36 27 12
5 6 -1 13 16 19 21
3 53 -1 10 34 24 10
5 6 -1 13 16 19 21
5 55 -1 10 33 22 7
5 6 -1 13 16 19 21
7 56 -1 9 31 20 5
5 6 -1 13 16 19 21
8 58 -1 9 29 18 2
5 7 -1 13 16 19 21
10 0 -1 8 28 15 0
5 7 -1 13 16 19 20
12 1 -1 8 26 13 57
5 7 -1 13 16 19 20
14 3 -1 8 25 11 55
5 7 -1 13 16 19 20
16 4 -1 7 23 9 52
5 7 -1 13 16 19 20
17 6 -1 7 21 6 50
5 7 -1 13 16 19 20
19 7 -1 7 20 4 47
5 7 -1 13 16 19 20
21 9 -1 6 18 2 45
5 7 -1 13 16 19 20
23 10 -1 6 17 0 43
5 7 -1 13 16 19 20
23 10 -1 6 17 0 43
5 7 -1 13 16 18 20
26 14 -1 5 13 55 38
30






























1
По всем вопросам касающимся приложения обращайтесь по WhatsApp +79952867503
1
09.2026

      
	
