1
For advertising or questions send us e-mail kogdanamaz@gmail.com 
30
4 6 -1 13 18 19 21
20 0 -1 20 8 48 28
4 6 -1 13 18 19 21
22 2 -1 20 6 46 26
4 6 -1 13 18 19 21
23 3 -1 20 3 43 23
4 6 -1 13 18 19 21
25 5 -1 20 0 40 20
4 6 -1 13 17 19 21
27 7 -1 20 58 38 18
4 6 -1 13 17 19 21
29 9 -1 20 55 35 15
4 6 -1 13 17 19 21
31 11 -1 20 53 33 13
4 6 -1 13 17 19 21
33 13 -1 20 50 30 10
4 6 -1 13 17 19 21
35 15 -1 20 48 28 8
4 6 -1 13 17 19 21
37 17 -1 20 45 25 5
4 6 -1 13 17 19 21
38 18 -1 20 43 23 3
4 6 -1 13 17 19 21
40 20 -1 20 40 20 0
4 6 -1 13 17 19 20
42 22 -1 20 37 17 57
4 6 -1 13 17 19 20
44 24 -1 20 35 15 55
4 6 -1 13 17 19 20
46 26 -1 20 32 12 52
4 6 -1 13 17 19 20
48 28 -1 20 29 9 49
4 6 -1 13 17 19 20
50 30 -1 20 27 7 47
4 6 -1 13 17 19 20
52 32 -1 20 24 4 44
4 6 -1 13 17 19 20
54 34 -1 20 21 1 41
4 6 -1 13 17 18 20
56 36 -1 20 19 59 39
4 6 -1 13 17 18 20
57 37 -1 20 16 56 36
4 6 -1 13 17 18 20
59 39 -1 20 14 54 34
5 6 -1 13 17 18 20
1 41 -1 20 11 51 31
5 6 -1 13 17 18 20
3 43 -1 20 8 48 28
5 6 -1 13 17 18 20
5 45 -1 20 6 46 26
5 6 -1 13 17 18 20
7 47 -1 20 3 43 23
5 6 -1 13 17 18 20
9 49 -1 20 1 41 21
5 6 -1 13 16 18 20
11 51 -1 20 58 38 18
5 6 -1 13 16 18 20
13 53 -1 20 56 36 16
5 6 -1 13 16 18 20
15 55 -1 20 53 33 13
30






























1
По всем вопросам касающимся приложения обращайтесь по WhatsApp +79952867503
1
09.2026

      
	
