1
For advertising or questions send us e-mail kogdanamaz@gmail.com 
30
4 6 -1 13 17 20 21
38 33 -1 18 0 1 51
4 6 -1 13 16 19 21
40 35 -1 18 59 59 48
4 6 -1 13 16 19 21
42 36 -1 17 58 57 45
4 6 -1 13 16 19 21
44 38 -1 17 56 55 43
4 6 -1 13 16 19 21
46 39 -1 17 55 52 40
4 6 -1 13 16 19 21
48 40 -1 16 54 50 37
4 6 -1 13 16 19 21
50 42 -1 16 52 48 35
4 6 -1 13 16 19 21
52 43 -1 16 51 46 32
4 6 -1 13 16 19 21
54 45 -1 15 49 44 30
4 6 -1 13 16 19 21
56 46 -1 15 48 42 27
4 6 -1 13 16 19 21
58 48 -1 15 47 40 25
5 6 -1 13 16 19 21
0 49 -1 14 45 37 22
5 6 -1 13 16 19 21
1 51 -1 14 44 35 20
5 6 -1 13 16 19 21
1 51 -1 14 44 35 20
5 6 -1 13 16 19 21
5 54 -1 13 41 31 14
5 6 -1 13 16 19 21
7 55 -1 13 39 29 12
5 6 -1 13 16 19 21
9 57 -1 13 38 27 10
5 6 -1 13 16 19 21
11 58 -1 12 36 24 7
5 7 -1 13 16 19 21
12 0 -1 12 35 22 5
5 7 -1 13 16 19 21
14 1 -1 11 33 20 2
5 7 -1 13 16 19 21
16 2 -1 11 32 18 0
5 7 -1 13 16 19 20
18 4 -1 11 30 16 57
5 7 -1 13 16 19 20
19 5 -1 10 28 14 55
5 7 -1 13 16 19 20
21 7 -1 10 27 11 53
5 7 -1 13 16 19 20
23 8 -1 10 25 9 50
5 7 -1 13 16 19 20
24 10 -1 9 24 7 48
5 7 -1 13 16 19 20
26 11 -1 9 22 5 46
5 7 -1 13 16 19 20
28 13 -1 9 21 3 43
5 7 -1 13 16 19 20
28 13 -1 9 21 3 43
5 7 -1 13 16 18 20
31 16 -1 8 17 58 39
30






























1
По всем вопросам касающимся приложения обращайтесь по WhatsApp +79952867503
1
09.2026

      
	
