1
For advertising or questions send us e-mail kogdanamaz@gmail.com 
30
4 6 -1 13 16 19 21
33 28 -1 12 55 55 44
4 6 -1 13 16 19 21
35 29 -1 12 53 53 42
4 6 -1 13 16 19 21
37 31 -1 12 52 51 39
4 6 -1 13 16 19 21
39 32 -1 11 51 49 36
4 6 -1 13 16 19 21
41 34 -1 11 49 47 34
4 6 -1 13 16 19 21
43 35 -1 11 48 45 31
4 6 -1 13 16 19 21
45 36 -1 10 47 42 29
4 6 -1 13 16 19 21
47 38 -1 10 45 40 26
4 6 -1 13 16 19 21
49 39 -1 10 44 38 24
4 6 -1 13 16 19 21
51 41 -1 9 42 36 21
4 6 -1 13 16 19 21
53 42 -1 9 41 34 18
4 6 -1 13 16 19 21
54 44 -1 9 40 32 16
4 6 -1 13 16 19 21
56 45 -1 8 38 30 13
4 6 -1 13 16 19 21
56 45 -1 8 38 30 13
5 6 -1 13 16 19 21
0 48 -1 8 35 25 8
5 6 -1 13 16 19 21
2 49 -1 7 34 23 6
5 6 -1 13 16 19 21
3 51 -1 7 32 21 3
5 6 -1 13 16 19 21
5 52 -1 7 31 19 1
5 6 -1 13 16 19 20
7 54 -1 6 29 17 59
5 6 -1 13 16 19 20
9 55 -1 6 28 14 56
5 6 -1 13 16 19 20
10 57 -1 5 26 12 54
5 6 -1 13 16 19 20
12 58 -1 5 24 10 51
5 7 -1 13 16 19 20
14 0 -1 5 23 8 49
5 7 -1 13 16 19 20
16 1 -1 4 21 6 47
5 7 -1 13 16 19 20
17 3 -1 4 20 4 44
5 7 -1 13 16 19 20
19 4 -1 4 18 1 42
5 7 -1 13 16 18 20
21 6 -1 3 17 59 40
5 7 -1 13 16 18 20
22 7 -1 3 15 57 37
5 7 -1 13 16 18 20
22 7 -1 3 15 57 37
5 7 -1 13 16 18 20
26 10 -1 2 12 53 33
30






























1
По всем вопросам касающимся приложения обращайтесь по WhatsApp +79952867503
1
09.2026

      
	
