1
For advertising or questions send us e-mail kogdanamaz@gmail.com 
30
4 5 -1 12 16 19 21
18 58 -1 57 39 44 14
4 6 -1 12 16 19 21
20 0 -1 56 38 42 12
4 6 -1 12 16 19 21
21 1 -1 56 37 40 10
4 6 -1 12 16 19 21
23 3 -1 56 35 37 7
4 6 -1 12 16 19 21
24 4 -1 55 34 35 5
4 6 -1 12 16 19 21
26 6 -1 55 33 33 3
4 6 -1 12 16 19 21
27 7 -1 55 31 31 1
4 6 -1 12 16 19 20
29 9 -1 54 30 29 59
4 6 -1 12 16 19 20
30 10 -1 54 29 27 57
4 6 -1 12 16 19 20
32 12 -1 54 27 25 55
4 6 -1 12 16 19 20
33 13 -1 53 26 22 52
4 6 -1 12 16 19 20
35 15 -1 53 24 20 50
4 6 -1 12 16 19 20
36 16 -1 53 23 18 48
4 6 -1 12 16 19 20
38 18 -1 52 21 16 46
4 6 -1 12 16 19 20
39 19 -1 52 20 14 44
4 6 -1 12 16 19 20
40 20 -1 51 18 12 42
4 6 -1 12 16 19 20
42 22 -1 51 17 9 39
4 6 -1 12 16 19 20
43 23 -1 51 15 7 37
4 6 -1 12 16 19 20
45 25 -1 50 14 5 35
4 6 -1 12 16 19 20
46 26 -1 50 12 3 33
4 6 -1 12 16 19 20
48 28 -1 50 11 1 31
4 6 -1 12 16 18 20
49 29 -1 49 9 58 28
4 6 -1 12 16 18 20
51 31 -1 49 8 56 26
4 6 -1 12 16 18 20
50 30 -1 49 8 54 24
4 6 -1 12 16 18 20
47 27 -1 48 6 52 22
4 6 -1 12 16 18 20
55 35 -1 48 3 50 20
4 6 -1 12 16 18 20
57 37 -1 48 1 48 18
4 6 -1 12 16 18 20
58 38 -1 47 0 45 15
5 6 -1 12 15 18 20
0 40 -1 47 58 43 13
5 6 -1 12 15 18 20
1 41 -1 47 57 41 11
30






























1
По всем вопросам касающимся приложения обращайтесь по WhatsApp +79952867503
1
09.2026

      
	
