1
For advertising or questions send us e-mail kogdanamaz@gmail.com 
30
4 6 -1 13 16 19 21
42 34 -1 17 59 58 44
4 6 -1 13 16 19 21
44 35 -1 16 58 56 41
4 6 -1 13 16 19 21
46 36 -1 16 56 54 39
4 6 -1 13 16 19 21
48 38 -1 16 55 52 36
4 6 -1 13 16 19 21
50 39 -1 15 54 50 34
4 6 -1 13 16 19 21
52 41 -1 15 52 48 31
4 6 -1 13 16 19 21
53 42 -1 15 51 46 29
4 6 -1 13 16 19 21
55 43 -1 14 50 43 26
4 6 -1 13 16 19 21
57 45 -1 14 48 41 24
4 6 -1 13 16 19 21
59 46 -1 14 47 39 22
5 6 -1 13 16 19 21
1 47 -1 13 46 37 19
5 6 -1 13 16 19 21
2 49 -1 13 44 35 17
5 6 -1 13 16 19 21
4 50 -1 13 43 33 14
5 6 -1 13 16 19 21
4 50 -1 13 43 33 14
5 6 -1 13 16 19 21
8 53 -1 12 40 29 10
5 6 -1 13 16 19 21
9 54 -1 11 39 27 7
5 6 -1 13 16 19 21
11 56 -1 11 37 25 5
5 6 -1 13 16 19 21
13 57 -1 11 36 23 2
5 6 -1 13 16 19 21
14 59 -1 10 34 20 0
5 7 -1 13 16 19 20
16 0 -1 10 33 18 58
5 7 -1 13 16 19 20
18 1 -1 10 31 16 55
5 7 -1 13 16 19 20
19 3 -1 9 30 14 53
5 7 -1 13 16 19 20
21 4 -1 9 28 12 51
5 7 -1 13 16 19 20
22 5 -1 9 27 10 49
5 7 -1 13 16 19 20
24 7 -1 8 25 8 46
5 7 -1 13 16 19 20
26 8 -1 8 24 6 44
5 7 -1 13 16 19 20
27 10 -1 8 22 4 42
5 7 -1 13 16 19 20
29 11 -1 7 21 2 40
5 7 -1 13 16 19 20
29 11 -1 7 21 2 40
5 7 -1 13 16 18 20
32 14 -1 7 18 58 35
30






























1
По всем вопросам касающимся приложения обращайтесь по WhatsApp +79952867503
1
09.2026

      
	
