1
For advertising or questions send us e-mail kogdanamaz@gmail.com 
31
4 6 -1 12 16 18 20
50 36 -1 46 1 35 9
4 6 -1 12 16 18 20
51 38 -1 46 0 33 7
4 6 -1 12 15 18 20
52 39 -1 46 58 32 5
4 6 -1 12 15 18 20
53 40 -1 45 57 30 4
4 6 -1 12 15 18 20
55 41 -1 45 56 28 2
4 6 -1 12 15 18 20
56 42 -1 45 54 26 0
4 6 -1 12 15 18 19
57 44 -1 44 53 24 58
4 6 -1 12 15 18 19
59 45 -1 44 51 22 56
5 6 -1 12 15 18 19
0 46 -1 44 50 21 54
5 6 -1 12 15 18 19
1 47 -1 44 49 19 53
5 6 -1 12 15 18 19
2 49 -1 43 47 17 51
5 6 -1 12 15 18 19
4 50 -1 43 46 15 49
5 6 -1 12 15 18 19
5 51 -1 43 45 14 47
5 6 -1 12 15 18 19
6 53 -1 43 43 12 46
5 6 -1 12 15 18 19
7 54 -1 42 42 10 44
5 6 -1 12 15 18 19
9 55 -1 42 41 8 42
5 6 -1 12 15 18 19
10 56 -1 42 39 7 41
5 6 -1 12 15 18 19
11 58 -1 42 38 5 39
5 6 -1 12 15 18 19
12 59 -1 41 37 3 38
5 7 -1 12 15 18 19
14 0 -1 41 35 2 36
5 7 -1 12 15 18 19
15 2 -1 41 34 0 34
5 7 -1 12 15 17 19
16 3 -1 41 33 58 33
5 7 -1 12 15 17 19
17 4 -1 41 32 57 31
5 7 -1 12 15 17 19
18 6 -1 41 30 55 30
5 7 -1 12 15 17 19
20 7 -1 41 29 54 28
5 7 -1 12 15 17 19
21 8 -1 40 28 52 27
5 7 -1 12 15 17 19
22 10 -1 40 27 50 26
5 7 -1 12 15 17 19
23 11 -1 40 26 49 24
5 7 -1 12 15 17 19
24 12 -1 40 24 47 23
5 7 -1 12 15 17 19
26 14 -1 40 23 46 22
5 7 -1 12 15 17 19
27 15 -1 40 22 45 20
31































1
По всем вопросам касающимся приложения обращайтесь по WhatsApp +79952867503
1
10.2026

      
	