1
For advertising or questions send us e-mail kogdanamaz@gmail.com 
31
5 6 -1 12 16 17 19
3 7 -1 1 7 53 19
5 6 -1 12 16 17 19
4 8 -1 1 6 52 18
5 6 -1 12 16 17 19
6 9 -1 0 4 50 16
5 6 -1 12 16 17 19
7 10 -1 0 3 48 14
5 6 -1 12 16 17 19
8 12 -1 0 1 47 13
5 6 -1 12 16 17 19
9 13 -1 0 0 45 11
5 6 -1 11 15 17 19
10 14 -1 59 58 43 9
5 6 -1 11 15 17 19
11 15 -1 59 57 42 8
5 6 -1 11 15 17 19
12 16 -1 59 55 40 6
5 6 -1 11 15 17 19
13 17 -1 58 54 38 4
5 6 -1 11 15 17 19
14 18 -1 58 52 37 3
5 6 -1 11 15 17 19
15 19 -1 58 51 35 1
5 6 -1 11 15 17 19
16 20 -1 58 50 34 0
5 6 -1 11 15 17 18
17 21 -1 57 48 32 58
5 6 -1 11 15 17 18
18 22 -1 57 47 30 57
5 6 -1 11 15 17 18
19 23 -1 57 45 29 55
5 6 -1 11 15 17 18
21 25 -1 57 44 27 54
5 6 -1 11 15 17 18
22 26 -1 57 43 26 52
5 6 -1 11 15 17 18
23 27 -1 56 41 24 51
5 6 -1 11 15 17 18
24 28 -1 56 40 23 50
5 6 -1 11 15 17 18
25 29 -1 56 38 21 48
5 6 -1 11 15 17 18
26 30 -1 56 37 20 47
5 6 -1 11 15 17 18
27 31 -1 56 36 19 45
5 6 -1 11 15 17 18
28 33 -1 56 34 17 44
5 6 -1 11 15 17 18
29 34 -1 56 33 16 43
5 6 -1 11 15 17 18
30 35 -1 55 32 14 42
5 6 -1 11 15 17 18
31 36 -1 55 31 13 40
5 6 -1 11 15 17 18
32 37 -1 55 29 12 39
5 6 -1 11 15 17 18
33 38 -1 55 28 10 38
5 6 -1 11 15 17 18
34 40 -1 55 27 9 37
5 6 -1 11 15 17 18
35 41 -1 55 26 8 36
31































1
По всем вопросам касающимся приложения обращайтесь по WhatsApp +79952867503
1
10.2026

      
	
