1
For advertising or questions send us e-mail kogdanamaz@gmail.com 
30
5 6 -1 12 17 19 20
0 10 -1 44 22 17 48
5 6 -1 12 17 19 20
2 11 -1 44 21 16 47
5 6 -1 12 17 19 20
3 12 -1 44 20 14 45
5 6 -1 12 17 19 20
4 13 -1 43 18 12 43
5 6 -1 12 17 19 20
6 14 -1 43 17 11 41
5 6 -1 12 17 19 20
7 15 -1 43 16 9 39
5 6 -1 12 17 19 20
8 16 -1 42 14 7 37
5 6 -1 12 17 19 20
9 17 -1 42 13 6 35
5 6 -1 12 17 19 20
11 18 -1 42 12 4 33
5 6 -1 12 17 19 20
12 19 -1 41 10 2 31
5 6 -1 12 17 19 20
13 20 -1 41 9 0 29
5 6 -1 12 17 18 20
14 21 -1 41 8 59 27
5 6 -1 12 17 18 20
16 22 -1 40 6 57 25
5 6 -1 12 17 18 20
17 23 -1 40 5 55 23
5 6 -1 12 17 18 20
18 24 -1 40 3 54 22
5 6 -1 12 17 18 20
19 25 -1 39 2 52 20
5 6 -1 12 17 18 20
20 26 -1 39 1 50 18
5 6 -1 12 16 18 20
22 27 -1 39 59 48 16
5 6 -1 12 16 18 20
23 28 -1 38 58 47 14
5 6 -1 12 16 18 20
24 29 -1 38 56 45 12
5 6 -1 12 16 18 20
25 30 -1 37 55 43 10
5 6 -1 12 16 18 20
26 31 -1 37 53 42 9
5 6 -1 12 16 18 20
27 32 -1 37 52 40 7
5 6 -1 12 16 18 20
29 33 -1 36 50 38 5
5 6 -1 12 16 18 20
30 34 -1 36 49 36 3
5 6 -1 12 16 18 20
31 35 -1 36 47 35 1
5 6 -1 12 16 18 19
32 36 -1 35 46 33 59
5 6 -1 12 16 18 19
33 37 -1 35 45 31 58
5 6 -1 12 16 18 19
34 38 -1 35 43 30 56
5 6 -1 12 16 18 19
35 39 -1 34 42 28 54
30






























1
По всем вопросам касающимся приложения обращайтесь по WhatsApp +79952867503
1
09.2026

      
	
