1
For advertising or questions send us e-mail kogdanamaz@gmail.com 
30
4 5 -1 12 17 19 20
46 56 -1 30 8 3 34
4 5 -1 12 17 19 20
48 57 -1 30 7 2 33
4 5 -1 12 17 19 20
49 58 -1 30 6 0 31
4 5 -1 12 17 18 20
50 59 -1 29 4 58 29
4 6 -1 12 17 18 20
52 0 -1 29 3 57 27
4 6 -1 12 17 18 20
53 1 -1 29 2 55 25
4 6 -1 12 17 18 20
54 2 -1 28 0 53 23
4 6 -1 12 16 18 20
55 3 -1 28 59 52 21
4 6 -1 12 16 18 20
57 4 -1 28 58 50 19
4 6 -1 12 16 18 20
58 5 -1 27 56 48 17
4 6 -1 12 16 18 20
59 6 -1 27 55 46 15
5 6 -1 12 16 18 20
0 7 -1 27 54 45 13
5 6 -1 12 16 18 20
2 8 -1 26 52 43 11
5 6 -1 12 16 18 20
3 9 -1 26 51 41 9
5 6 -1 12 16 18 20
4 10 -1 26 49 40 8
5 6 -1 12 16 18 20
5 11 -1 25 48 38 6
5 6 -1 12 16 18 20
6 12 -1 25 47 36 4
5 6 -1 12 16 18 20
8 13 -1 25 45 34 2
5 6 -1 12 16 18 20
9 14 -1 24 44 33 0
5 6 -1 12 16 18 19
10 15 -1 24 42 31 58
5 6 -1 12 16 18 19
11 16 -1 23 41 29 56
5 6 -1 12 16 18 19
12 17 -1 23 39 28 55
5 6 -1 12 16 18 19
13 18 -1 23 38 26 53
5 6 -1 12 16 18 19
15 19 -1 22 36 24 51
5 6 -1 12 16 18 19
16 20 -1 22 35 22 49
5 6 -1 12 16 18 19
17 21 -1 22 33 21 47
5 6 -1 12 16 18 19
18 22 -1 21 32 19 45
5 6 -1 12 16 18 19
19 23 -1 21 31 17 44
5 6 -1 12 16 18 19
20 24 -1 21 29 16 42
5 6 -1 12 16 18 19
21 25 -1 20 28 14 40
30






























1
По всем вопросам касающимся приложения обращайтесь по WhatsApp +79952867503
1
09.2026

      
	
