1
For advertising or questions send us e-mail kogdanamaz@gmail.com 
30
4 6 -1 13 16 20 21
32 17 -1 10 53 1 49
4 6 -1 13 16 19 21
34 19 -1 10 52 59 46
4 6 -1 13 16 19 21
36 21 -1 10 50 56 43
4 6 -1 13 16 19 21
39 22 -1 9 49 56 40
4 6 -1 13 16 19 21
41 24 -1 9 47 54 37
4 6 -1 13 16 19 21
44 26 -1 8 45 52 34
4 6 -1 13 16 19 21
46 28 -1 8 44 49 31
4 6 -1 13 16 19 21
48 30 -1 8 42 47 28
4 6 -1 13 16 19 21
50 31 -1 7 41 44 25
4 6 -1 13 16 19 21
53 33 -1 7 39 42 22
4 6 -1 13 16 19 21
55 35 -1 7 37 39 19
4 6 -1 13 16 19 21
57 37 -1 7 36 37 16
4 6 -1 13 16 19 21
57 37 -1 6 36 34 16
5 6 -1 13 16 19 21
1 40 -1 6 32 34 10
5 6 -1 13 16 19 21
4 42 -1 5 31 29 7
5 6 -1 13 16 19 21
6 44 -1 5 29 27 5
5 6 -1 13 16 19 21
8 46 -1 4 27 24 2
5 6 -1 13 16 19 20
10 47 -1 4 25 22 59
5 6 -1 13 16 19 20
12 49 -1 4 24 20 56
5 6 -1 13 16 19 20
14 51 -1 3 22 17 53
5 6 -1 13 16 19 20
16 53 -1 3 20 15 51
5 6 -1 13 16 19 20
18 54 -1 3 18 12 48
5 6 -1 13 16 19 20
20 56 -1 2 17 10 45
5 6 -1 13 16 19 20
22 58 -1 2 15 7 42
5 7 -1 13 16 19 20
24 0 -1 2 13 5 40
5 7 -1 13 16 19 20
26 2 -1 1 11 2 37
5 7 -1 13 16 18 20
28 3 -1 1 9 57 34
5 7 -1 13 16 18 20
30 5 -1 1 8 55 32
5 7 -1 13 16 18 20
32 7 -1 0 6 52 29
5 7 -1 13 16 18 20
34 9 -1 0 4 50 27
30






























1
По всем вопросам касающимся приложения обращайтесь по WhatsApp +79952867503
1
09.2026

      
	
