1
For advertising or questions send us e-mail kogdanamaz@gmail.com 
31
5 6 -1 12 16 18 19
26 30 -1 24 30 16 42
5 6 -1 12 16 18 19
27 31 -1 24 29 15 41
5 6 -1 12 16 18 19
29 32 -1 23 27 13 39
5 6 -1 12 16 18 19
30 33 -1 23 26 11 37
5 6 -1 12 16 18 19
31 35 -1 23 24 10 36
5 6 -1 12 16 18 19
32 36 -1 23 23 8 34
5 6 -1 12 16 18 19
33 37 -1 22 21 6 32
5 6 -1 12 16 18 19
34 38 -1 22 20 5 31
5 6 -1 12 16 18 19
35 39 -1 22 18 3 29
5 6 -1 12 16 18 19
36 40 -1 21 17 1 27
5 6 -1 12 16 18 19
37 41 -1 21 15 0 26
5 6 -1 12 16 17 19
38 42 -1 21 14 58 24
5 6 -1 12 16 17 19
39 43 -1 21 13 57 23
5 6 -1 12 16 17 19
40 44 -1 20 11 55 21
5 6 -1 12 16 17 19
41 45 -1 20 10 53 20
5 6 -1 12 16 17 19
42 46 -1 20 8 52 18
5 6 -1 12 16 17 19
44 48 -1 20 7 50 17
5 6 -1 12 16 17 19
45 49 -1 20 6 49 15
5 6 -1 12 16 17 19
46 50 -1 19 4 47 14
5 6 -1 12 16 17 19
47 51 -1 19 3 46 13
5 6 -1 12 16 17 19
48 52 -1 19 1 44 11
5 6 -1 12 16 17 19
49 53 -1 19 0 43 10
5 6 -1 12 15 17 19
50 54 -1 19 59 42 8
5 6 -1 12 15 17 19
51 56 -1 19 57 40 7
5 6 -1 12 15 17 19
52 57 -1 19 56 39 6
5 6 -1 12 15 17 19
53 58 -1 18 55 37 5
5 6 -1 12 15 17 19
54 59 -1 18 54 36 3
5 7 -1 12 15 17 19
55 0 -1 18 52 35 2
5 7 -1 12 15 17 19
56 1 -1 18 51 33 1
5 7 -1 12 15 17 19
57 3 -1 18 50 32 0
5 7 -1 12 15 17 18
58 4 -1 18 49 31 59
31































1
По всем вопросам касающимся приложения обращайтесь по WhatsApp +79952867503
1
10.2026

      
	
