1
For advertising or questions send us e-mail kogdanamaz@gmail.com 
30
4 6 -1 12 17 19 20
58 8 -1 42 20 15 46
5 6 -1 12 17 19 20
0 9 -1 42 19 14 45
5 6 -1 12 17 19 20
1 10 -1 42 18 12 43
5 6 -1 12 17 19 20
2 11 -1 41 16 10 41
5 6 -1 12 17 19 20
4 12 -1 41 15 9 39
5 6 -1 12 17 19 20
5 13 -1 41 14 7 37
5 6 -1 12 17 19 20
6 14 -1 40 12 5 35
5 6 -1 12 17 19 20
7 15 -1 40 11 4 33
5 6 -1 12 17 19 20
9 16 -1 40 10 2 31
5 6 -1 12 17 19 20
10 17 -1 39 8 0 29
5 6 -1 12 17 18 20
11 18 -1 39 7 58 27
5 6 -1 12 17 18 20
12 19 -1 39 6 57 25
5 6 -1 12 17 18 20
14 20 -1 38 4 55 23
5 6 -1 12 17 18 20
15 21 -1 38 3 53 21
5 6 -1 12 17 18 20
16 22 -1 38 1 52 20
5 6 -1 12 17 18 20
17 23 -1 37 0 50 18
5 6 -1 12 16 18 20
18 24 -1 37 59 48 16
5 6 -1 12 16 18 20
20 25 -1 37 57 46 14
5 6 -1 12 16 18 20
21 26 -1 36 56 45 12
5 6 -1 12 16 18 20
22 27 -1 36 54 43 10
5 6 -1 12 16 18 20
23 28 -1 35 53 41 8
5 6 -1 12 16 18 20
24 29 -1 35 51 40 7
5 6 -1 12 16 18 20
25 30 -1 35 50 38 5
5 6 -1 12 16 18 20
27 31 -1 34 48 36 3
5 6 -1 12 16 18 20
28 32 -1 34 47 34 1
5 6 -1 12 16 18 19
29 33 -1 34 45 33 59
5 6 -1 12 16 18 19
30 34 -1 33 44 31 57
5 6 -1 12 16 18 19
31 35 -1 33 43 29 56
5 6 -1 12 16 18 19
32 36 -1 33 41 28 54
5 6 -1 12 16 18 19
33 37 -1 32 40 26 52
30






























1
По всем вопросам касающимся приложения обращайтесь по WhatsApp +79952867503
1
09.2026

      
	
