1
For advertising or questions send us e-mail kogdanamaz@gmail.com 
30
4 5 -1 12 16 18 20
29 39 -1 13 51 46 17
4 5 -1 12 16 18 20
31 40 -1 13 50 45 16
4 5 -1 12 16 18 20
32 41 -1 13 49 43 14
4 5 -1 12 16 18 20
33 42 -1 12 47 41 12
4 5 -1 12 16 18 20
35 43 -1 12 46 40 10
4 5 -1 12 16 18 20
36 44 -1 12 45 38 8
4 5 -1 12 16 18 20
37 45 -1 11 43 36 6
4 5 -1 12 16 18 20
38 46 -1 11 42 35 4
4 5 -1 12 16 18 20
40 47 -1 11 41 33 2
4 5 -1 12 16 18 20
41 48 -1 10 39 31 0
4 5 -1 12 16 18 19
42 49 -1 10 38 29 58
4 5 -1 12 16 18 19
43 50 -1 10 37 28 56
4 5 -1 12 16 18 19
45 51 -1 9 35 26 54
4 5 -1 12 16 18 19
46 52 -1 9 34 24 52
4 5 -1 12 16 18 19
47 53 -1 9 32 23 51
4 5 -1 12 16 18 19
48 54 -1 8 31 21 49
4 5 -1 12 16 18 19
49 55 -1 8 30 19 47
4 5 -1 12 16 18 19
51 56 -1 8 28 17 45
4 5 -1 12 16 18 19
52 57 -1 7 27 16 43
4 5 -1 12 16 18 19
53 58 -1 7 25 14 41
4 5 -1 12 16 18 19
54 59 -1 6 24 12 39
4 6 -1 12 16 18 19
55 0 -1 6 22 11 38
4 6 -1 12 16 18 19
56 1 -1 6 21 9 36
4 6 -1 12 16 18 19
58 2 -1 5 19 7 34
4 6 -1 12 16 18 19
59 3 -1 5 18 5 32
5 6 -1 12 16 18 19
0 4 -1 5 16 4 30
5 6 -1 12 16 18 19
1 5 -1 4 15 2 28
5 6 -1 12 16 18 19
2 6 -1 4 14 0 27
5 6 -1 12 16 17 19
3 7 -1 4 12 59 25
5 6 -1 12 16 17 19
4 8 -1 3 11 57 23
30






























1
По всем вопросам касающимся приложения обращайтесь по WhatsApp +79952867503
1
09.2026

      
	
