1
For advertising or questions send us e-mail kogdanamaz@gmail.com 
31
5 6 -1 12 16 18 19
23 27 -1 21 27 13 39
5 6 -1 12 16 18 19
24 28 -1 21 26 12 38
5 6 -1 12 16 18 19
26 29 -1 20 24 10 36
5 6 -1 12 16 18 19
27 30 -1 20 23 8 34
5 6 -1 12 16 18 19
28 32 -1 20 21 7 33
5 6 -1 12 16 18 19
29 33 -1 20 20 5 31
5 6 -1 12 16 18 19
30 34 -1 19 18 3 29
5 6 -1 12 16 18 19
31 35 -1 19 17 2 28
5 6 -1 12 16 18 19
32 36 -1 19 15 0 26
5 6 -1 12 16 17 19
33 37 -1 18 14 58 24
5 6 -1 12 16 17 19
34 38 -1 18 12 57 23
5 6 -1 12 16 17 19
35 39 -1 18 11 55 21
5 6 -1 12 16 17 19
36 40 -1 18 10 54 20
5 6 -1 12 16 17 19
37 41 -1 17 8 52 18
5 6 -1 12 16 17 19
38 42 -1 17 7 50 17
5 6 -1 12 16 17 19
39 43 -1 17 5 49 15
5 6 -1 12 16 17 19
41 45 -1 17 4 47 14
5 6 -1 12 16 17 19
42 46 -1 17 3 46 12
5 6 -1 12 16 17 19
43 47 -1 16 1 44 11
5 6 -1 12 16 17 19
44 48 -1 16 0 43 10
5 6 -1 12 15 17 19
45 49 -1 16 58 41 8
5 6 -1 12 15 17 19
46 50 -1 16 57 40 7
5 6 -1 12 15 17 19
47 51 -1 16 56 39 5
5 6 -1 12 15 17 19
48 53 -1 16 54 37 4
5 6 -1 12 15 17 19
49 54 -1 16 53 36 3
5 6 -1 12 15 17 19
50 55 -1 15 52 34 2
5 6 -1 12 15 17 19
51 56 -1 15 51 33 0
5 6 -1 12 15 17 18
52 57 -1 15 49 32 59
5 6 -1 12 15 17 18
53 58 -1 15 48 30 58
5 7 -1 12 15 17 18
54 0 -1 15 47 29 57
5 7 -1 12 15 17 18
55 1 -1 15 46 28 56
31































1
По всем вопросам касающимся приложения обращайтесь по WhatsApp +79952867503
1
10.2026

      
	
