1
For advertising or questions send us e-mail kogdanamaz@gmail.com 
31
5 6 -1 12 16 18 20
51 55 -1 49 55 41 7
5 6 -1 12 16 18 20
52 56 -1 49 54 40 6
5 6 -1 12 16 18 20
54 57 -1 48 52 38 4
5 6 -1 12 16 18 20
55 58 -1 48 51 36 2
5 7 -1 12 16 18 20
56 0 -1 48 49 35 1
5 7 -1 12 16 18 19
57 1 -1 48 48 33 59
5 7 -1 12 16 18 19
58 2 -1 47 46 31 57
5 7 -1 12 16 18 19
59 3 -1 47 45 30 56
6 7 -1 12 16 18 19
0 4 -1 47 43 28 54
6 7 -1 12 16 18 19
1 5 -1 46 42 26 52
6 7 -1 12 16 18 19
2 6 -1 46 40 25 51
6 7 -1 12 16 18 19
3 7 -1 46 39 23 49
6 7 -1 12 16 18 19
4 8 -1 46 38 22 48
6 7 -1 12 16 18 19
5 9 -1 45 36 20 46
6 7 -1 12 16 18 19
6 10 -1 45 35 18 45
6 7 -1 12 16 18 19
7 11 -1 45 33 17 43
6 7 -1 12 16 18 19
9 13 -1 45 32 15 42
6 7 -1 12 16 18 19
10 14 -1 45 31 14 40
6 7 -1 12 16 18 19
11 15 -1 44 29 12 39
6 7 -1 12 16 18 19
12 16 -1 44 28 11 38
6 7 -1 12 16 18 19
13 17 -1 44 26 9 36
6 7 -1 12 16 18 19
14 18 -1 44 25 8 35
6 7 -1 12 16 18 19
15 19 -1 44 24 7 33
6 7 -1 12 16 18 19
16 21 -1 44 22 5 32
6 7 -1 12 16 18 19
17 22 -1 44 21 4 31
6 7 -1 12 16 18 19
18 23 -1 43 20 2 30
6 7 -1 12 16 18 19
19 24 -1 43 19 1 28
6 7 -1 12 16 18 19
20 25 -1 43 17 0 27
6 7 -1 12 16 17 19
21 26 -1 43 16 58 26
6 7 -1 12 16 17 19
22 28 -1 43 15 57 25
6 7 -1 12 16 17 19
23 29 -1 43 14 56 24
31































1
По всем вопросам касающимся приложения обращайтесь по WhatsApp +79952867503
1
10.2026

      
	