1
For advertising or questions send us e-mail kogdanamaz@gmail.com 
31
4 5 -1 12 17 18 20
29 49 -1 23 2 57 17
4 5 -1 12 17 18 20
30 50 -1 23 1 55 15
4 5 -1 12 17 18 20
31 51 -1 23 0 54 13
4 5 -1 12 16 18 20
33 52 -1 22 58 52 11
4 5 -1 12 16 18 20
34 53 -1 22 57 50 9
4 5 -1 12 16 18 20
35 54 -1 22 56 49 7
4 5 -1 12 16 18 20
36 55 -1 21 54 47 5
4 5 -1 12 16 18 20
37 56 -1 21 53 45 4
4 5 -1 12 16 18 20
39 57 -1 21 52 44 2
4 5 -1 12 16 18 20
40 58 -1 20 50 42 0
4 5 -1 12 16 18 19
41 59 -1 20 49 40 58
4 6 -1 12 16 18 19
42 0 -1 19 48 38 56
4 6 -1 12 16 18 19
43 1 -1 19 46 37 54
4 6 -1 12 16 18 19
44 2 -1 19 45 35 52
4 6 -1 12 16 18 19
46 3 -1 18 43 33 50
4 6 -1 12 16 18 19
47 4 -1 18 42 32 49
4 6 -1 12 16 18 19
48 5 -1 18 41 30 47
4 6 -1 12 16 18 19
49 6 -1 17 39 28 45
4 6 -1 12 16 18 19
50 7 -1 17 38 26 43
4 6 -1 12 16 18 19
51 8 -1 17 36 25 41
4 6 -1 12 16 18 19
52 9 -1 16 35 23 39
4 6 -1 12 16 18 19
54 10 -1 16 33 21 38
4 6 -1 12 16 18 19
55 11 -1 16 32 20 36
4 6 -1 12 16 18 19
56 12 -1 15 30 18 34
4 6 -1 12 16 18 19
57 13 -1 15 29 16 32
4 6 -1 12 16 18 19
58 14 -1 15 28 14 30
4 6 -1 12 16 18 19
59 15 -1 14 26 13 29
5 6 -1 12 16 18 19
0 16 -1 14 25 11 27
5 6 -1 12 16 18 19
1 17 -1 13 23 9 25
5 6 -1 12 16 18 19
2 18 -1 13 22 8 23
5 6 -1 12 16 18 19
3 19 -1 13 20 6 22
31































1
По всем вопросам касающимся приложения обращайтесь по WhatsApp +79952867503
1
09.2026

      
	
