1
For advertising or questions send us e-mail kogdanamaz@gmail.com 
31
4 5 -1 11 15 17 18
35 47 -1 47 10 45 54
4 5 -1 11 15 17 18
35 48 -1 46 10 44 53
4 5 -1 11 15 17 18
36 48 -1 46 9 43 52
4 5 -1 11 15 17 18
36 48 -1 46 9 42 51
4 5 -1 11 15 17 18
36 48 -1 45 8 41 51
4 5 -1 11 15 17 18
36 49 -1 45 8 40 50
4 5 -1 11 15 17 18
37 49 -1 45 7 40 49
4 5 -1 11 15 17 18
37 49 -1 45 7 39 48
4 5 -1 11 15 17 18
37 50 -1 44 6 38 47
4 5 -1 11 15 17 18
37 50 -1 44 6 37 46
4 5 -1 11 15 17 18
38 50 -1 44 5 36 46
4 5 -1 11 15 17 18
38 51 -1 44 5 35 45
4 5 -1 11 15 17 18
38 51 -1 44 5 35 45
4 5 -1 11 15 17 18
38 51 -1 43 4 34 44
4 5 -1 11 15 17 18
39 52 -1 43 3 33 42
4 5 -1 11 15 17 18
39 52 -1 43 3 32 42
4 5 -1 11 15 17 18
40 52 -1 42 2 31 41
4 5 -1 11 15 17 18
40 53 -1 42 2 31 40
4 5 -1 11 15 17 18
40 53 -1 42 1 30 40
4 5 -1 11 15 17 18
41 53 -1 42 1 29 39
4 5 -1 11 15 17 18
41 54 -1 42 1 28 38
4 5 -1 11 15 17 18
41 54 -1 42 0 28 38
4 5 -1 11 15 17 18
42 55 -1 41 0 27 37
4 5 -1 11 14 17 18
42 55 -1 41 59 26 36
4 5 -1 11 14 17 18
42 56 -1 41 59 26 36
4 5 -1 11 14 17 18
43 56 -1 41 58 25 35
4 5 -1 11 14 17 18
43 56 -1 41 58 24 35
4 5 -1 11 14 17 18
43 56 -1 41 58 24 35
4 5 -1 11 14 17 18
44 57 -1 41 57 23 34
4 5 -1 11 14 17 18
44 58 -1 41 57 22 33
4 5 -1 11 14 17 18
44 58 -1 41 57 22 33
31































1
По всем вопросам касающимся приложения обращайтесь по WhatsApp +79952867503
1
10.2026

      
	