1
For advertising or questions send us e-mail kogdanamaz@gmail.com 
31
4 5 -1 11 15 17 18
33 42 -1 43 2 44 50
4 5 -1 11 15 17 18
33 42 -1 43 2 44 49
4 5 -1 11 15 17 18
33 42 -1 43 2 43 49
4 5 -1 11 15 17 18
33 42 -1 43 2 42 48
4 5 -1 11 15 17 18
33 42 -1 42 2 42 48
4 5 -1 11 15 17 18
33 42 -1 42 1 41 47
4 5 -1 11 15 17 18
33 42 -1 42 1 41 47
4 5 -1 11 15 17 18
33 42 -1 41 1 40 46
4 5 -1 11 15 17 18
33 42 -1 41 1 39 46
4 5 -1 11 15 17 18
32 42 -1 41 1 39 45
4 5 -1 11 15 17 18
32 42 -1 41 1 38 45
4 5 -1 11 15 17 18
32 42 -1 40 1 38 44
4 5 -1 11 15 17 18
32 42 -1 40 1 38 44
4 5 -1 11 15 17 18
32 42 -1 40 0 37 44
4 5 -1 11 15 17 18
32 42 -1 40 0 36 43
4 5 -1 11 15 17 18
32 42 -1 39 0 36 42
4 5 -1 11 15 17 18
32 42 -1 39 0 35 42
4 5 -1 11 15 17 18
32 42 -1 39 0 35 41
4 5 -1 11 15 17 18
33 42 -1 39 0 34 41
4 5 -1 11 14 17 18
33 42 -1 39 59 34 41
4 5 -1 11 14 17 18
33 42 -1 38 59 33 40
4 5 -1 11 14 17 18
33 42 -1 38 59 33 40
4 5 -1 11 14 17 18
33 43 -1 38 59 33 40
4 5 -1 11 14 17 18
33 43 -1 38 59 32 39
4 5 -1 11 14 17 18
33 43 -1 38 59 32 39
4 5 -1 11 14 17 18
33 43 -1 38 59 31 39
4 5 -1 11 14 17 18
33 43 -1 38 59 31 38
4 5 -1 11 14 17 18
33 43 -1 38 59 31 38
4 5 -1 11 14 17 18
33 44 -1 38 58 30 38
4 5 -1 11 14 17 18
33 44 -1 38 58 30 38
4 5 -1 11 14 17 18
33 44 -1 37 58 30 37
31































1
По всем вопросам касающимся приложения обращайтесь по WhatsApp +79952867503
1
10.2026

      
	