1
For advertising or questions send us e-mail kogdanamaz@gmail.com 
30
4 5 -1 12 15 18 19
40 50 -1 1 10 11 18
4 5 -1 12 15 18 19
40 50 -1 0 10 10 17
4 5 -1 12 15 18 19
40 50 -1 0 10 9 16
4 5 -1 12 15 18 19
40 50 -1 0 11 9 16
4 5 -1 11 15 18 19
40 50 -1 59 11 8 15
4 5 -1 11 15 18 19
40 50 -1 59 11 8 14
4 5 -1 11 15 18 19
40 50 -1 59 11 7 14
4 5 -1 11 15 18 19
40 50 -1 58 11 6 13
4 5 -1 11 15 18 19
40 49 -1 58 11 6 12
4 5 -1 11 15 18 19
40 49 -1 58 11 5 11
4 5 -1 11 15 18 19
40 49 -1 57 11 4 11
4 5 -1 11 15 18 19
40 49 -1 57 11 4 10
4 5 -1 11 15 18 19
40 49 -1 57 11 4 10
4 5 -1 11 15 18 19
40 49 -1 57 11 3 9
4 5 -1 11 15 18 19
40 49 -1 56 11 2 8
4 5 -1 11 15 18 19
40 49 -1 56 11 1 7
4 5 -1 11 15 18 19
40 49 -1 55 11 0 6
4 5 -1 11 15 18 19
40 49 -1 55 11 0 6
4 5 -1 11 15 17 19
40 49 -1 55 11 59 5
4 5 -1 11 15 17 19
40 49 -1 54 11 58 4
4 5 -1 11 15 17 19
40 49 -1 54 11 58 4
4 5 -1 11 15 17 19
40 49 -1 54 11 57 3
4 5 -1 11 15 17 19
40 49 -1 53 11 56 2
4 5 -1 11 15 17 19
40 49 -1 53 11 56 2
4 5 -1 11 15 17 19
40 49 -1 52 10 55 1
4 5 -1 11 15 17 19
40 49 -1 52 10 54 0
4 5 -1 11 15 17 19
40 49 -1 52 10 54 0
4 5 -1 11 15 17 19
40 49 -1 52 10 54 0
4 5 -1 11 15 17 18
40 49 -1 51 10 53 59
4 5 -1 11 15 17 18
40 49 -1 51 10 52 58
30






























1
По всем вопросам касающимся приложения обращайтесь по WhatsApp +79952867503
1
09.2026

      
	
