1
For advertising or questions send us e-mail kogdanamaz@gmail.com 
30
3 5 -1 12 16 19 21
9 29 -1 35 12 28 17
3 5 -1 12 16 19 21
12 31 -1 35 10 26 14
3 5 -1 12 16 19 21
16 33 -1 34 9 23 11
3 5 -1 12 16 19 21
19 35 -1 34 7 21 7
3 5 -1 12 16 19 21
22 37 -1 34 5 18 4
3 5 -1 12 16 19 21
25 39 -1 34 4 15 1
3 5 -1 12 16 19 20
28 41 -1 33 2 13 58
3 5 -1 12 16 19 20
31 43 -1 33 0 10 54
3 5 -1 12 15 19 20
33 45 -1 33 58 8 51
3 5 -1 12 15 19 20
36 46 -1 32 57 5 48
3 5 -1 12 15 19 20
39 48 -1 32 55 2 45
3 5 -1 12 15 19 20
42 50 -1 31 53 0 42
3 5 -1 12 15 18 20
44 52 -1 31 51 57 39
3 5 -1 12 15 18 20
47 54 -1 31 50 55 36
3 5 -1 12 15 18 20
50 56 -1 30 48 52 32
3 5 -1 12 15 18 20
52 58 -1 30 46 49 29
3 6 -1 12 15 18 20
55 0 -1 30 44 47 26
3 6 -1 12 15 18 20
57 2 -1 29 42 44 23
4 6 -1 12 15 18 20
0 4 -1 29 40 41 20
4 6 -1 12 15 18 20
2 6 -1 29 38 39 17
4 6 -1 12 15 18 20
5 8 -1 28 37 36 14
4 6 -1 12 15 18 20
7 10 -1 28 35 33 12
4 6 -1 12 15 18 20
10 12 -1 28 33 31 9
4 6 -1 12 15 18 20
12 14 -1 27 31 28 6
4 6 -1 12 15 18 20
14 15 -1 27 29 25 3
4 6 -1 12 15 18 20
17 17 -1 26 27 23 0
4 6 -1 12 15 18 19
19 19 -1 26 25 20 57
4 6 -1 12 15 18 19
21 21 -1 26 24 18 54
4 6 -1 12 15 18 19
23 23 -1 25 22 15 52
4 6 -1 12 15 18 19
26 25 -1 25 20 12 49
30






























1
По всем вопросам касающимся приложения обращайтесь по WhatsApp +79952867503
1
09.2026

      
	
