1
For advertising or questions send us e-mail kogdanamaz@gmail.com 
30
4 5 -1 12 16 19 20
0 40 -1 24 19 2 42
4 5 -1 12 16 19 20
1 41 -1 24 18 0 40
4 5 -1 12 16 18 20
2 42 -1 24 17 58 38
4 5 -1 12 16 18 20
3 43 -1 23 15 56 36
4 5 -1 12 16 18 20
4 44 -1 23 14 55 35
4 5 -1 12 16 18 20
6 46 -1 23 13 53 33
4 5 -1 12 16 18 20
7 47 -1 23 12 51 31
4 5 -1 12 16 18 20
8 48 -1 23 10 49 29
4 5 -1 12 16 18 20
9 49 -1 22 9 47 27
4 5 -1 12 16 18 20
11 51 -1 22 7 44 24
4 5 -1 12 16 18 20
12 52 -1 22 6 42 22
4 5 -1 12 16 18 20
14 54 -1 22 4 40 20
4 5 -1 12 16 18 20
15 55 -1 22 3 39 19
4 5 -1 12 16 18 20
16 56 -1 21 2 37 17
4 5 -1 12 16 18 20
17 57 -1 21 0 35 15
4 5 -1 12 15 18 20
19 59 -1 21 59 33 13
4 6 -1 12 15 18 20
20 0 -1 21 57 30 10
4 6 -1 12 15 18 20
21 1 -1 21 56 29 9
4 6 -1 12 15 18 20
22 2 -1 20 55 27 7
4 6 -1 12 15 18 20
24 4 -1 20 54 25 5
4 6 -1 12 15 18 20
25 5 -1 20 52 23 3
4 6 -1 12 15 18 20
26 6 -1 20 51 21 1
4 6 -1 12 15 18 19
28 8 -1 19 49 18 58
4 6 -1 12 15 18 19
29 9 -1 19 48 17 57
4 6 -1 12 15 18 19
30 10 -1 19 46 15 55
4 6 -1 12 15 18 19
32 12 -1 19 45 13 53
4 6 -1 12 15 18 19
33 13 -1 18 44 11 51
4 6 -1 12 15 18 19
34 14 -1 18 42 9 49
4 6 -1 12 15 18 19
36 16 -1 18 41 7 47
4 6 -1 12 15 18 19
37 17 -1 18 39 4 44
30






























1
По всем вопросам касающимся приложения обращайтесь по WhatsApp +79952867503
1
09.2026

      
	
