1
For advertising or questions send us e-mail kogdanamaz@gmail.com 
31
5 7 -1 13 16 20 21
54 12 -1 43 57 13 28
5 7 -1 13 16 20 21
55 13 -1 43 58 12 27
5 7 -1 13 16 20 21
56 13 -1 43 58 12 26
5 7 -1 13 16 20 21
56 14 -1 43 58 11 25
5 7 -1 13 16 20 21
57 14 -1 43 58 11 24
5 7 -1 13 16 20 21
57 14 -1 43 59 10 24
5 7 -1 13 16 20 21
58 15 -1 43 59 10 23
5 7 -1 13 16 20 21
58 15 -1 43 59 9 22
5 7 -1 13 16 20 21
59 15 -1 42 59 9 22
5 7 -1 13 16 20 21
59 15 -1 42 59 8 21
6 7 -1 13 16 20 21
0 16 -1 42 59 7 20
6 7 -1 13 17 20 21
0 16 -1 42 0 7 19
6 7 -1 13 17 20 21
1 16 -1 42 0 6 18
6 7 -1 13 17 20 21
1 16 -1 42 0 6 18
6 7 -1 13 17 20 21
1 17 -1 42 0 5 18
6 7 -1 13 17 20 21
2 17 -1 41 0 4 16
6 7 -1 13 17 20 21
2 17 -1 41 0 3 15
6 7 -1 13 17 20 21
3 18 -1 41 0 3 14
6 7 -1 13 17 20 21
3 18 -1 41 0 2 13
6 7 -1 13 17 20 21
4 18 -1 40 0 1 13
6 7 -1 13 17 20 21
4 18 -1 40 0 0 12
6 7 -1 13 17 20 21
4 19 -1 40 0 0 11
6 7 -1 13 17 19 21
5 19 -1 40 0 59 10
6 7 -1 13 17 19 21
5 19 -1 39 0 58 9
6 7 -1 13 17 19 21
5 19 -1 39 0 57 8
6 7 -1 13 17 19 21
6 20 -1 39 0 56 7
6 7 -1 13 17 19 21
6 20 -1 38 0 56 6
6 7 -1 13 17 19 21
6 20 -1 38 0 55 5
6 7 -1 13 17 19 21
6 20 -1 38 0 55 5
6 7 -1 13 17 19 21
7 20 -1 38 0 54 4
6 7 -1 13 16 19 21
7 21 -1 37 59 52 2
31































1
По всем вопросам касающимся приложения обращайтесь по WhatsApp +79952867503
1
08.2026

      
	
