1
For advertising or questions send us e-mail kogdanamaz@gmail.com 
31
6 7 -1 13 16 19 20
18 33 -1 31 55 28 40
6 7 -1 13 16 19 20
19 34 -1 31 54 27 38
6 7 -1 13 16 19 20
19 34 -1 31 54 26 37
6 7 -1 13 16 19 20
20 35 -1 30 53 25 36
6 7 -1 13 16 19 20
20 35 -1 30 52 24 35
6 7 -1 13 16 19 20
21 35 -1 30 52 23 34
6 7 -1 13 16 19 20
21 36 -1 29 51 22 33
6 7 -1 13 16 19 20
21 36 -1 29 50 21 32
6 7 -1 13 16 19 20
22 37 -1 29 50 20 31
6 7 -1 13 16 19 20
22 37 -1 29 49 19 30
6 7 -1 13 16 19 20
23 38 -1 28 48 18 29
6 7 -1 13 16 19 20
23 38 -1 28 48 18 29
6 7 -1 13 16 19 20
23 38 -1 28 48 17 29
6 7 -1 13 16 19 20
24 39 -1 28 47 15 27
6 7 -1 13 16 19 20
25 40 -1 27 46 14 26
6 7 -1 13 16 19 20
25 40 -1 27 45 13 25
6 7 -1 13 16 19 20
25 41 -1 27 45 12 24
6 7 -1 13 16 19 20
26 41 -1 27 44 11 23
6 7 -1 13 16 19 20
26 42 -1 27 43 10 22
6 7 -1 13 16 19 20
27 42 -1 26 43 9 22
6 7 -1 13 16 19 20
27 43 -1 26 42 8 21
6 7 -1 13 16 19 20
28 43 -1 26 42 8 20
6 7 -1 13 16 19 20
28 44 -1 26 41 7 19
6 7 -1 13 16 19 20
29 45 -1 26 41 6 19
6 7 -1 13 16 19 20
29 45 -1 26 40 5 18
6 7 -1 13 16 19 20
30 46 -1 26 39 4 17
6 7 -1 13 16 19 20
30 46 -1 26 39 4 17
5 6 -1 12 15 18 19
31 47 -1 26 38 3 16
5 6 -1 12 15 18 19
31 48 -1 25 38 2 15
5 6 -1 12 15 18 19
32 48 -1 25 37 1 15
5 6 -1 12 15 18 19
32 49 -1 25 37 1 14
31































1
По всем вопросам касающимся приложения обращайтесь по WhatsApp +79952867503
1
10.2026

      
	