1
For advertising or questions send us e-mail kogdanamaz@gmail.com 
31
5 7 -1 13 16 20 21
39 0 -1 36 59 11 28
5 7 -1 13 16 20 21
40 0 -1 36 59 11 28
5 7 -1 13 16 20 21
40 1 -1 36 59 10 27
5 7 -1 13 16 20 21
41 1 -1 36 59 10 26
5 7 -1 13 17 20 21
42 1 -1 36 0 9 25
5 7 -1 13 17 20 21
42 2 -1 36 0 8 24
5 7 -1 13 17 20 21
43 2 -1 36 0 8 24
5 7 -1 13 17 20 21
43 3 -1 36 0 7 23
5 7 -1 13 17 20 21
44 3 -1 35 0 6 22
5 7 -1 13 17 20 21
45 4 -1 35 0 6 21
5 7 -1 13 17 20 21
45 4 -1 35 0 5 20
5 7 -1 13 17 20 21
46 4 -1 35 0 4 19
5 7 -1 13 17 20 21
46 5 -1 35 0 3 18
5 7 -1 13 17 20 21
47 5 -1 35 0 3 17
5 7 -1 13 17 20 21
48 5 -1 34 0 2 16
5 7 -1 13 17 20 21
48 6 -1 34 0 1 15
5 7 -1 13 17 20 21
49 6 -1 34 0 0 14
5 7 -1 13 17 19 21
49 7 -1 34 0 59 13
5 7 -1 13 16 19 21
50 7 -1 33 59 59 12
5 7 -1 13 16 19 21
50 7 -1 33 59 58 11
5 7 -1 13 16 19 21
51 8 -1 33 59 57 10
5 7 -1 13 16 19 21
51 8 -1 33 59 56 9
5 7 -1 13 16 19 21
52 8 -1 32 59 55 8
5 7 -1 13 16 19 21
52 9 -1 32 59 54 7
5 7 -1 13 16 19 21
53 9 -1 32 59 53 6
5 7 -1 13 16 19 21
53 9 -1 32 58 52 5
5 7 -1 13 16 19 21
54 10 -1 31 58 52 4
5 7 -1 13 16 19 21
54 10 -1 31 58 51 3
5 7 -1 13 16 19 21
55 10 -1 31 58 50 2
5 7 -1 13 16 19 21
55 11 -1 30 57 49 1
5 7 -1 13 16 19 21
56 11 -1 30 57 48 0
31































1
По всем вопросам касающимся приложения обращайтесь по WhatsApp +79952867503
1
08.2026

      
	
