1
For advertising or questions send us e-mail kogdanamaz@gmail.com 
30
5 6 -1 13 16 19 20
34 47 -1 4 27 19 29
5 6 -1 13 16 19 20
34 48 -1 3 27 18 28
5 6 -1 13 16 19 20
34 48 -1 3 26 17 27
5 6 -1 13 16 19 20
35 48 -1 3 26 16 26
5 6 -1 13 16 19 20
35 48 -1 2 26 15 25
5 6 -1 13 16 19 20
35 48 -1 2 26 14 24
5 6 -1 13 16 19 20
36 49 -1 2 25 13 23
5 6 -1 13 16 19 20
36 49 -1 1 25 12 22
5 6 -1 13 16 19 20
36 49 -1 1 25 11 21
5 6 -1 13 16 19 20
37 49 -1 1 25 11 20
5 6 -1 13 16 19 20
37 49 -1 0 24 10 19
5 6 -1 13 16 19 20
37 50 -1 0 24 9 18
5 6 -1 12 16 19 20
37 50 -1 59 24 8 17
5 6 -1 12 16 19 20
38 50 -1 59 23 7 16
5 6 -1 12 16 19 20
38 50 -1 59 23 6 15
5 6 -1 12 16 19 20
38 50 -1 58 23 5 14
5 6 -1 12 16 19 20
39 51 -1 58 22 4 13
5 6 -1 12 16 19 20
39 51 -1 58 22 3 12
5 6 -1 12 16 19 20
39 51 -1 57 21 2 11
5 6 -1 12 16 19 20
39 51 -1 57 21 1 10
5 6 -1 12 16 19 20
40 52 -1 57 21 0 9
5 6 -1 12 16 19 20
40 52 -1 56 20 0 8
5 6 -1 12 16 18 20
40 52 -1 56 20 59 8
5 6 -1 12 16 18 20
40 52 -1 56 19 58 7
5 6 -1 12 16 18 20
41 52 -1 55 19 57 6
5 6 -1 12 16 18 20
41 53 -1 55 19 56 5
5 6 -1 12 16 18 20
41 53 -1 55 18 55 4
5 6 -1 12 16 18 20
41 53 -1 54 18 54 3
5 6 -1 12 16 18 20
42 53 -1 54 17 53 2
5 6 -1 12 16 18 20
42 54 -1 54 17 52 1
30






























1
По всем вопросам касающимся приложения обращайтесь по WhatsApp +79952867503
1
09.2026

      
	
