1
For advertising or questions send us e-mail kogdanamaz@gmail.com 
30
5 6 -1 12 15 18 19
25 33 -1 41 46 48 53
5 6 -1 12 15 18 19
24 33 -1 41 45 47 53
5 6 -1 12 15 18 19
24 33 -1 40 44 47 52
5 6 -1 12 15 18 19
24 33 -1 40 43 46 52
5 6 -1 12 15 18 19
24 33 -1 40 42 46 51
5 6 -1 12 15 18 19
24 33 -1 39 41 45 51
5 6 -1 12 15 18 19
24 32 -1 39 40 45 50
5 6 -1 12 15 18 19
24 32 -1 39 41 44 50
5 6 -1 12 15 18 19
24 32 -1 38 41 44 49
5 6 -1 12 15 18 19
23 32 -1 38 41 43 48
5 6 -1 12 15 18 19
23 32 -1 38 42 43 48
5 6 -1 12 15 18 19
23 31 -1 37 42 42 47
5 6 -1 12 15 18 19
23 31 -1 37 42 42 47
5 6 -1 12 15 18 19
23 31 -1 37 42 41 46
5 6 -1 12 15 18 19
23 31 -1 36 43 40 46
5 6 -1 12 15 18 19
22 31 -1 36 43 40 45
5 6 -1 12 15 18 19
22 30 -1 35 43 39 45
5 6 -1 12 15 18 19
22 30 -1 35 43 39 44
5 6 -1 12 15 18 19
22 30 -1 35 44 38 44
5 6 -1 12 15 18 19
22 30 -1 34 44 38 43
5 6 -1 12 15 18 19
22 30 -1 34 44 38 43
5 6 -1 12 15 18 19
21 29 -1 34 44 37 42
5 6 -1 12 15 18 19
21 29 -1 33 44 36 41
5 6 -1 12 15 18 19
21 29 -1 33 44 36 41
5 6 -1 12 15 18 19
21 29 -1 33 44 35 40
5 6 -1 12 15 18 19
21 29 -1 32 44 35 40
5 6 -1 12 15 18 19
20 28 -1 32 45 34 39
5 6 -1 12 15 18 19
20 28 -1 32 45 34 39
5 6 -1 12 15 18 19
20 28 -1 31 45 33 39
5 6 -1 12 15 18 19
20 28 -1 31 45 33 38
30






























1
По всем вопросам касающимся приложения обращайтесь по WhatsApp +79952867503
1
09.2026

      
	
