1
For advertising or questions send us e-mail kogdanamaz@gmail.com 
30
4 5 -1 11 15 18 19
29 41 -1 55 15 9 18
4 5 -1 11 15 18 19
29 41 -1 55 15 8 17
4 5 -1 11 15 18 19
29 41 -1 55 14 7 16
4 5 -1 11 15 18 19
29 41 -1 54 14 6 15
4 5 -1 11 15 18 19
30 41 -1 54 14 5 14
4 5 -1 11 15 18 19
30 42 -1 54 14 5 13
4 5 -1 11 15 18 19
30 42 -1 53 14 4 12
4 5 -1 11 15 18 19
30 42 -1 53 14 3 11
4 5 -1 11 15 18 19
31 42 -1 53 14 2 10
4 5 -1 11 15 18 19
31 42 -1 53 14 2 10
4 5 -1 11 15 18 19
31 42 -1 52 13 0 9
4 5 -1 11 15 18 19
31 42 -1 52 13 0 8
4 5 -1 11 15 17 19
31 42 -1 51 13 59 7
4 5 -1 11 15 17 19
32 43 -1 51 13 58 6
4 5 -1 11 15 17 19
32 43 -1 51 12 57 5
4 5 -1 11 15 17 19
32 43 -1 50 12 56 4
4 5 -1 11 15 17 19
32 43 -1 50 12 55 3
4 5 -1 11 15 17 19
32 43 -1 49 12 55 3
4 5 -1 11 15 17 19
32 43 -1 49 11 54 2
4 5 -1 11 15 17 19
33 43 -1 49 11 53 1
4 5 -1 11 15 17 19
33 43 -1 48 11 52 0
4 5 -1 11 15 17 18
33 44 -1 48 10 51 59
4 5 -1 11 15 17 18
33 44 -1 48 10 50 58
4 5 -1 11 15 17 18
33 44 -1 47 10 50 57
4 5 -1 11 15 17 18
33 44 -1 47 10 50 57
4 5 -1 11 15 17 18
33 44 -1 47 9 48 56
4 5 -1 11 15 17 18
34 44 -1 46 9 47 55
4 5 -1 11 15 17 18
34 44 -1 46 8 46 54
4 5 -1 11 15 17 18
34 45 -1 46 8 46 53
4 5 -1 11 15 17 18
34 45 -1 45 8 45 52
30






























1
По всем вопросам касающимся приложения обращайтесь по WhatsApp +79952867503
1
09.2026

      
	
