1
For advertising or questions send us e-mail kogdanamaz@gmail.com 
31
5 6 -1 12 15 18 19
19 30 -1 30 52 28 36
5 6 -1 12 15 18 19
19 30 -1 29 52 27 36
5 6 -1 12 15 18 19
19 30 -1 29 52 27 35
5 6 -1 12 15 18 19
19 30 -1 29 51 26 34
5 6 -1 12 15 18 19
19 31 -1 28 51 25 33
5 6 -1 12 15 18 19
20 31 -1 28 50 24 32
5 6 -1 12 15 18 19
20 31 -1 28 50 23 32
5 6 -1 12 15 18 19
20 31 -1 27 50 22 31
5 6 -1 12 15 18 19
20 31 -1 27 49 22 30
5 6 -1 12 15 18 19
20 32 -1 27 49 21 29
5 6 -1 12 15 18 19
21 32 -1 27 48 20 29
5 6 -1 12 15 18 19
21 32 -1 26 48 19 28
5 6 -1 12 15 18 19
21 32 -1 26 47 19 27
5 6 -1 12 15 18 19
21 33 -1 26 47 18 26
5 6 -1 12 15 18 19
21 33 -1 26 47 17 26
5 6 -1 12 15 18 19
22 33 -1 26 46 17 25
5 6 -1 12 15 18 19
22 34 -1 25 46 16 25
5 6 -1 12 15 18 19
22 34 -1 25 46 15 24
5 6 -1 12 15 18 19
22 34 -1 25 45 14 23
5 6 -1 12 15 18 19
23 35 -1 25 45 14 23
5 6 -1 12 15 18 19
23 35 -1 25 44 13 22
5 6 -1 12 15 18 19
23 35 -1 25 44 13 22
5 6 -1 12 15 18 19
23 36 -1 24 44 12 21
5 6 -1 12 15 18 19
24 36 -1 24 43 11 21
5 6 -1 12 15 18 19
24 36 -1 24 43 11 20
5 6 -1 12 15 18 19
24 37 -1 24 43 10 20
5 6 -1 12 15 18 19
25 37 -1 24 42 10 19
5 6 -1 12 15 18 19
25 37 -1 24 42 9 19
5 6 -1 12 15 18 19
25 38 -1 24 42 9 18
5 6 -1 12 15 18 19
25 38 -1 24 41 8 18
5 6 -1 12 15 18 19
26 39 -1 24 41 8 17
31































1
По всем вопросам касающимся приложения обращайтесь по WhatsApp +79952867503
1
10.2026

      
	