1
For advertising or questions send us e-mail kogdanamaz@gmail.com 
30
4 5 -1 11 15 18 19
33 44 -1 56 10 7 15
4 5 -1 11 15 18 19
33 44 -1 56 10 6 14
4 5 -1 11 15 18 19
33 44 -1 55 10 6 13
4 5 -1 11 15 18 19
33 44 -1 55 10 5 12
4 5 -1 11 15 18 19
33 44 -1 55 10 4 12
4 5 -1 11 15 18 19
33 44 -1 54 10 4 11
4 5 -1 11 15 18 19
34 44 -1 54 10 3 10
4 5 -1 11 15 18 19
34 44 -1 54 10 2 9
4 5 -1 11 15 18 19
34 44 -1 53 10 1 9
4 5 -1 11 15 18 19
34 44 -1 53 10 1 9
4 5 -1 11 15 18 19
34 44 -1 53 10 0 7
4 5 -1 11 15 17 19
34 44 -1 52 10 59 6
4 5 -1 11 15 17 19
34 44 -1 52 9 58 5
4 5 -1 11 15 17 19
34 44 -1 51 9 58 5
4 5 -1 11 15 17 19
34 44 -1 51 9 57 4
4 5 -1 11 15 17 19
34 44 -1 51 9 56 3
4 5 -1 11 15 17 19
34 44 -1 50 9 56 2
4 5 -1 11 15 17 19
34 44 -1 50 9 55 2
4 5 -1 11 15 17 19
35 44 -1 50 9 54 1
4 5 -1 11 15 17 19
35 44 -1 49 9 53 0
4 5 -1 11 15 17 18
35 44 -1 49 8 53 59
4 5 -1 11 15 17 18
35 44 -1 49 8 52 58
4 5 -1 11 15 17 18
35 44 -1 48 8 51 58
4 5 -1 11 15 17 18
35 44 -1 48 8 50 57
4 5 -1 11 15 17 18
35 44 -1 48 8 50 57
4 5 -1 11 15 17 18
35 44 -1 47 7 49 56
4 5 -1 11 15 17 18
35 44 -1 47 7 48 55
4 5 -1 11 15 17 18
35 45 -1 47 7 48 54
4 5 -1 11 15 17 18
35 45 -1 46 7 47 53
4 5 -1 11 15 17 18
35 45 -1 46 7 46 53
30






























1
По всем вопросам касающимся приложения обращайтесь по WhatsApp +79952867503
1
09.2026

      
	
