1
For advertising or questions send us e-mail kogdanamaz@gmail.com 
31
4 5 -1 11 15 18 19
18 31 -1 52 8 11 22
4 5 -1 11 15 18 19
18 32 -1 52 8 11 21
4 5 -1 11 15 18 19
18 32 -1 52 7 11 21
4 5 -1 11 15 18 19
18 32 -1 52 6 10 20
4 5 -1 11 15 18 19
19 32 -1 52 6 10 20
4 5 -1 11 15 18 19
19 32 -1 51 5 9 19
4 5 -1 11 15 18 19
19 32 -1 51 4 9 19
4 5 -1 11 15 18 19
20 33 -1 51 4 9 18
4 5 -1 11 15 18 19
20 33 -1 51 3 8 18
4 5 -1 11 15 18 19
20 33 -1 51 2 8 17
4 5 -1 11 15 18 19
20 33 -1 51 1 7 17
4 5 -1 11 15 18 19
20 33 -1 51 1 7 17
4 5 -1 11 14 18 19
21 33 -1 50 59 6 15
4 5 -1 11 14 18 19
21 33 -1 50 59 6 15
4 5 -1 11 14 18 19
21 33 -1 50 58 5 14
4 5 -1 11 14 18 19
21 33 -1 50 57 5 14
4 5 -1 11 14 18 19
22 33 -1 49 56 4 13
4 5 -1 11 14 18 19
22 34 -1 49 55 4 12
4 5 -1 11 14 18 19
22 34 -1 49 54 3 12
4 5 -1 11 14 18 19
22 34 -1 49 53 3 11
4 5 -1 11 14 18 19
22 34 -1 49 54 2 10
4 5 -1 11 14 18 19
23 34 -1 48 54 2 10
4 5 -1 11 14 18 19
23 34 -1 48 54 1 9
4 5 -1 11 14 18 19
23 34 -1 48 55 0 8
4 5 -1 11 14 18 19
23 34 -1 47 55 0 8
4 5 -1 11 14 17 19
23 34 -1 47 55 59 7
4 5 -1 11 14 17 19
23 34 -1 47 55 59 6
4 5 -1 11 14 17 19
23 34 -1 47 55 58 6
4 5 -1 11 14 17 19
24 34 -1 46 56 57 5
4 5 -1 11 14 17 19
24 34 -1 46 56 57 4
4 5 -1 11 14 17 19
24 34 -1 46 56 56 3
31































1
По всем вопросам касающимся приложения обращайтесь по WhatsApp +79952867503
1
08.2026

      
	
