1
For advertising or questions send us e-mail kogdanamaz@gmail.com 
30
4 5 -1 11 14 17 18
17 27 -1 37 43 45 52
4 5 -1 11 14 17 18
17 27 -1 36 43 45 51
4 5 -1 11 14 17 18
17 27 -1 36 43 44 51
4 5 -1 11 14 17 18
17 26 -1 36 44 44 50
4 5 -1 11 14 17 18
17 26 -1 35 44 43 49
4 5 -1 11 14 17 18
17 26 -1 35 44 42 49
4 5 -1 11 14 17 18
17 26 -1 35 44 42 48
4 5 -1 11 14 17 18
17 26 -1 34 44 41 47
4 5 -1 11 14 17 18
17 26 -1 34 44 41 47
4 5 -1 11 14 17 18
17 26 -1 34 44 41 47
4 5 -1 11 14 17 18
17 26 -1 33 45 39 45
4 5 -1 11 14 17 18
17 26 -1 33 45 39 45
4 5 -1 11 14 17 18
17 26 -1 33 45 38 44
4 5 -1 11 14 17 18
17 26 -1 32 45 38 43
4 5 -1 11 14 17 18
17 26 -1 32 45 37 43
4 5 -1 11 14 17 18
17 26 -1 31 45 36 42
4 5 -1 11 14 17 18
17 25 -1 31 45 36 41
4 5 -1 11 14 17 18
17 25 -1 31 45 35 41
4 5 -1 11 14 17 18
17 25 -1 30 45 34 40
4 5 -1 11 14 17 18
17 25 -1 30 45 34 39
4 5 -1 11 14 17 18
16 25 -1 30 45 33 39
4 5 -1 11 14 17 18
16 25 -1 29 45 33 38
4 5 -1 11 14 17 18
16 25 -1 29 45 32 38
4 5 -1 11 14 17 18
16 25 -1 29 45 31 37
4 5 -1 11 14 17 18
16 25 -1 29 45 31 37
4 5 -1 11 14 17 18
16 25 -1 28 45 30 36
4 5 -1 11 14 17 18
16 25 -1 28 45 29 35
4 5 -1 11 14 17 18
16 25 -1 27 45 29 35
4 5 -1 11 14 17 18
16 25 -1 27 45 28 34
4 5 -1 11 14 17 18
16 24 -1 27 44 28 33
30






























1
По всем вопросам касающимся приложения обращайтесь по WhatsApp +79952867503
1
09.2026

      
	
