1
For advertising or questions send us e-mail kogdanamaz@gmail.com 
31
4 6 -1 12 15 18 19
56 9 -1 25 44 40 50
4 6 -1 12 15 18 19
56 9 -1 25 43 40 49
4 6 -1 12 15 18 19
56 9 -1 25 43 39 49
4 6 -1 12 15 18 19
57 9 -1 25 42 39 48
4 6 -1 12 15 18 19
57 9 -1 25 42 39 48
4 6 -1 12 15 18 19
57 9 -1 24 41 39 48
4 6 -1 12 15 18 19
57 9 -1 24 41 38 47
4 6 -1 12 15 18 19
57 9 -1 24 40 38 47
4 6 -1 12 15 18 19
58 9 -1 24 39 38 46
4 6 -1 12 15 18 19
58 10 -1 24 39 37 46
4 6 -1 12 15 18 19
58 10 -1 24 38 37 45
4 6 -1 12 15 18 19
58 10 -1 24 37 36 45
4 6 -1 12 15 18 19
58 10 -1 23 37 36 44
4 6 -1 12 15 18 19
58 10 -1 23 37 36 44
4 6 -1 12 15 18 19
58 10 -1 23 36 36 44
4 6 -1 12 15 18 19
59 10 -1 23 34 35 43
4 6 -1 12 15 18 19
59 10 -1 23 33 34 42
4 6 -1 12 15 18 19
59 10 -1 22 32 34 42
4 6 -1 12 15 18 19
59 10 -1 22 32 33 41
4 6 -1 12 15 18 19
59 10 -1 22 31 33 40
4 6 -1 12 15 18 19
59 10 -1 22 30 33 40
4 6 -1 12 15 18 19
59 10 -1 21 29 32 39
4 6 -1 12 15 18 19
59 10 -1 21 28 32 39
4 6 -1 12 15 18 19
59 10 -1 21 27 31 38
4 6 -1 12 15 18 19
59 9 -1 21 26 31 37
4 6 -1 12 15 18 19
59 9 -1 20 25 30 37
5 6 -1 12 15 18 19
0 9 -1 20 24 29 36
5 6 -1 12 15 18 19
0 9 -1 20 23 29 36
5 6 -1 12 15 18 19
0 9 -1 20 23 29 36
5 6 -1 12 15 18 19
0 9 -1 19 22 28 35
5 6 -1 12 15 18 19
0 9 -1 19 23 27 34
31































1
По всем вопросам касающимся приложения обращайтесь по WhatsApp +79952867503
1
08.2026

      
	
