1
For advertising or questions send us e-mail kogdanamaz@gmail.com 
31
5 6 -1 13 16 19 21
14 37 -1 16 43 54 13
5 6 -1 13 16 19 21
15 37 -1 16 43 54 12
5 6 -1 13 16 19 21
16 38 -1 16 43 53 11
5 6 -1 13 16 19 21
16 38 -1 16 43 53 10
5 6 -1 13 16 19 21
17 39 -1 16 44 52 10
5 6 -1 13 16 19 21
18 39 -1 16 44 51 9
5 6 -1 13 16 19 21
18 39 -1 16 44 50 8
5 6 -1 13 16 19 21
19 40 -1 15 44 50 7
5 6 -1 13 16 19 21
20 40 -1 15 44 49 6
5 6 -1 13 16 19 21
20 41 -1 15 43 48 5
5 6 -1 13 16 19 21
21 41 -1 15 43 47 4
5 6 -1 13 16 19 21
22 42 -1 15 43 47 3
5 6 -1 13 16 19 21
22 42 -1 15 43 46 2
5 6 -1 13 16 19 21
23 43 -1 14 43 45 1
5 6 -1 13 16 19 21
24 43 -1 14 43 44 0
5 6 -1 13 16 19 20
24 43 -1 14 43 43 59
5 6 -1 13 16 19 20
25 44 -1 14 43 42 58
5 6 -1 13 16 19 20
25 44 -1 14 43 42 57
5 6 -1 13 16 19 20
26 45 -1 13 42 41 56
5 6 -1 13 16 19 20
27 45 -1 13 42 40 55
5 6 -1 13 16 19 20
27 46 -1 13 42 39 54
5 6 -1 13 16 19 20
28 46 -1 13 42 38 53
5 6 -1 13 16 19 20
28 46 -1 12 42 37 52
5 6 -1 13 16 19 20
29 47 -1 12 41 36 51
5 6 -1 13 16 19 20
30 47 -1 12 41 35 49
5 6 -1 13 16 19 20
30 48 -1 12 41 34 48
5 6 -1 13 16 19 20
31 48 -1 11 41 33 47
5 6 -1 13 16 19 20
31 48 -1 11 40 32 46
5 6 -1 13 16 19 20
32 49 -1 11 40 31 45
5 6 -1 13 16 19 20
32 49 -1 10 40 30 44
5 6 -1 13 16 19 20
33 50 -1 10 39 29 43
31































1
По всем вопросам касающимся приложения обращайтесь по WhatsApp +79952867503
1
08.2026

      
	
