1
For advertising or questions send us e-mail kogdanamaz@gmail.com 
30
4 5 -1 11 14 18 19
36 45 -1 53 56 0 6
4 5 -1 11 14 18 19
36 45 -1 53 55 0 5
4 5 -1 11 14 17 19
36 45 -1 52 54 59 5
4 5 -1 11 14 17 19
36 44 -1 52 54 59 4
4 5 -1 11 14 17 19
35 44 -1 52 54 58 4
4 5 -1 11 14 17 19
35 44 -1 51 54 57 3
4 5 -1 11 14 17 19
35 44 -1 51 55 57 3
4 5 -1 11 14 17 19
35 44 -1 51 55 56 2
4 5 -1 11 14 17 19
35 44 -1 50 55 56 1
4 5 -1 11 14 17 19
35 43 -1 50 55 55 1
4 5 -1 11 14 17 19
35 43 -1 50 56 55 0
4 5 -1 11 14 17 19
35 43 -1 49 56 54 0
4 5 -1 11 14 17 18
35 43 -1 49 56 54 59
4 5 -1 11 14 17 18
34 43 -1 49 56 53 59
4 5 -1 11 14 17 18
34 43 -1 48 56 53 58
4 5 -1 11 14 17 18
34 42 -1 48 57 52 57
4 5 -1 11 14 17 18
34 42 -1 47 57 52 57
4 5 -1 11 14 17 18
34 42 -1 47 57 51 56
4 5 -1 11 14 17 18
34 42 -1 47 57 51 56
4 5 -1 11 14 17 18
34 42 -1 46 57 50 55
4 5 -1 11 14 17 18
33 42 -1 46 57 49 55
4 5 -1 11 14 17 18
33 41 -1 46 57 49 54
4 5 -1 11 14 17 18
33 41 -1 45 57 48 54
4 5 -1 11 14 17 18
33 41 -1 45 58 48 53
4 5 -1 11 14 17 18
33 41 -1 45 58 47 52
4 5 -1 11 14 17 18
33 41 -1 44 58 47 52
4 5 -1 11 14 17 18
32 41 -1 44 58 46 51
4 5 -1 11 14 17 18
32 40 -1 44 58 46 51
4 5 -1 11 14 17 18
32 40 -1 43 58 45 50
4 5 -1 11 14 17 18
32 40 -1 43 58 45 50
30






























1
По всем вопросам касающимся приложения обращайтесь по WhatsApp +79952867503
1
09.2026

      
	
