1
For advertising or questions send us e-mail kogdanamaz@gmail.com 
31
5 6 -1 12 15 18 19
8 16 -1 19 33 21 26
5 6 -1 12 15 18 19
8 16 -1 19 33 21 26
5 6 -1 12 15 18 19
8 16 -1 19 33 20 26
5 6 -1 12 15 18 19
8 16 -1 18 33 20 25
5 6 -1 12 15 18 19
7 16 -1 18 33 20 25
5 6 -1 12 15 18 19
7 16 -1 18 33 20 25
5 6 -1 12 15 18 19
7 15 -1 17 33 19 24
5 6 -1 12 15 18 19
7 15 -1 17 33 18 24
5 6 -1 12 15 18 19
7 15 -1 17 33 18 23
5 6 -1 12 15 18 19
6 15 -1 17 33 18 23
5 6 -1 12 15 18 19
6 15 -1 16 33 17 23
5 6 -1 12 15 18 19
6 15 -1 16 33 17 22
5 6 -1 12 15 18 19
6 14 -1 16 33 16 22
5 6 -1 12 15 18 19
6 14 -1 16 34 16 22
5 6 -1 12 15 18 19
6 14 -1 15 34 16 21
5 6 -1 12 15 18 19
5 14 -1 15 34 15 21
5 6 -1 12 15 18 19
5 14 -1 15 34 15 21
5 6 -1 12 15 18 19
5 14 -1 15 34 15 21
5 6 -1 12 15 18 19
5 14 -1 15 34 14 20
5 6 -1 12 15 18 19
5 14 -1 15 34 14 20
5 6 -1 12 15 18 19
5 14 -1 15 34 14 20
5 6 -1 12 15 18 19
5 14 -1 14 34 14 20
5 6 -1 12 15 18 19
5 14 -1 14 34 13 20
5 6 -1 12 15 18 19
4 14 -1 14 34 13 19
5 6 -1 12 15 18 19
4 14 -1 14 34 13 19
5 6 -1 12 15 18 19
4 14 -1 14 34 13 19
5 6 -1 12 15 18 19
4 14 -1 14 34 12 19
5 6 -1 12 15 18 19
4 14 -1 14 34 12 19
5 6 -1 12 15 18 19
4 14 -1 14 35 12 19
5 6 -1 12 15 18 19
4 14 -1 13 35 12 19
5 6 -1 12 15 18 19
4 14 -1 13 35 12 19
31































1
По всем вопросам касающимся приложения обращайтесь по WhatsApp +79952867503
1
10.2026

      
	
