1
For advertising or questions send us e-mail kogdanamaz@gmail.com 
30
4 5 -1 12 15 18 20
3 21 -1 20 45 57 27
4 5 -1 12 15 18 20
4 22 -1 20 44 56 26
4 5 -1 12 15 18 20
6 23 -1 20 43 55 25
4 5 -1 12 15 18 20
8 24 -1 20 42 54 24
4 5 -1 12 15 18 20
9 25 -1 20 41 53 23
4 5 -1 12 15 18 20
11 26 -1 20 40 51 21
4 5 -1 12 15 18 20
12 27 -1 20 39 48 18
4 5 -1 12 15 18 20
13 28 -1 20 38 46 16
4 5 -1 12 15 18 20
14 29 -1 20 37 43 13
4 5 -1 12 15 18 20
15 31 -1 20 36 41 11
4 5 -1 12 15 18 20
17 32 -1 20 35 39 9
4 5 -1 12 15 18 20
18 33 -1 20 34 37 7
4 5 -1 12 15 18 20
19 34 -1 20 33 35 5
4 5 -1 12 15 18 20
20 35 -1 20 32 33 3
4 5 -1 12 15 18 20
21 36 -1 20 32 33 3
4 5 -1 12 15 18 19
21 37 -1 20 30 29 59
4 5 -1 12 15 18 19
25 38 -1 20 29 29 57
4 5 -1 12 15 18 19
26 39 -1 20 27 27 56
4 5 -1 12 15 18 19
27 41 -1 20 26 26 55
4 5 -1 12 15 18 19
28 42 -1 20 25 25 54
4 5 -1 12 15 18 19
30 43 -1 20 24 24 53
4 5 -1 12 15 18 19
31 44 -1 20 23 23 51
4 5 -1 12 15 18 19
32 45 -1 20 21 21 48
4 5 -1 12 15 18 19
33 46 -1 20 20 18 46
4 5 -1 12 15 18 19
34 47 -1 20 19 16 44
4 5 -1 12 15 18 19
35 48 -1 20 18 14 43
4 5 -1 12 15 18 19
36 49 -1 20 17 13 42
4 5 -1 12 15 18 19
37 51 -1 20 15 12 41
4 5 -1 12 15 18 19
38 52 -1 20 14 11 41
4 5 -1 12 15 18 19
39 53 -1 20 13 10 40
30






























1
По всем вопросам касающимся приложения обращайтесь по WhatsApp +79952867503
1
09.2026

      
	
