1
For advertising or questions send us e-mail kogdanamaz@gmail.com 
30
4 5 -1 12 15 18 19
41 53 -1 8 27 21 30
4 5 -1 12 15 18 19
41 53 -1 7 27 20 29
4 5 -1 12 15 18 19
42 54 -1 7 27 19 28
4 5 -1 12 15 18 19
42 54 -1 7 26 19 27
4 5 -1 12 15 18 19
42 54 -1 6 26 18 26
4 5 -1 12 15 18 19
42 54 -1 6 26 17 25
4 5 -1 12 15 18 19
43 54 -1 6 26 16 25
4 5 -1 12 15 18 19
43 54 -1 5 26 15 24
4 5 -1 12 15 18 19
43 54 -1 5 26 14 23
4 5 -1 12 15 18 19
43 54 -1 5 26 14 22
4 5 -1 12 15 18 19
43 55 -1 4 25 13 21
4 5 -1 12 15 18 19
44 55 -1 4 25 12 20
4 5 -1 12 15 18 19
44 55 -1 4 25 11 19
4 5 -1 12 15 18 19
44 55 -1 3 25 10 18
4 5 -1 12 15 18 19
44 55 -1 3 25 9 17
4 5 -1 12 15 18 19
44 55 -1 3 24 9 17
4 5 -1 12 15 18 19
44 55 -1 2 24 8 16
4 5 -1 12 15 18 19
45 55 -1 2 24 7 15
4 5 -1 12 15 18 19
45 56 -1 1 23 6 14
4 5 -1 12 15 18 19
45 56 -1 1 23 5 13
4 5 -1 12 15 18 19
45 56 -1 1 23 5 12
4 5 -1 12 15 18 19
45 56 -1 0 23 4 11
4 5 -1 12 15 18 19
45 56 -1 0 22 3 11
4 5 -1 12 15 18 19
46 56 -1 0 22 2 10
4 5 -1 11 15 18 19
46 56 -1 59 22 1 9
4 5 -1 11 15 18 19
46 56 -1 59 21 0 8
4 5 -1 11 15 18 19
46 57 -1 59 21 0 7
4 5 -1 11 15 17 19
46 57 -1 58 21 59 6
4 5 -1 11 15 17 19
46 57 -1 58 20 58 6
4 5 -1 11 15 17 19
46 57 -1 58 20 57 5
30






























1
По всем вопросам касающимся приложения обращайтесь по WhatsApp +79952867503
1
09.2026

      
	
