1
For advertising or questions send us e-mail kogdanamaz@gmail.com 
31
5 7 -1 13 17 19 21
55 19 -1 33 5 46 5
5 7 -1 13 17 19 21
53 17 -1 32 5 47 6
5 7 -1 13 17 19 21
52 16 -1 32 5 48 7
5 7 -1 13 17 19 21
50 15 -1 32 5 48 8
5 7 -1 13 17 19 21
49 13 -1 31 5 49 9
5 7 -1 13 17 19 21
49 13 -1 31 5 49 9
5 7 -1 13 17 19 21
46 11 -1 31 5 51 11
5 7 -1 13 17 19 21
44 9 -1 31 5 51 12
5 7 -1 13 17 19 21
43 8 -1 30 6 52 12
5 7 -1 13 17 19 21
41 7 -1 30 6 53 13
5 7 -1 13 17 19 21
40 6 -1 30 6 54 14
5 7 -1 13 17 19 21
39 4 -1 30 6 54 15
5 7 -1 13 17 19 21
37 3 -1 29 6 55 16
5 7 -1 13 17 19 21
36 2 -1 29 6 56 17
5 7 -1 13 17 19 21
34 1 -1 29 6 57 18
5 6 -1 13 17 19 21
33 59 -1 29 6 57 19
5 6 -1 13 17 19 21
31 58 -1 28 6 58 20
5 6 -1 13 17 19 21
30 57 -1 28 7 59 21
5 6 -1 13 17 20 21
28 56 -1 28 7 0 22
5 6 -1 13 17 20 21
27 55 -1 28 7 1 23
5 6 -1 13 17 20 21
27 55 -1 28 7 1 23
5 6 -1 13 17 20 21
24 52 -1 28 7 2 26
5 6 -1 13 17 20 21
23 51 -1 27 7 3 27
5 6 -1 13 17 20 21
21 50 -1 27 7 4 28
5 6 -1 13 17 20 21
20 49 -1 27 7 5 29
5 6 -1 13 17 20 21
19 48 -1 27 8 6 30
5 6 -1 13 17 20 21
17 47 -1 27 8 7 31
5 6 -1 13 17 20 21
16 46 -1 27 8 8 32
5 6 -1 13 17 20 21
15 45 -1 27 8 8 33
5 6 -1 13 17 20 21
14 44 -1 27 8 9 34
5 6 -1 13 17 20 21
12 43 -1 27 8 10 36
31































1
По всем вопросам касающимся приложения обращайтесь по WhatsApp +79952867503
1
10.2026

      
	