1
For advertising or questions send us e-mail kogdanamaz@gmail.com 
31
6 7 -1 12 15 18 19
21 49 -1 59 47 8 32
6 7 -1 12 15 18 19
20 48 -1 59 48 9 33
6 7 -1 12 15 18 19
19 47 -1 59 48 10 34
6 7 -1 12 15 18 19
18 46 -1 59 49 10 34
6 7 -1 12 15 18 19
17 45 -1 59 50 11 35
6 7 -1 12 15 18 19
16 44 -1 59 50 12 36
6 7 -1 12 15 18 19
15 43 -1 58 51 13 36
6 7 -1 12 15 18 19
14 42 -1 58 52 14 37
6 7 -1 12 15 18 19
13 41 -1 58 52 14 38
6 7 -1 12 15 18 19
12 40 -1 58 53 15 38
6 7 -1 12 15 18 19
11 39 -1 58 53 16 39
6 7 -1 12 15 18 19
10 38 -1 58 54 17 40
6 7 -1 12 15 18 19
9 37 -1 57 55 18 40
6 7 -1 12 15 18 19
8 35 -1 57 55 18 41
6 7 -1 12 15 18 19
7 34 -1 57 56 19 42
6 7 -1 12 15 18 19
6 33 -1 57 56 20 43
6 7 -1 12 15 18 19
5 32 -1 57 57 21 43
6 7 -1 12 15 18 19
4 31 -1 56 57 22 44
6 7 -1 12 15 18 19
3 29 -1 56 58 23 45
6 7 -1 12 15 18 19
1 28 -1 56 59 23 45
6 7 -1 12 15 18 19
0 27 -1 56 59 24 46
5 7 -1 12 16 18 19
59 25 -1 55 0 25 47
5 7 -1 12 16 18 19
58 24 -1 55 0 26 48
5 7 -1 12 16 18 19
56 23 -1 55 1 27 48
5 7 -1 12 16 18 19
55 21 -1 55 1 27 49
5 7 -1 12 16 18 19
54 20 -1 54 2 28 50
5 7 -1 12 16 18 19
53 19 -1 54 2 29 51
5 7 -1 12 16 18 19
51 17 -1 54 3 30 51
5 7 -1 12 16 18 19
50 16 -1 53 3 31 52
5 7 -1 12 16 18 19
48 14 -1 53 4 31 53
5 7 -1 12 16 18 19
47 13 -1 53 4 32 54
31































1
По всем вопросам касающимся приложения обращайтесь по WhatsApp +79952867503
1
08.2026

      
	
