1
For advertising or questions send us e-mail kogdanamaz@gmail.com 
31
5 6 -1 12 15 18 19
3 14 -1 23 43 30 38
5 6 -1 12 15 18 19
2 13 -1 22 43 30 39
5 6 -1 12 15 18 19
1 13 -1 22 42 31 39
5 6 -1 12 15 18 19
0 12 -1 22 42 31 39
4 6 -1 12 15 18 19
59 11 -1 21 41 31 39
4 6 -1 12 15 18 19
58 10 -1 21 41 31 39
4 6 -1 12 15 18 19
58 10 -1 21 40 31 40
4 6 -1 12 15 18 19
57 9 -1 20 40 31 40
4 6 -1 12 15 18 19
56 8 -1 20 39 32 40
4 6 -1 12 15 18 19
55 7 -1 20 38 32 41
4 6 -1 12 15 18 19
54 7 -1 20 38 32 41
4 6 -1 12 15 18 19
53 6 -1 19 37 32 41
4 6 -1 12 15 18 19
53 5 -1 19 37 32 41
4 6 -1 12 15 18 19
52 5 -1 19 36 33 42
4 6 -1 12 15 18 19
51 4 -1 19 36 33 42
4 6 -1 12 15 18 19
50 3 -1 19 35 33 42
4 6 -1 12 15 18 19
50 3 -1 18 35 33 43
4 6 -1 12 15 18 19
49 2 -1 18 34 34 43
4 6 -1 12 15 18 19
48 1 -1 18 34 34 44
4 6 -1 12 15 18 19
47 1 -1 18 33 34 44
4 6 -1 12 15 18 19
47 0 -1 18 33 34 44
4 5 -1 12 15 18 19
46 59 -1 18 32 35 45
4 5 -1 12 15 18 19
45 59 -1 17 32 35 45
4 5 -1 12 15 18 19
44 58 -1 17 31 35 46
4 5 -1 12 15 18 19
44 58 -1 17 31 36 46
4 5 -1 12 15 18 19
43 57 -1 17 30 36 47
4 5 -1 12 15 18 19
42 57 -1 17 30 36 47
4 5 -1 12 15 18 19
42 56 -1 17 29 37 47
4 5 -1 12 15 18 19
41 56 -1 17 29 37 48
4 5 -1 12 15 18 19
41 55 -1 17 28 37 48
4 5 -1 12 15 18 19
40 55 -1 17 28 38 49
31































1
По всем вопросам касающимся приложения обращайтесь по WhatsApp +79952867503
1
10.2026

      
	