1
For advertising or questions send us e-mail kogdanamaz@gmail.com 
31
4 5 -1 12 15 18 19
42 54 -1 3 25 11 19
4 5 -1 12 15 18 19
41 53 -1 2 24 11 20
4 5 -1 12 15 18 19
40 52 -1 2 24 11 20
4 5 -1 12 15 18 19
39 51 -1 2 23 11 20
4 5 -1 12 15 18 19
38 51 -1 1 23 11 20
4 5 -1 12 15 18 19
37 50 -1 1 22 12 21
4 5 -1 12 15 18 19
36 49 -1 1 22 12 21
4 5 -1 12 15 18 19
36 48 -1 1 21 12 21
4 5 -1 12 15 18 19
35 47 -1 0 21 12 22
4 5 -1 12 15 18 19
34 47 -1 0 20 13 22
4 5 -1 12 15 18 19
33 46 -1 0 20 13 22
4 5 -1 12 15 18 19
32 45 -1 0 19 13 23
4 5 -1 11 15 18 19
31 44 -1 59 19 13 23
4 5 -1 11 15 18 19
30 44 -1 59 19 14 23
4 5 -1 11 15 18 19
30 43 -1 59 18 14 24
4 5 -1 11 15 18 19
29 42 -1 59 18 14 24
4 5 -1 11 15 18 19
28 42 -1 58 17 14 24
4 5 -1 11 15 18 19
27 41 -1 58 17 15 25
4 5 -1 11 15 18 19
26 40 -1 58 16 15 25
4 5 -1 11 15 18 19
26 40 -1 58 16 15 26
4 5 -1 11 15 18 19
25 39 -1 58 15 16 26
4 5 -1 11 15 18 19
24 38 -1 58 15 16 27
4 5 -1 11 15 18 19
23 38 -1 57 14 16 27
4 5 -1 11 15 18 19
23 37 -1 57 14 17 28
4 5 -1 11 15 18 19
22 37 -1 57 13 17 28
4 5 -1 11 15 18 19
21 36 -1 57 13 17 29
4 5 -1 11 15 18 19
20 35 -1 57 13 18 29
4 5 -1 11 15 18 19
20 35 -1 57 12 18 30
4 5 -1 11 15 18 19
19 34 -1 57 12 19 30
4 5 -1 11 15 18 19
18 34 -1 57 11 19 31
4 5 -1 11 15 18 19
18 33 -1 57 11 19 31
31































1
По всем вопросам касающимся приложения обращайтесь по WhatsApp +79952867503
1
10.2026

      
	
