1
For advertising or questions send us e-mail kogdanamaz@gmail.com 
31
4 5 -1 12 15 18 19
29 43 -1 5 21 26 37
4 5 -1 12 15 18 19
30 44 -1 5 20 26 36
4 5 -1 12 15 18 19
30 44 -1 5 19 25 36
4 5 -1 12 15 18 19
30 44 -1 5 19 25 35
4 5 -1 12 15 18 19
30 44 -1 5 18 24 35
4 5 -1 12 15 18 19
31 44 -1 5 17 24 34
4 5 -1 12 15 18 19
31 45 -1 5 17 24 34
4 5 -1 12 15 18 19
31 45 -1 5 16 23 33
4 5 -1 12 15 18 19
32 45 -1 4 15 23 33
4 5 -1 12 15 18 19
32 45 -1 4 14 22 32
4 5 -1 12 15 18 19
32 45 -1 4 13 22 32
4 5 -1 12 15 18 19
33 45 -1 4 12 21 31
4 5 -1 12 15 18 19
33 45 -1 4 12 21 30
4 5 -1 12 15 18 19
33 46 -1 4 11 20 30
4 5 -1 12 15 18 19
33 46 -1 3 10 20 29
4 5 -1 12 15 18 19
34 46 -1 3 9 19 28
4 5 -1 12 15 18 19
34 46 -1 3 8 19 28
4 5 -1 12 15 18 19
34 46 -1 3 9 18 27
4 5 -1 12 15 18 19
34 46 -1 2 9 18 26
4 5 -1 12 15 18 19
34 46 -1 2 9 17 26
4 5 -1 12 15 18 19
35 46 -1 2 9 16 25
4 5 -1 12 15 18 19
35 46 -1 2 10 16 24
4 5 -1 12 15 18 19
35 46 -1 1 10 15 24
4 5 -1 12 15 18 19
35 47 -1 1 10 15 23
4 5 -1 12 15 18 19
35 47 -1 1 10 14 22
4 5 -1 12 15 18 19
36 47 -1 1 10 13 21
4 5 -1 12 15 18 19
36 47 -1 0 11 13 21
4 5 -1 12 15 18 19
36 47 -1 0 11 12 20
4 5 -1 12 15 18 19
36 47 -1 0 11 12 19
4 5 -1 11 15 18 19
36 47 -1 59 11 11 19
4 5 -1 11 15 18 19
36 47 -1 59 11 10 18
31































1
По всем вопросам касающимся приложения обращайтесь по WhatsApp +79952867503
1
08.2026

      
	
