1
For advertising or questions send us e-mail kogdanamaz@gmail.com 
30
5 6 -1 12 15 18 19
2 11 -1 15 28 18 23
5 6 -1 12 15 18 19
2 10 -1 14 27 18 23
5 6 -1 12 15 18 19
1 10 -1 14 26 17 22
5 6 -1 12 15 18 19
1 9 -1 13 25 17 22
5 6 -1 12 15 18 19
1 9 -1 13 24 16 21
5 6 -1 12 15 18 19
0 9 -1 13 23 16 21
5 6 -1 12 15 18 19
0 8 -1 12 22 16 21
5 6 -1 12 15 18 19
0 8 -1 12 22 15 20
4 6 -1 12 15 18 19
59 8 -1 12 21 15 20
4 6 -1 12 15 18 19
59 7 -1 11 20 15 19
4 6 -1 12 15 18 19
59 7 -1 11 19 14 19
4 6 -1 12 15 18 19
59 6 -1 11 18 14 19
4 6 -1 12 15 18 19
58 6 -1 10 17 13 18
4 6 -1 12 15 18 19
58 6 -1 10 16 13 18
4 6 -1 12 15 18 19
58 5 -1 10 15 13 18
4 6 -1 12 15 18 19
58 5 -1 10 15 13 18
4 6 -1 12 15 18 19
57 5 -1 9 14 12 17
4 6 -1 12 15 18 19
56 4 -1 8 12 12 16
4 6 -1 12 15 18 19
56 4 -1 8 11 11 16
4 6 -1 12 15 18 19
56 4 -1 8 9 11 16
4 6 -1 12 15 18 19
55 3 -1 7 8 11 15
4 6 -1 12 15 18 19
55 3 -1 7 7 10 15
4 6 -1 12 15 18 19
55 2 -1 7 7 10 15
4 6 -1 12 15 18 19
54 2 -1 6 8 10 14
4 6 -1 12 15 18 19
54 2 -1 6 8 9 14
4 6 -1 12 15 18 19
54 1 -1 6 9 9 14
4 6 -1 12 15 18 19
53 1 -1 5 9 9 13
4 6 -1 12 15 18 19
53 1 -1 5 9 8 13
4 6 -1 12 15 18 19
53 0 -1 5 10 8 13
4 6 -1 12 15 18 19
52 0 -1 4 10 8 13
30






























1
По всем вопросам касающимся приложения обращайтесь по WhatsApp +79952867503
1
09.2026

      
	
