1
For advertising or questions send us e-mail kogdanamaz@gmail.com 
31
5 6 -1 12 15 18 19
14 25 -1 26 49 27 35
5 6 -1 12 15 18 19
14 25 -1 26 49 27 35
5 6 -1 12 15 18 19
14 25 -1 26 49 27 35
5 6 -1 12 15 18 19
14 25 -1 26 49 27 35
5 6 -1 12 15 18 19
13 24 -1 26 48 27 34
5 6 -1 12 15 18 19
13 24 -1 26 48 27 34
5 6 -1 12 15 18 19
13 24 -1 26 48 27 34
5 6 -1 12 15 18 19
13 24 -1 26 47 27 34
5 6 -1 12 15 18 19
13 24 -1 26 47 27 34
5 6 -1 12 15 18 19
13 23 -1 25 47 26 34
5 6 -1 12 15 18 19
13 23 -1 25 46 26 33
5 6 -1 12 15 18 19
13 23 -1 25 46 26 33
5 6 -1 12 15 18 19
13 23 -1 25 46 26 33
5 6 -1 12 15 18 19
13 23 -1 25 45 26 33
5 6 -1 12 15 18 19
12 22 -1 25 45 26 32
5 6 -1 12 15 18 19
12 22 -1 24 44 26 32
5 6 -1 12 15 18 19
12 22 -1 24 44 26 32
5 6 -1 12 15 18 19
12 22 -1 24 44 25 32
5 6 -1 12 15 18 19
12 21 -1 24 43 25 31
5 6 -1 12 15 18 19
12 21 -1 23 42 25 31
5 6 -1 12 15 18 19
11 21 -1 23 42 25 31
5 6 -1 12 15 18 19
11 20 -1 23 41 24 31
5 6 -1 12 15 18 19
11 20 -1 23 41 24 30
5 6 -1 12 15 18 19
11 20 -1 22 40 24 30
5 6 -1 12 15 18 19
10 19 -1 22 40 24 30
5 6 -1 12 15 18 19
10 19 -1 22 39 24 29
5 6 -1 12 15 18 19
10 19 -1 21 38 23 29
5 6 -1 12 15 18 19
10 18 -1 21 38 23 29
5 6 -1 12 15 18 19
9 18 -1 21 37 23 28
5 6 -1 12 15 18 19
9 18 -1 21 36 23 28
5 6 -1 12 15 18 19
9 17 -1 20 36 22 28
31































1
По всем вопросам касающимся приложения обращайтесь по WhatsApp +79952867503
1
08.2026

      
	
