1
For advertising or questions send us e-mail kogdanamaz@gmail.com 
30
4 5 -1 12 15 18 19
43 53 -1 5 18 16 24
4 5 -1 12 15 18 19
43 53 -1 5 18 15 23
4 5 -1 12 15 18 19
43 53 -1 5 18 15 22
4 5 -1 12 15 18 19
43 53 -1 4 18 14 21
4 5 -1 12 15 18 19
43 53 -1 4 18 13 21
4 5 -1 12 15 18 19
43 53 -1 4 18 13 20
4 5 -1 12 15 18 19
43 53 -1 3 18 12 19
4 5 -1 12 15 18 19
43 53 -1 3 18 11 18
4 5 -1 12 15 18 19
43 53 -1 3 18 11 18
4 5 -1 12 15 18 19
44 53 -1 2 18 10 17
4 5 -1 12 15 18 19
44 53 -1 2 18 9 16
4 5 -1 12 15 18 19
44 53 -1 2 18 8 15
4 5 -1 12 15 18 19
44 53 -1 1 18 8 14
4 5 -1 12 15 18 19
44 53 -1 1 18 7 14
4 5 -1 12 15 18 19
44 53 -1 0 18 6 13
4 5 -1 12 15 18 19
44 53 -1 0 18 6 12
4 5 -1 12 15 18 19
44 53 -1 0 17 5 11
4 5 -1 11 15 18 19
44 53 -1 59 17 4 11
4 5 -1 11 15 18 19
44 53 -1 59 17 3 10
4 5 -1 11 15 18 19
44 53 -1 59 17 3 9
4 5 -1 11 15 18 19
44 53 -1 58 17 2 8
4 5 -1 11 15 18 19
44 53 -1 58 17 1 8
4 5 -1 11 15 18 19
44 53 -1 58 17 1 7
4 5 -1 11 15 18 19
44 54 -1 57 17 0 6
4 5 -1 11 15 17 19
44 54 -1 57 16 59 6
4 5 -1 11 15 17 19
44 54 -1 57 16 58 5
4 5 -1 11 15 17 19
44 54 -1 56 16 58 4
4 5 -1 11 15 17 19
44 54 -1 56 16 57 3
4 5 -1 11 15 17 19
44 54 -1 56 16 56 3
4 5 -1 11 15 17 19
44 54 -1 55 15 56 2
30






























1
По всем вопросам касающимся приложения обращайтесь по WhatsApp +79952867503
1
09.2026

      
	
