1
For advertising or questions send us e-mail kogdanamaz@gmail.com 
31
4 5 -1 11 15 17 19
46 57 -1 58 20 57 5
4 5 -1 11 15 17 19
46 57 -1 57 19 55 3
4 5 -1 11 15 17 19
47 58 -1 57 19 54 2
4 5 -1 11 15 17 19
47 58 -1 56 19 54 2
4 5 -1 11 15 17 19
47 58 -1 56 18 53 1
4 5 -1 11 15 17 19
47 58 -1 56 18 52 0
4 5 -1 11 15 17 18
47 58 -1 55 18 51 59
4 5 -1 11 15 17 18
47 59 -1 55 17 50 59
4 5 -1 11 15 17 18
48 59 -1 55 17 50 58
4 5 -1 11 15 17 18
48 59 -1 55 16 49 57
4 5 -1 11 15 17 18
48 59 -1 54 16 48 56
4 6 -1 11 15 17 18
48 0 -1 54 16 47 56
4 6 -1 11 15 17 18
48 0 -1 54 15 47 55
4 6 -1 11 15 17 18
49 0 -1 54 15 46 54
4 6 -1 11 15 17 18
49 0 -1 54 15 46 54
4 6 -1 11 15 17 18
49 0 -1 53 14 45 54
4 6 -1 11 15 17 18
49 1 -1 53 14 44 52
4 6 -1 11 15 17 18
50 1 -1 53 13 43 52
4 6 -1 11 15 17 18
50 1 -1 53 13 43 51
4 6 -1 11 15 17 18
50 2 -1 52 13 42 51
4 6 -1 11 15 17 18
50 2 -1 52 12 41 50
4 6 -1 11 15 17 18
50 2 -1 52 12 41 50
4 6 -1 11 15 17 18
51 3 -1 52 12 40 49
4 6 -1 11 15 17 18
51 3 -1 52 11 39 48
4 6 -1 11 15 17 18
51 3 -1 52 11 39 48
4 6 -1 11 15 17 18
52 4 -1 52 11 38 47
4 6 -1 11 15 17 18
52 4 -1 52 10 38 47
4 6 -1 11 15 17 18
52 4 -1 51 10 37 47
4 6 -1 11 15 17 18
52 5 -1 51 10 37 46
4 6 -1 11 15 17 18
52 5 -1 51 10 37 46
4 6 -1 11 15 17 18
53 5 -1 51 9 36 46
31































1
По всем вопросам касающимся приложения обращайтесь по WhatsApp +79952867503
1
10.2026

      
	
