1
For advertising or questions send us e-mail kogdanamaz@gmail.com 
30
3 6 -1 13 17 20 23
15 9 -1 27 7 43 21
3 6 -1 13 17 20 23
16 12 -1 27 5 39 19
3 6 -1 13 17 20 23
17 15 -1 27 3 35 17
3 6 -1 13 17 20 23
18 18 -1 26 1 32 15
3 6 -1 13 16 20 23
19 21 -1 26 58 28 14
3 6 -1 13 16 20 23
20 24 -1 26 56 25 12
3 6 -1 13 16 20 23
21 27 -1 25 54 21 10
3 6 -1 13 16 20 23
22 30 -1 25 52 18 25
3 6 -1 13 16 20 23
22 33 -1 25 49 14 18
3 6 -1 13 16 20 23
23 36 -1 24 47 10 12
3 6 -1 13 16 20 23
26 38 -1 24 45 7 6
3 6 -1 13 16 20 23
26 38 -1 24 45 7 6
3 6 -1 13 16 20 23
32 41 -1 24 42 3 0
3 6 -1 13 16 19 22
43 47 -1 23 38 56 48
3 6 -1 13 16 19 22
48 50 -1 23 35 53 43
3 6 -1 13 16 19 22
53 53 -1 22 33 49 38
3 6 -1 13 16 19 22
58 56 -1 22 30 45 32
4 6 -1 13 16 19 22
3 59 -1 22 28 42 27
4 7 -1 13 16 19 22
7 1 -1 21 26 38 22
4 7 -1 13 16 19 22
12 4 -1 21 23 35 17
4 7 -1 13 16 19 22
16 7 -1 20 21 31 13
4 7 -1 13 16 19 22
20 10 -1 20 18 28 8
4 7 -1 13 16 19 22
24 13 -1 20 16 24 3
4 7 -1 13 16 19 21
29 16 -1 19 13 20 59
4 7 -1 13 16 19 21
32 19 -1 19 11 17 54
4 7 -1 13 16 19 21
36 22 -1 19 8 13 50
4 7 -1 13 16 19 21
36 22 -1 19 8 13 50
4 7 -1 13 16 19 21
40 24 -1 18 6 10 45
4 7 -1 13 16 19 21
48 30 -1 18 0 3 37
4 7 -1 13 15 18 21
51 33 -1 17 58 59 33
30






























1
По всем вопросам касающимся приложения обращайтесь по WhatsApp +79952867503
1
09.2026

      
	
