1
For advertising or questions send us e-mail kogdanamaz@gmail.com 
30
5 6 -1 12 15 18 19
14 25 -1 36 47 46 53
5 6 -1 12 15 18 19
15 25 -1 36 47 46 53
5 6 -1 12 15 18 19
15 25 -1 35 47 45 52
5 6 -1 12 15 18 19
15 25 -1 35 47 44 51
5 6 -1 12 15 18 19
15 25 -1 35 47 44 51
5 6 -1 12 15 18 19
15 25 -1 34 47 43 50
5 6 -1 12 15 18 19
15 25 -1 34 47 42 49
5 6 -1 12 15 18 19
15 25 -1 34 47 42 48
5 6 -1 12 15 18 19
15 25 -1 33 47 41 48
5 6 -1 12 15 18 19
15 25 -1 33 47 40 47
5 6 -1 12 15 18 19
15 25 -1 33 47 40 46
5 6 -1 12 15 18 19
15 25 -1 32 47 39 45
5 6 -1 12 15 18 19
15 25 -1 32 47 38 45
5 6 -1 12 15 18 19
15 24 -1 32 47 38 44
5 6 -1 12 15 18 19
15 24 -1 31 47 37 43
5 6 -1 12 15 18 19
15 24 -1 31 47 36 43
5 6 -1 12 15 18 19
15 24 -1 31 47 35 42
5 6 -1 12 15 18 19
15 24 -1 30 47 35 41
5 6 -1 12 15 18 19
15 24 -1 30 47 34 40
5 6 -1 12 15 18 19
15 24 -1 29 47 33 40
5 6 -1 12 15 18 19
15 24 -1 29 47 33 39
5 6 -1 12 15 18 19
15 24 -1 29 47 32 38
5 6 -1 12 15 18 19
15 24 -1 28 47 31 38
5 6 -1 12 15 18 19
15 24 -1 28 46 31 37
5 6 -1 12 15 18 19
15 24 -1 28 46 30 36
5 6 -1 12 15 18 19
15 24 -1 27 46 29 35
5 6 -1 12 15 18 19
15 24 -1 27 46 29 35
5 6 -1 12 15 18 19
15 24 -1 27 46 28 34
5 6 -1 12 15 18 19
15 24 -1 26 46 27 33
5 6 -1 12 15 18 19
15 24 -1 26 46 27 33
30






























1
По всем вопросам касающимся приложения обращайтесь по WhatsApp +79952867503
1
09.2026

      
	
