1
For advertising or questions send us e-mail kogdanamaz@gmail.com 
30
5 6 -1 12 15 18 19
19 29 -1 41 52 51 58
5 6 -1 12 15 18 19
19 29 -1 40 52 50 58
5 6 -1 12 15 18 19
19 29 -1 40 52 50 57
5 6 -1 12 15 18 19
19 29 -1 40 52 49 56
5 6 -1 12 15 18 19
19 29 -1 39 52 48 55
5 6 -1 12 15 18 19
19 29 -1 39 52 48 55
5 6 -1 12 15 18 19
19 29 -1 39 52 47 54
5 6 -1 12 15 18 19
19 29 -1 38 52 46 53
5 6 -1 12 15 18 19
19 29 -1 38 52 46 52
5 6 -1 12 15 18 19
19 29 -1 37 52 45 52
5 6 -1 12 15 18 19
19 29 -1 37 52 44 51
5 6 -1 12 15 18 19
19 29 -1 37 52 44 50
5 6 -1 12 15 18 19
19 29 -1 36 52 43 49
5 6 -1 12 15 18 19
19 29 -1 36 52 42 49
5 6 -1 12 15 18 19
19 29 -1 36 52 41 48
5 6 -1 12 15 18 19
19 29 -1 35 52 41 47
5 6 -1 12 15 18 19
19 29 -1 35 52 40 46
5 6 -1 12 15 18 19
19 29 -1 35 52 39 46
5 6 -1 12 15 18 19
19 29 -1 34 52 39 45
5 6 -1 12 15 18 19
19 29 -1 34 52 38 44
5 6 -1 12 15 18 19
20 29 -1 34 52 37 44
5 6 -1 12 15 18 19
20 29 -1 33 52 37 43
5 6 -1 12 15 18 19
20 29 -1 33 51 36 42
5 6 -1 12 15 18 19
20 29 -1 33 51 35 41
5 6 -1 12 15 18 19
20 29 -1 32 51 34 41
5 6 -1 12 15 18 19
20 29 -1 32 51 34 40
5 6 -1 12 15 18 19
20 29 -1 31 51 33 39
5 6 -1 12 15 18 19
20 29 -1 31 51 32 39
5 6 -1 12 15 18 19
20 29 -1 31 50 32 38
5 6 -1 12 15 18 19
20 29 -1 30 50 31 37
30






























1
По всем вопросам касающимся приложения обращайтесь по WhatsApp +79952867503
1
09.2026

      
	
