1
For advertising or questions send us e-mail kogdanamaz@gmail.com 
31
5 6 -1 12 15 18 19
4 16 -1 16 39 15 23
5 6 -1 12 15 18 19
5 16 -1 15 38 13 22
5 6 -1 12 15 18 19
5 16 -1 15 38 12 21
5 6 -1 12 15 18 19
5 17 -1 15 37 12 20
5 6 -1 12 15 18 19
5 17 -1 14 37 11 19
5 6 -1 12 15 18 19
5 17 -1 14 36 10 18
5 6 -1 12 15 18 19
6 17 -1 14 36 9 18
5 6 -1 12 15 18 19
6 18 -1 13 36 8 17
5 6 -1 12 15 18 19
6 18 -1 13 35 7 16
5 6 -1 12 15 18 19
6 18 -1 13 35 7 15
5 6 -1 12 15 18 19
7 18 -1 13 34 6 15
5 6 -1 12 15 18 19
7 19 -1 12 34 5 14
5 6 -1 12 15 18 19
7 19 -1 12 33 4 13
5 6 -1 12 15 18 19
7 19 -1 12 33 4 12
5 6 -1 12 15 18 19
7 19 -1 12 33 4 12
5 6 -1 12 15 18 19
8 19 -1 12 33 3 12
5 6 -1 12 15 18 19
8 20 -1 11 32 1 10
5 6 -1 12 15 18 19
8 20 -1 11 31 1 10
5 6 -1 12 15 18 19
9 21 -1 11 31 0 9
5 6 -1 12 15 17 19
9 21 -1 11 31 59 8
5 6 -1 12 15 17 19
9 21 -1 11 30 59 8
5 6 -1 12 15 17 19
9 22 -1 10 30 58 7
5 6 -1 12 15 17 19
10 22 -1 10 29 57 7
5 6 -1 12 15 17 19
10 23 -1 10 29 57 6
5 6 -1 12 15 17 19
10 23 -1 10 29 56 6
5 6 -1 12 15 17 19
11 23 -1 10 28 55 5
5 6 -1 12 15 17 19
11 24 -1 10 28 55 5
5 6 -1 12 15 17 19
11 24 -1 10 28 54 4
5 6 -1 12 15 17 19
12 25 -1 10 27 54 4
5 6 -1 12 15 17 19
12 25 -1 10 27 54 4
5 6 -1 12 15 17 19
12 25 -1 10 27 53 3
31































1
По всем вопросам касающимся приложения обращайтесь по WhatsApp +79952867503
1
10.2026

      
	
