1
For advertising or questions send us e-mail kogdanamaz@gmail.com 
30
4 5 -1 12 15 18 19
46 56 -1 6 14 16 23
4 5 -1 12 15 18 19
46 56 -1 6 14 15 22
4 5 -1 12 15 18 19
46 56 -1 6 15 15 21
4 5 -1 12 15 18 19
46 56 -1 5 15 14 21
4 5 -1 12 15 18 19
46 56 -1 5 15 13 20
4 5 -1 12 15 18 19
46 56 -1 5 15 13 19
4 5 -1 12 15 18 19
46 56 -1 4 15 12 19
4 5 -1 12 15 18 19
46 56 -1 4 15 11 18
4 5 -1 12 15 18 19
46 56 -1 4 15 11 17
4 5 -1 12 15 18 19
46 56 -1 3 15 10 16
4 5 -1 12 15 18 19
46 55 -1 3 15 10 16
4 5 -1 12 15 18 19
46 55 -1 3 16 9 15
4 5 -1 12 15 18 19
46 55 -1 2 16 8 14
4 5 -1 12 15 18 19
46 55 -1 2 16 8 14
4 5 -1 12 15 18 19
46 55 -1 2 16 7 13
4 5 -1 12 15 18 19
46 55 -1 1 16 6 12
4 5 -1 12 15 18 19
46 55 -1 1 16 6 12
4 5 -1 12 15 18 19
46 55 -1 1 16 5 11
4 5 -1 12 15 18 19
46 55 -1 0 16 4 10
4 5 -1 12 15 18 19
46 55 -1 0 16 4 10
4 5 -1 12 15 18 19
46 55 -1 0 16 3 9
4 5 -1 11 15 18 19
46 55 -1 59 15 2 8
4 5 -1 11 15 18 19
46 55 -1 59 15 2 8
4 5 -1 11 15 18 19
46 55 -1 58 15 1 7
4 5 -1 11 15 18 19
46 55 -1 58 15 1 6
4 5 -1 11 15 18 19
46 55 -1 58 15 0 6
4 5 -1 11 15 17 19
46 54 -1 57 15 59 5
4 5 -1 11 15 17 19
46 54 -1 57 15 59 4
4 5 -1 11 15 17 19
46 54 -1 57 15 58 4
4 5 -1 11 15 17 19
46 54 -1 56 15 57 3
30






























1
По всем вопросам касающимся приложения обращайтесь по WhatsApp +79952867503
1
09.2026

      
	
