1
For advertising or questions send us e-mail kogdanamaz@gmail.com 
31
5 6 -1 13 17 20 21
2 34 -1 26 7 17 44
5 6 -1 13 17 20 21
3 34 -1 26 7 16 43
5 6 -1 13 17 20 21
4 35 -1 26 7 15 41
5 6 -1 13 17 20 21
5 36 -1 26 6 14 40
5 6 -1 13 17 20 21
6 36 -1 26 6 14 39
5 6 -1 13 17 20 21
7 37 -1 25 6 13 38
5 6 -1 13 17 20 21
8 38 -1 25 6 12 37
5 6 -1 13 17 20 21
9 38 -1 25 6 11 36
5 6 -1 13 17 20 21
10 39 -1 25 5 10 34
5 6 -1 13 17 20 21
11 40 -1 25 5 9 33
5 6 -1 13 17 20 21
11 40 -1 25 5 9 33
5 6 -1 13 17 20 21
13 41 -1 25 5 7 31
5 6 -1 13 17 20 21
14 42 -1 24 4 6 29
5 6 -1 13 17 20 21
15 42 -1 24 4 5 28
5 6 -1 13 17 20 21
16 43 -1 24 4 4 27
5 6 -1 13 17 20 21
17 44 -1 24 3 3 25
5 6 -1 13 17 20 21
18 44 -1 24 3 2 24
5 6 -1 13 17 20 21
19 45 -1 23 2 0 23
5 6 -1 13 17 19 21
20 46 -1 23 2 59 21
5 6 -1 13 17 19 21
20 46 -1 23 2 58 20
5 6 -1 13 17 19 21
21 47 -1 23 1 57 19
5 6 -1 13 17 19 21
22 47 -1 22 1 56 17
5 6 -1 13 17 19 21
23 48 -1 22 0 55 16
5 6 -1 13 17 19 21
24 49 -1 22 0 54 14
5 6 -1 13 16 19 21
25 49 -1 22 59 52 13
5 6 -1 13 16 19 21
25 49 -1 22 59 52 13
5 6 -1 13 16 19 21
27 51 -1 21 58 50 10
5 6 -1 13 16 19 21
27 51 -1 21 57 49 9
5 6 -1 13 16 19 21
28 52 -1 20 57 47 7
5 6 -1 13 16 19 21
29 53 -1 20 56 46 6
5 6 -1 13 16 19 21
30 53 -1 20 56 45 5
31































1
По всем вопросам касающимся приложения обращайтесь по WhatsApp +79952867503
1
08.2026

      
	
