1
For advertising or questions send us e-mail kogdanamaz@gmail.com 
31
4 5 -1 11 15 17 19
46 56 -1 57 17 57 4
4 5 -1 11 15 17 19
46 56 -1 57 16 57 3
4 5 -1 11 15 17 19
46 56 -1 56 16 56 2
4 5 -1 11 15 17 19
46 56 -1 56 16 55 2
4 5 -1 11 15 17 19
46 56 -1 56 16 55 1
4 5 -1 11 15 17 19
46 56 -1 56 16 54 0
4 5 -1 11 15 17 19
46 56 -1 55 16 54 0
4 5 -1 11 15 17 18
46 56 -1 55 15 53 59
4 5 -1 11 15 17 18
47 56 -1 55 15 52 59
4 5 -1 11 15 17 18
47 56 -1 54 15 52 58
4 5 -1 11 15 17 18
47 56 -1 54 15 51 58
4 5 -1 11 15 17 18
47 56 -1 54 15 51 57
4 5 -1 11 15 17 18
47 56 -1 54 14 50 57
4 5 -1 11 15 17 18
47 56 -1 53 14 50 56
4 5 -1 11 15 17 18
47 56 -1 53 14 49 56
4 5 -1 11 15 17 18
47 56 -1 53 14 48 55
4 5 -1 11 15 17 18
47 56 -1 53 14 48 55
4 5 -1 11 15 17 18
47 57 -1 53 14 47 54
4 5 -1 11 15 17 18
47 57 -1 52 13 47 54
4 5 -1 11 15 17 18
47 57 -1 52 13 46 53
4 5 -1 11 15 17 18
47 57 -1 52 13 46 53
4 5 -1 11 15 17 18
47 57 -1 52 13 46 53
4 5 -1 11 15 17 18
47 57 -1 52 13 45 52
4 5 -1 11 15 17 18
47 58 -1 52 13 45 52
4 5 -1 11 15 17 18
47 58 -1 52 12 44 52
4 5 -1 11 15 17 18
47 58 -1 51 12 44 51
4 5 -1 11 15 17 18
48 58 -1 51 12 43 51
4 5 -1 11 15 17 18
48 58 -1 51 12 43 51
4 5 -1 11 15 17 18
48 59 -1 51 12 43 50
4 5 -1 11 15 17 18
48 59 -1 51 12 42 50
4 5 -1 11 15 17 18
48 59 -1 51 12 42 50
31































1
По всем вопросам касающимся приложения обращайтесь по WhatsApp +79952867503
1
10.2026

      
	