1
For advertising or questions send us e-mail kogdanamaz@gmail.com 
30
4 5 -1 12 15 18 19
41 53 -1 6 22 18 26
4 5 -1 12 15 18 19
41 53 -1 6 22 17 26
4 5 -1 12 15 18 19
42 53 -1 5 22 17 25
4 5 -1 12 15 18 19
42 53 -1 5 22 16 24
4 5 -1 12 15 18 19
42 53 -1 5 22 15 23
4 5 -1 12 15 18 19
42 53 -1 4 22 14 22
4 5 -1 12 15 18 19
42 53 -1 4 22 14 21
4 5 -1 12 15 18 19
42 53 -1 4 22 13 21
4 5 -1 12 15 18 19
43 53 -1 3 22 12 20
4 5 -1 12 15 18 19
43 53 -1 3 22 11 19
4 5 -1 12 15 18 19
43 53 -1 3 21 11 18
4 5 -1 12 15 18 19
43 53 -1 2 21 10 17
4 5 -1 12 15 18 19
43 54 -1 2 21 9 16
4 5 -1 12 15 18 19
43 54 -1 2 21 8 16
4 5 -1 12 15 18 19
43 54 -1 1 21 8 15
4 5 -1 12 15 18 19
43 54 -1 1 21 7 14
4 5 -1 12 15 18 19
44 54 -1 0 21 6 13
4 5 -1 12 15 18 19
44 54 -1 0 20 5 12
4 5 -1 12 15 18 19
44 54 -1 0 20 4 12
4 5 -1 11 15 18 19
44 54 -1 59 20 4 11
4 5 -1 11 15 18 19
44 54 -1 59 20 3 10
4 5 -1 11 15 18 19
44 54 -1 59 19 2 9
4 5 -1 11 15 18 19
44 54 -1 58 19 1 8
4 5 -1 11 15 18 19
44 54 -1 58 19 0 8
4 5 -1 11 15 18 19
44 54 -1 58 19 0 7
4 5 -1 11 15 17 19
44 54 -1 57 18 59 6
4 5 -1 11 15 17 19
45 55 -1 57 18 58 5
4 5 -1 11 15 17 19
45 55 -1 57 18 57 4
4 5 -1 11 15 17 19
45 55 -1 56 18 57 4
4 5 -1 11 15 17 19
45 55 -1 56 17 56 3
30






























1
По всем вопросам касающимся приложения обращайтесь по WhatsApp +79952867503
1
09.2026

      
	
