1
For advertising or questions send us e-mail kogdanamaz@gmail.com 
31
4 6 -1 11 15 17 19
29 1 -1 57 13 56 20
4 6 -1 11 15 17 19
31 2 -1 57 12 54 18
4 6 -1 11 15 17 19
32 3 -1 57 10 52 16
4 6 -1 11 15 17 19
33 5 -1 57 9 50 14
4 6 -1 11 15 17 19
34 6 -1 56 8 49 13
4 6 -1 11 15 17 19
35 7 -1 56 6 47 11
4 6 -1 11 15 17 19
37 8 -1 56 5 45 9
4 6 -1 11 15 17 19
38 9 -1 55 4 43 7
4 6 -1 11 15 17 19
39 11 -1 55 2 41 5
4 6 -1 11 15 17 19
40 12 -1 55 1 40 4
4 6 -1 11 15 17 19
42 13 -1 55 0 38 2
4 6 -1 11 14 17 19
43 14 -1 54 58 36 0
4 6 -1 11 14 17 18
44 16 -1 54 57 35 58
4 6 -1 11 14 17 18
45 17 -1 54 56 33 57
4 6 -1 11 14 17 18
46 18 -1 54 54 31 55
4 6 -1 11 14 17 18
48 19 -1 53 53 29 54
4 6 -1 11 14 17 18
49 21 -1 53 52 28 52
4 6 -1 11 14 17 18
50 22 -1 53 50 26 50
4 6 -1 11 14 17 18
51 23 -1 53 49 25 49
4 6 -1 11 14 17 18
52 24 -1 53 48 23 47
4 6 -1 11 14 17 18
54 26 -1 52 47 21 46
4 6 -1 11 14 17 18
55 27 -1 52 45 20 44
4 6 -1 11 14 17 18
56 28 -1 52 44 18 43
4 6 -1 11 14 17 18
57 29 -1 52 43 17 41
4 6 -1 11 14 17 18
58 31 -1 52 42 15 40
5 6 -1 11 14 17 18
0 32 -1 52 40 14 38
5 6 -1 11 14 17 18
1 33 -1 52 39 12 37
5 6 -1 11 14 17 18
2 35 -1 52 38 11 36
5 6 -1 11 14 17 18
3 36 -1 52 37 9 34
5 6 -1 11 14 17 18
4 37 -1 51 36 8 33
5 6 -1 11 14 17 18
5 38 -1 51 35 6 32
31































1
По всем вопросам касающимся приложения обращайтесь по WhatsApp +79952867503
1
10.2026

      
	
