1
For advertising or questions send us e-mail kogdanamaz@gmail.com 
30
4 5 -1 12 15 18 19
44 57 -1 11 31 25 34
4 5 -1 12 15 18 19
45 57 -1 11 30 24 33
4 5 -1 12 15 18 19
45 57 -1 11 30 23 32
4 5 -1 12 15 18 19
45 57 -1 10 30 22 31
4 5 -1 12 15 18 19
45 57 -1 10 30 21 30
4 5 -1 12 15 18 19
46 57 -1 10 30 21 29
4 5 -1 12 15 18 19
46 57 -1 9 30 20 28
4 5 -1 12 15 18 19
46 58 -1 9 30 19 28
4 5 -1 12 15 18 19
46 58 -1 9 29 18 27
4 5 -1 12 15 18 19
46 58 -1 8 29 17 26
4 5 -1 12 15 18 19
47 58 -1 8 29 17 25
4 5 -1 12 15 18 19
47 58 -1 8 29 16 24
4 5 -1 12 15 18 19
47 58 -1 7 29 15 23
4 5 -1 12 15 18 19
47 58 -1 7 28 14 22
4 5 -1 12 15 18 19
47 58 -1 6 28 13 21
4 5 -1 12 15 18 19
48 59 -1 6 28 12 20
4 5 -1 12 15 18 19
48 59 -1 6 28 12 19
4 5 -1 12 15 18 19
48 59 -1 5 27 11 19
4 5 -1 12 15 18 19
48 59 -1 5 27 10 18
4 5 -1 12 15 18 19
48 59 -1 5 27 9 17
4 5 -1 12 15 18 19
48 59 -1 4 27 8 16
4 5 -1 12 15 18 19
49 59 -1 4 26 7 15
4 5 -1 12 15 18 19
49 59 -1 4 26 6 14
4 6 -1 12 15 18 19
49 0 -1 3 26 6 13
4 6 -1 12 15 18 19
49 0 -1 3 25 5 13
4 6 -1 12 15 18 19
49 0 -1 3 25 4 12
4 6 -1 12 15 18 19
49 0 -1 2 25 3 11
4 6 -1 12 15 18 19
50 0 -1 2 24 2 10
4 6 -1 12 15 18 19
50 0 -1 2 24 2 9
4 6 -1 12 15 18 19
50 1 -1 1 24 1 8
30






























1
По всем вопросам касающимся приложения обращайтесь по WhatsApp +79952867503
1
09.2026

      
	
