1
For advertising or questions send us e-mail kogdanamaz@gmail.com 
30
4 6 -1 12 15 18 19
51 3 -1 19 40 33 43
4 6 -1 12 15 18 19
51 4 -1 19 40 32 42
4 6 -1 12 15 18 19
51 4 -1 18 39 31 41
4 6 -1 12 15 18 19
52 4 -1 18 39 30 40
4 6 -1 12 15 18 19
52 4 -1 18 39 30 39
4 6 -1 12 15 18 19
52 4 -1 17 39 29 38
4 6 -1 12 15 18 19
52 5 -1 17 39 28 37
4 6 -1 12 15 18 19
53 5 -1 17 39 27 36
4 6 -1 12 15 18 19
53 5 -1 16 38 26 35
4 6 -1 12 15 18 19
53 5 -1 16 38 25 34
4 6 -1 12 15 18 19
53 5 -1 15 38 25 33
4 6 -1 12 15 18 19
54 5 -1 15 38 24 32
4 6 -1 12 15 18 19
54 5 -1 15 37 23 31
4 6 -1 12 15 18 19
54 6 -1 14 37 22 30
4 6 -1 12 15 18 19
54 6 -1 14 37 21 30
4 6 -1 12 15 18 19
54 6 -1 14 37 20 29
4 6 -1 12 15 18 19
55 6 -1 13 36 19 28
4 6 -1 12 15 18 19
55 6 -1 13 36 18 27
4 6 -1 12 15 18 19
55 6 -1 13 36 18 26
4 6 -1 12 15 18 19
55 7 -1 12 35 17 25
4 6 -1 12 15 18 19
55 7 -1 12 35 16 24
4 6 -1 12 15 18 19
56 7 -1 12 35 15 23
4 6 -1 12 15 18 19
56 7 -1 11 34 14 22
4 6 -1 12 15 18 19
56 7 -1 11 34 13 21
4 6 -1 12 15 18 19
56 7 -1 11 34 12 21
4 6 -1 12 15 18 19
56 8 -1 10 33 11 20
4 6 -1 12 15 18 19
57 8 -1 10 33 11 19
4 6 -1 12 15 18 19
57 8 -1 9 32 10 18
4 6 -1 12 15 18 19
57 8 -1 9 32 9 17
4 6 -1 12 15 18 19
57 8 -1 9 32 8 16
30






























1
По всем вопросам касающимся приложения обращайтесь по WhatsApp +79952867503
1
09.2026

      
	
