1
For advertising or questions send us e-mail kogdanamaz@gmail.com 
30
5 6 -1 12 15 18 19
10 19 -1 25 34 31 36
5 6 -1 12 15 18 19
10 19 -1 25 33 30 36
5 6 -1 12 15 18 19
10 18 -1 25 32 30 35
5 6 -1 12 15 18 19
10 18 -1 24 31 29 35
5 6 -1 12 15 18 19
10 18 -1 24 30 29 34
5 6 -1 12 15 18 19
9 18 -1 24 29 29 34
5 6 -1 12 15 18 19
9 17 -1 23 28 28 33
5 6 -1 12 15 18 19
9 17 -1 23 27 28 33
5 6 -1 12 15 18 19
9 17 -1 23 27 28 33
5 6 -1 12 15 18 19
9 17 -1 23 26 27 32
5 6 -1 12 15 18 19
8 17 -1 22 23 26 31
5 6 -1 12 15 18 19
8 16 -1 22 22 26 31
5 6 -1 12 15 18 19
8 16 -1 21 22 25 30
5 6 -1 12 15 18 19
8 16 -1 21 23 25 30
5 6 -1 12 15 18 19
8 16 -1 21 23 25 29
5 6 -1 12 15 18 19
7 15 -1 20 23 24 29
5 6 -1 12 15 18 19
7 15 -1 20 24 24 29
5 6 -1 12 15 18 19
7 15 -1 19 24 23 28
5 6 -1 12 15 18 19
7 14 -1 19 24 23 28
5 6 -1 12 15 18 19
6 14 -1 19 24 22 27
5 6 -1 12 15 18 19
6 14 -1 18 25 22 27
5 6 -1 12 15 18 19
6 14 -1 18 25 21 26
5 6 -1 12 15 18 19
6 14 -1 18 25 21 26
5 6 -1 12 15 18 19
6 13 -1 18 25 21 26
5 6 -1 12 15 18 19
5 13 -1 17 26 20 25
5 6 -1 12 15 18 19
5 13 -1 17 26 19 24
5 6 -1 12 15 18 19
5 13 -1 16 26 19 24
5 6 -1 12 15 18 19
4 12 -1 16 26 19 24
5 6 -1 12 15 18 19
4 12 -1 16 26 18 23
5 6 -1 12 15 18 19
4 12 -1 15 26 18 23
30






























1
По всем вопросам касающимся приложения обращайтесь по WhatsApp +79952867503
1
09.2026

      
	
