1
For advertising or questions send us e-mail kogdanamaz@gmail.com 
30
4 5 -1 12 15 18 19
47 57 -1 8 17 18 25
4 5 -1 12 15 18 19
47 57 -1 8 17 17 24
4 5 -1 12 15 18 19
47 57 -1 7 18 17 24
4 5 -1 12 15 18 19
47 57 -1 7 18 16 23
4 5 -1 12 15 18 19
47 57 -1 7 18 15 22
4 5 -1 12 15 18 19
47 57 -1 6 18 15 21
4 5 -1 12 15 18 19
47 57 -1 6 18 14 21
4 5 -1 12 15 18 19
47 57 -1 6 18 13 20
4 5 -1 12 15 18 19
47 57 -1 5 18 13 19
4 5 -1 12 15 18 19
47 57 -1 5 18 12 19
4 5 -1 12 15 18 19
47 56 -1 5 18 11 18
4 5 -1 12 15 18 19
47 56 -1 4 18 11 17
4 5 -1 12 15 18 19
47 56 -1 4 18 10 16
4 5 -1 12 15 18 19
47 56 -1 3 18 9 16
4 5 -1 12 15 18 19
47 56 -1 3 18 9 15
4 5 -1 12 15 18 19
47 56 -1 3 18 8 14
4 5 -1 12 15 18 19
47 56 -1 3 18 8 14
4 5 -1 12 15 18 19
47 56 -1 2 18 7 13
4 5 -1 12 15 18 19
47 56 -1 2 18 6 12
4 5 -1 12 15 18 19
47 56 -1 1 18 5 11
4 5 -1 12 15 18 19
47 56 -1 1 18 5 11
4 5 -1 12 15 18 19
47 56 -1 1 18 4 10
4 5 -1 12 15 18 19
47 56 -1 0 18 3 9
4 5 -1 12 15 18 19
47 56 -1 0 18 3 9
4 5 -1 12 15 18 19
47 56 -1 0 18 2 8
4 5 -1 11 15 18 19
47 56 -1 59 17 1 7
4 5 -1 11 15 18 19
47 56 -1 59 17 1 7
4 5 -1 11 15 18 19
47 56 -1 59 17 0 6
4 5 -1 11 15 17 19
47 56 -1 58 17 59 5
4 5 -1 11 15 17 19
47 56 -1 58 17 59 5
30






























1
По всем вопросам касающимся приложения обращайтесь по WhatsApp +79952867503
1
09.2026

      
	
