1
For advertising or questions send us e-mail kogdanamaz@gmail.com 
30
5 6 -1 12 15 18 19
4 13 -1 12 32 10 16
5 6 -1 12 15 18 19
3 13 -1 11 31 10 16
5 6 -1 12 15 18 19
3 12 -1 11 31 9 16
5 6 -1 12 15 18 19
2 11 -1 11 30 9 15
5 6 -1 12 15 18 19
2 11 -1 10 30 9 15
5 6 -1 12 15 18 19
1 10 -1 10 29 9 15
5 6 -1 12 15 18 19
1 10 -1 10 29 9 15
5 6 -1 12 15 18 19
0 9 -1 9 28 9 15
4 6 -1 12 15 18 19
59 8 -1 9 28 9 15
4 6 -1 12 15 18 19
59 8 -1 9 27 9 15
4 6 -1 12 15 18 19
58 7 -1 8 27 9 15
4 6 -1 12 15 18 19
58 7 -1 8 26 9 14
4 6 -1 12 15 18 19
58 7 -1 8 26 9 14
4 6 -1 12 15 18 19
57 6 -1 8 25 9 14
4 6 -1 12 15 18 19
56 5 -1 7 24 8 14
4 6 -1 12 15 18 19
55 4 -1 7 24 8 14
4 6 -1 12 15 18 19
55 4 -1 6 23 8 14
4 6 -1 12 15 18 19
54 3 -1 6 22 8 14
4 6 -1 12 15 18 19
53 2 -1 6 22 8 14
4 6 -1 12 15 18 19
53 2 -1 5 21 8 14
4 6 -1 12 15 18 19
52 1 -1 5 20 8 14
4 6 -1 12 15 18 19
52 1 -1 5 19 8 13
4 6 -1 12 15 18 19
51 0 -1 4 19 8 13
4 5 -1 12 15 18 19
50 59 -1 4 18 7 13
4 5 -1 12 15 18 19
50 59 -1 3 17 7 13
4 5 -1 12 15 18 19
49 58 -1 3 17 7 13
4 5 -1 12 15 18 19
49 58 -1 3 17 7 13
4 5 -1 12 15 18 19
48 57 -1 3 16 7 13
4 5 -1 12 15 18 19
47 56 -1 2 14 7 13
4 5 -1 12 15 18 19
47 56 -1 2 14 7 13
30






























1
По всем вопросам касающимся приложения обращайтесь по WhatsApp +79952867503
1
09.2026

      
	
