1
For advertising or questions send us e-mail kogdanamaz@gmail.com 
31
4 5 -1 11 15 17 19
46 56 -1 57 19 56 4
4 5 -1 11 15 17 19
46 56 -1 57 18 56 3
4 5 -1 11 15 17 19
46 57 -1 56 18 55 2
4 5 -1 11 15 17 19
46 57 -1 56 18 54 1
4 5 -1 11 15 17 19
47 57 -1 56 17 53 1
4 5 -1 11 15 17 19
47 57 -1 55 17 53 0
4 5 -1 11 15 17 18
47 57 -1 55 17 52 59
4 5 -1 11 15 17 18
47 57 -1 55 17 51 59
4 5 -1 11 15 17 18
47 58 -1 55 16 50 58
4 5 -1 11 15 17 18
47 58 -1 54 16 50 57
4 5 -1 11 15 17 18
47 58 -1 54 16 49 57
4 5 -1 11 15 17 18
48 58 -1 54 15 48 56
4 5 -1 11 15 17 18
48 58 -1 54 15 48 55
4 5 -1 11 15 17 18
48 58 -1 53 15 47 55
4 5 -1 11 15 17 18
48 59 -1 53 14 46 54
4 5 -1 11 15 17 18
48 59 -1 53 14 46 53
4 5 -1 11 15 17 18
48 59 -1 53 14 45 53
4 5 -1 11 15 17 18
48 59 -1 52 13 44 52
4 6 -1 11 15 17 18
49 0 -1 52 13 44 52
4 6 -1 11 15 17 18
49 0 -1 52 13 43 51
4 6 -1 11 15 17 18
49 0 -1 52 12 43 51
4 6 -1 11 15 17 18
49 0 -1 52 12 42 50
4 6 -1 11 15 17 18
49 1 -1 52 12 42 50
4 6 -1 11 15 17 18
50 1 -1 52 12 41 49
4 6 -1 11 15 17 18
50 1 -1 51 11 40 49
4 6 -1 11 15 17 18
50 1 -1 51 11 40 48
4 6 -1 11 15 17 18
50 2 -1 51 11 39 48
4 6 -1 11 15 17 18
50 2 -1 51 11 39 48
4 6 -1 11 15 17 18
51 2 -1 51 10 39 47
4 6 -1 11 15 17 18
51 3 -1 51 10 38 47
4 6 -1 11 15 17 18
51 3 -1 51 10 38 47
31































1
По всем вопросам касающимся приложения обращайтесь по WhatsApp +79952867503
1
10.2026

      
	
