1
For advertising or questions send us e-mail kogdanamaz@gmail.com 
30
4 5 -1 12 15 18 19
41 52 -1 5 20 16 24
4 5 -1 12 15 18 19
41 52 -1 4 20 16 24
4 5 -1 12 15 18 19
41 52 -1 4 20 15 23
4 5 -1 12 15 18 19
41 52 -1 4 20 14 22
4 5 -1 12 15 18 19
41 52 -1 3 20 14 21
4 5 -1 12 15 18 19
41 52 -1 3 20 13 20
4 5 -1 12 15 18 19
42 52 -1 3 20 12 20
4 5 -1 12 15 18 19
42 52 -1 2 20 11 19
4 5 -1 12 15 18 19
42 52 -1 2 20 11 18
4 5 -1 12 15 18 19
42 52 -1 2 19 10 17
4 5 -1 12 15 18 19
42 52 -1 1 19 9 16
4 5 -1 12 15 18 19
42 52 -1 1 19 8 16
4 5 -1 12 15 18 19
42 52 -1 1 19 8 15
4 5 -1 12 15 18 19
42 53 -1 0 19 7 14
4 5 -1 12 15 18 19
42 53 -1 0 19 6 13
4 5 -1 12 15 18 19
43 53 -1 0 19 5 12
4 5 -1 11 15 18 19
43 53 -1 59 19 5 12
4 5 -1 11 15 18 19
43 53 -1 59 18 4 11
4 5 -1 11 15 18 19
43 53 -1 58 18 3 10
4 5 -1 11 15 18 19
43 53 -1 58 18 2 9
4 5 -1 11 15 18 19
43 53 -1 58 18 2 8
4 5 -1 11 15 18 19
43 53 -1 57 18 1 8
4 5 -1 11 15 18 19
43 53 -1 57 17 0 7
4 5 -1 11 15 17 19
43 53 -1 57 17 59 6
4 5 -1 11 15 17 19
43 53 -1 56 17 58 5
4 5 -1 11 15 17 19
43 53 -1 56 17 58 5
4 5 -1 11 15 17 19
43 53 -1 56 17 57 4
4 5 -1 11 15 17 19
43 53 -1 55 16 56 3
4 5 -1 11 15 17 19
44 53 -1 55 16 56 2
4 5 -1 11 15 17 19
44 53 -1 55 16 55 2
30






























1
По всем вопросам касающимся приложения обращайтесь по WhatsApp +79952867503
1
09.2026

      
	
