1
For advertising or questions send us e-mail kogdanamaz@gmail.com 
31
4 6 -1 12 15 19 20
45 2 -1 31 43 0 13
4 6 -1 12 15 18 20
45 2 -1 31 43 59 13
4 6 -1 12 15 18 20
46 2 -1 31 43 59 12
4 6 -1 12 15 18 20
46 3 -1 31 44 58 11
4 6 -1 12 15 18 20
46 3 -1 31 44 58 11
4 6 -1 12 15 18 20
47 3 -1 31 44 57 10
4 6 -1 12 15 18 20
47 4 -1 31 44 57 9
4 6 -1 12 15 18 20
48 4 -1 31 45 56 9
4 6 -1 12 15 18 20
48 4 -1 30 45 55 8
4 6 -1 12 15 18 20
49 4 -1 30 45 55 7
4 6 -1 12 15 18 20
49 5 -1 30 45 54 6
4 6 -1 12 15 18 20
50 5 -1 30 45 54 6
4 6 -1 12 15 18 20
50 5 -1 30 46 53 5
4 6 -1 12 15 18 20
50 6 -1 30 46 52 4
4 6 -1 12 15 18 20
51 6 -1 29 46 52 3
4 6 -1 12 15 18 20
51 6 -1 29 46 51 3
4 6 -1 12 15 18 20
52 6 -1 29 46 50 2
4 6 -1 12 15 18 20
52 6 -1 29 46 50 1
4 6 -1 12 15 18 20
52 7 -1 28 46 49 0
4 6 -1 12 15 18 19
53 7 -1 28 46 48 59
4 6 -1 12 15 18 19
53 7 -1 28 46 48 58
4 6 -1 12 15 18 19
53 7 -1 28 46 47 57
4 6 -1 12 15 18 19
54 8 -1 27 46 46 57
4 6 -1 12 15 18 19
54 8 -1 27 46 45 56
4 6 -1 12 15 18 19
55 8 -1 27 46 45 55
4 6 -1 12 15 18 19
55 8 -1 27 46 44 54
4 6 -1 12 15 18 19
55 8 -1 26 46 43 53
4 6 -1 12 15 18 19
55 9 -1 26 46 42 52
4 6 -1 12 15 18 19
56 9 -1 26 46 41 51
4 6 -1 12 15 18 19
56 9 -1 25 46 41 50
4 6 -1 12 15 18 19
56 9 -1 25 46 40 49
31































1
По всем вопросам касающимся приложения обращайтесь по WhatsApp +79952867503
1
08.2026

      
	
