1
For advertising or questions send us e-mail kogdanamaz@gmail.com 
30
5 7 -1 12 15 18 19
39 3 -1 45 59 27 46
5 7 -1 12 15 18 19
38 2 -1 45 59 27 47
5 7 -1 12 15 18 19
36 0 -1 44 59 28 47
5 6 -1 12 16 18 19
35 59 -1 44 0 29 48
5 6 -1 12 16 18 19
34 57 -1 44 0 30 49
5 6 -1 12 16 18 19
32 56 -1 43 1 30 50
5 6 -1 12 16 18 19
31 55 -1 43 1 31 50
5 6 -1 12 16 18 19
30 53 -1 43 1 32 51
5 6 -1 12 16 18 19
28 52 -1 42 1 32 52
5 6 -1 12 16 18 19
27 50 -1 42 2 33 52
5 6 -1 12 16 18 19
25 49 -1 42 2 34 53
5 6 -1 12 16 18 19
24 48 -1 41 2 35 54
5 6 -1 12 16 18 19
22 46 -1 41 3 35 55
5 6 -1 12 16 18 19
21 45 -1 41 3 36 55
5 6 -1 12 16 18 19
19 43 -1 40 3 37 56
5 6 -1 12 16 18 19
18 42 -1 40 4 37 57
5 6 -1 12 16 18 19
17 41 -1 40 4 38 58
5 6 -1 12 16 18 19
15 39 -1 39 4 39 58
5 6 -1 12 16 18 19
14 38 -1 39 4 40 59
5 6 -1 12 16 18 20
12 36 -1 38 5 40 0
5 6 -1 12 16 18 20
11 35 -1 38 5 41 1
5 6 -1 12 16 18 20
9 33 -1 38 5 42 2
5 6 -1 12 16 18 20
7 32 -1 37 5 43 2
5 6 -1 12 16 18 20
7 32 -1 37 5 43 2
5 6 -1 12 16 18 20
4 29 -1 37 6 44 4
5 6 -1 12 16 18 20
3 28 -1 36 6 45 5
5 6 -1 12 16 18 20
1 26 -1 36 6 46 6
5 6 -1 12 16 18 20
0 25 -1 36 6 46 7
4 6 -1 12 16 18 20
58 23 -1 35 6 47 7
4 6 -1 12 16 18 20
57 22 -1 35 7 48 8
30






























1
По всем вопросам касающимся приложения обращайтесь по WhatsApp +79952867503
1
09.2026

      
	
