1
For advertising or questions send us e-mail kogdanamaz@gmail.com 
31
5 6 -1 12 15 18 19
7 36 -1 31 49 24 49
5 6 -1 12 15 18 19
8 37 -1 30 48 22 47
5 6 -1 12 15 18 19
9 38 -1 30 47 21 46
5 6 -1 12 15 18 19
10 39 -1 30 45 19 44
5 6 -1 12 15 18 19
11 40 -1 29 44 17 42
5 6 -1 12 15 18 19
12 41 -1 29 43 16 41
5 6 -1 12 15 18 19
13 42 -1 29 42 14 39
5 6 -1 12 15 18 19
15 43 -1 29 41 12 37
5 6 -1 12 15 18 19
16 44 -1 28 40 11 36
5 6 -1 12 15 18 19
17 45 -1 28 38 9 34
5 6 -1 12 15 18 19
18 46 -1 28 37 8 33
5 6 -1 12 15 18 19
19 47 -1 28 36 6 31
5 6 -1 12 15 18 19
20 48 -1 27 35 5 30
5 6 -1 12 15 18 19
21 49 -1 27 34 3 28
5 6 -1 12 15 18 19
22 50 -1 27 32 2 27
5 6 -1 12 15 18 19
23 52 -1 27 31 0 25
5 6 -1 12 15 17 19
24 53 -1 26 30 59 24
5 6 -1 12 15 17 19
25 54 -1 26 29 57 22
5 6 -1 12 15 17 19
26 55 -1 26 28 56 21
5 6 -1 12 15 17 19
27 56 -1 26 27 54 20
5 6 -1 12 15 17 19
28 57 -1 26 26 53 18
5 6 -1 12 15 17 19
29 58 -1 26 25 51 17
5 6 -1 12 15 17 19
30 59 -1 25 23 50 16
5 7 -1 12 15 17 19
31 0 -1 25 22 49 14
5 7 -1 12 15 17 19
32 1 -1 25 21 47 13
5 7 -1 12 15 17 19
33 3 -1 25 20 46 12
5 7 -1 12 15 17 19
34 4 -1 25 19 45 11
5 7 -1 12 15 17 19
35 5 -1 25 18 43 9
5 7 -1 12 15 17 19
36 6 -1 25 17 42 8
5 7 -1 12 15 17 19
37 7 -1 25 16 41 7
5 7 -1 12 15 17 19
38 8 -1 25 15 40 6
31































1
По всем вопросам касающимся приложения обращайтесь по WhatsApp +79952867503
1
10.2026

      
	