1
For advertising or questions send us e-mail kogdanamaz@gmail.com 
31
6 7 -1 12 15 18 19
16 39 -1 59 57 18 37
6 7 -1 12 15 18 19
15 38 -1 59 57 18 37
6 7 -1 12 15 18 19
15 37 -1 59 58 19 38
6 7 -1 12 15 18 19
14 37 -1 58 58 20 38
6 7 -1 12 15 18 19
13 36 -1 58 59 20 39
6 7 -1 12 15 18 19
13 35 -1 58 59 21 39
6 7 -1 12 16 18 19
12 34 -1 58 0 21 40
6 7 -1 12 16 18 19
11 33 -1 58 0 22 40
6 7 -1 12 16 18 19
10 32 -1 58 1 23 41
6 7 -1 12 16 18 19
9 31 -1 58 1 23 41
6 7 -1 12 16 18 19
9 31 -1 58 1 23 41
6 7 -1 12 16 18 19
8 30 -1 57 2 25 42
6 7 -1 12 16 18 19
7 29 -1 57 2 25 43
6 7 -1 12 16 18 19
6 28 -1 57 3 26 43
6 7 -1 12 16 18 19
5 27 -1 57 3 26 44
6 7 -1 12 16 18 19
4 26 -1 57 4 27 44
6 7 -1 12 16 18 19
3 25 -1 56 4 28 45
6 7 -1 12 16 18 19
2 23 -1 56 4 28 45
6 7 -1 12 16 18 19
1 22 -1 56 5 29 46
6 7 -1 12 16 18 19
0 21 -1 56 5 29 46
5 7 -1 12 16 18 19
59 20 -1 55 5 30 47
5 7 -1 12 16 18 19
58 19 -1 55 6 31 47
5 7 -1 12 16 18 19
57 18 -1 55 6 31 48
5 7 -1 12 16 18 19
56 17 -1 55 6 32 49
5 7 -1 12 16 18 19
55 16 -1 54 7 32 49
5 7 -1 12 16 18 19
55 16 -1 54 7 32 49
5 7 -1 12 16 18 19
53 13 -1 54 7 34 50
5 7 -1 12 16 18 19
52 12 -1 53 8 34 51
5 7 -1 12 16 18 19
50 11 -1 53 8 35 51
5 7 -1 12 16 18 19
49 10 -1 53 8 35 52
5 7 -1 12 16 18 19
48 9 -1 53 8 36 52
31































1
По всем вопросам касающимся приложения обращайтесь по WhatsApp +79952867503
1
08.2026

      
	
