1
For advertising or questions send us e-mail kogdanamaz@gmail.com 
31
4 6 -1 12 16 18 20
59 21 -1 34 5 47 4
4 6 -1 12 16 18 20
58 20 -1 34 5 47 5
4 6 -1 12 16 18 20
56 18 -1 33 5 48 6
4 6 -1 12 16 18 20
55 17 -1 33 5 49 6
4 6 -1 12 16 18 20
53 16 -1 33 6 49 7
4 6 -1 12 16 18 20
52 15 -1 32 6 50 8
4 6 -1 12 16 18 20
50 13 -1 32 6 51 9
4 6 -1 12 16 18 20
49 12 -1 32 6 51 10
4 6 -1 12 16 18 20
49 12 -1 32 6 51 10
4 6 -1 12 16 18 20
46 10 -1 31 6 53 11
4 6 -1 12 16 18 20
45 8 -1 31 6 53 12
4 6 -1 12 16 18 20
44 7 -1 31 6 54 13
4 6 -1 12 16 18 20
42 6 -1 31 6 55 14
4 6 -1 12 16 18 20
41 5 -1 30 6 55 15
4 6 -1 12 16 18 20
39 4 -1 30 6 56 16
4 6 -1 12 16 18 20
38 3 -1 30 6 57 17
4 6 -1 12 16 18 20
37 1 -1 30 6 58 18
4 6 -1 12 16 18 20
35 0 -1 30 6 58 19
4 5 -1 12 16 18 20
34 59 -1 29 6 59 20
4 5 -1 12 16 19 20
33 58 -1 29 6 0 21
4 5 -1 12 16 19 20
31 57 -1 29 6 1 21
4 5 -1 12 16 19 20
30 56 -1 29 6 1 22
4 5 -1 12 16 19 20
29 55 -1 29 6 2 23
4 5 -1 12 16 19 20
29 55 -1 29 6 2 23
4 5 -1 12 16 19 20
26 53 -1 28 7 4 26
4 5 -1 12 16 19 20
25 52 -1 28 7 5 27
4 5 -1 12 16 19 20
24 51 -1 28 7 5 28
4 5 -1 12 16 19 20
22 50 -1 28 7 6 29
4 5 -1 12 16 19 20
21 49 -1 28 7 7 30
4 5 -1 12 16 19 20
20 48 -1 28 7 8 31
4 5 -1 12 16 19 20
19 47 -1 28 7 9 32
31































1
По всем вопросам касающимся приложения обращайтесь по WhatsApp +79952867503
1
10.2026

      
	
