1
For advertising or questions send us e-mail kogdanamaz@gmail.com 
30
4 6 -1 11 15 17 18
46 2 -1 51 11 40 52
4 6 -1 11 15 17 18
45 1 -1 51 11 40 52
4 6 -1 11 15 17 18
44 0 -1 50 11 40 52
4 5 -1 11 15 17 18
43 59 -1 50 11 41 53
4 5 -1 11 15 17 18
42 58 -1 50 11 41 53
4 5 -1 11 15 17 18
41 57 -1 49 11 41 53
4 5 -1 11 15 17 18
40 56 -1 49 11 42 54
4 5 -1 11 15 17 18
39 55 -1 49 11 42 54
4 5 -1 11 15 17 18
38 54 -1 48 11 43 54
4 5 -1 11 15 17 18
37 53 -1 48 11 43 55
4 5 -1 11 15 17 18
36 51 -1 48 11 43 55
4 5 -1 11 15 17 18
35 50 -1 47 11 44 55
4 5 -1 11 15 17 18
34 49 -1 47 11 44 56
4 5 -1 11 15 17 18
33 48 -1 47 11 44 56
4 5 -1 11 15 17 18
31 47 -1 46 11 45 57
4 5 -1 11 15 17 18
30 46 -1 46 11 45 57
4 5 -1 11 15 17 18
29 45 -1 46 11 46 57
4 5 -1 11 15 17 18
28 44 -1 45 11 46 58
4 5 -1 11 15 17 18
27 43 -1 45 10 46 58
4 5 -1 11 15 17 18
26 42 -1 44 10 47 59
4 5 -1 11 15 17 18
25 41 -1 44 10 47 59
4 5 -1 11 15 17 18
24 40 -1 44 10 47 59
4 5 -1 11 15 17 19
22 38 -1 43 10 48 0
4 5 -1 11 15 17 19
21 37 -1 43 10 48 0
4 5 -1 11 15 17 19
20 36 -1 43 10 49 1
4 5 -1 11 15 17 19
19 35 -1 42 10 49 1
4 5 -1 11 15 17 19
18 34 -1 42 9 49 2
4 5 -1 11 15 17 19
17 33 -1 42 9 50 2
4 5 -1 11 15 17 19
16 32 -1 41 9 50 3
4 5 -1 11 15 17 19
14 31 -1 41 9 51 3
30






























1
По всем вопросам касающимся приложения обращайтесь по WhatsApp +79952867503
1
09.2026

      
	
