1
For advertising or questions send us e-mail kogdanamaz@gmail.com 
30
4 5 -1 11 14 17 18
34 50 -1 39 59 27 39
4 5 -1 11 14 17 18
33 49 -1 39 59 28 40
4 5 -1 11 14 17 18
32 48 -1 38 59 28 40
4 5 -1 11 14 17 18
31 47 -1 38 59 28 40
4 5 -1 11 14 17 18
30 46 -1 38 59 29 41
4 5 -1 11 14 17 18
29 45 -1 37 59 29 41
4 5 -1 11 14 17 18
28 44 -1 37 59 29 42
4 5 -1 11 14 17 18
27 43 -1 37 59 30 42
4 5 -1 11 14 17 18
26 41 -1 36 59 30 42
4 5 -1 11 14 17 18
25 40 -1 36 59 31 43
4 5 -1 11 14 17 18
24 39 -1 35 59 31 43
4 5 -1 11 14 17 18
22 38 -1 35 59 31 43
4 5 -1 11 14 17 18
21 37 -1 35 59 32 44
4 5 -1 11 14 17 18
20 36 -1 34 59 32 44
4 5 -1 11 14 17 18
19 35 -1 34 59 33 45
4 5 -1 11 14 17 18
18 34 -1 34 59 33 45
4 5 -1 11 14 17 18
17 33 -1 33 59 33 45
4 5 -1 11 14 17 18
16 32 -1 33 58 34 46
4 5 -1 11 14 17 18
15 31 -1 33 58 34 46
4 5 -1 11 14 17 18
14 30 -1 32 58 34 47
4 5 -1 11 14 17 18
12 28 -1 32 58 35 47
4 5 -1 11 14 17 18
11 27 -1 32 58 35 47
4 5 -1 11 14 17 18
10 26 -1 31 58 36 48
4 5 -1 11 14 17 18
9 25 -1 31 58 36 48
4 5 -1 11 14 17 18
8 24 -1 31 58 36 49
4 5 -1 11 14 17 18
7 23 -1 30 58 37 49
4 5 -1 11 14 17 18
5 22 -1 30 57 37 50
4 5 -1 11 14 17 18
4 21 -1 30 57 38 50
4 5 -1 11 14 17 18
3 20 -1 29 57 38 51
4 5 -1 11 14 17 18
2 19 -1 29 57 38 51
30






























1
По всем вопросам касающимся приложения обращайтесь по WhatsApp +79952867503
1
09.2026

      
	
