1
For advertising or questions send us e-mail kogdanamaz@gmail.com 
31
4 5 -1 11 14 17 18
8 22 -1 33 59 42 53
4 5 -1 11 14 17 18
7 22 -1 32 59 42 53
4 5 -1 11 14 17 18
6 21 -1 32 58 43 54
4 5 -1 11 14 17 18
5 20 -1 32 58 43 54
4 5 -1 11 14 17 18
4 19 -1 31 58 43 55
4 5 -1 11 14 17 18
3 18 -1 31 57 44 55
4 5 -1 11 14 17 18
1 17 -1 31 57 44 55
4 5 -1 11 14 17 18
0 16 -1 30 57 44 56
3 5 -1 11 14 17 18
59 15 -1 30 57 45 56
3 5 -1 11 14 17 18
58 14 -1 30 56 45 57
3 5 -1 11 14 17 18
57 13 -1 30 56 45 57
3 5 -1 11 14 17 18
56 12 -1 29 56 46 58
4 6 -1 12 15 18 19
55 11 -1 29 55 46 58
4 6 -1 12 15 18 19
54 10 -1 29 55 47 59
4 6 -1 12 15 18 19
53 10 -1 29 55 47 59
4 6 -1 12 15 18 20
52 9 -1 28 55 48 0
4 6 -1 12 15 18 20
51 8 -1 28 54 48 1
4 6 -1 12 15 18 20
50 7 -1 28 54 48 1
4 6 -1 12 15 18 20
50 6 -1 28 54 49 2
4 6 -1 12 15 18 20
49 5 -1 28 53 49 2
4 6 -1 12 15 18 20
48 5 -1 28 53 50 3
4 6 -1 12 15 18 20
47 4 -1 27 53 50 3
4 6 -1 12 15 18 20
46 3 -1 27 53 51 4
4 6 -1 12 15 18 20
46 3 -1 27 53 51 4
4 6 -1 12 15 18 20
44 2 -1 27 52 52 5
4 6 -1 12 15 18 20
43 1 -1 27 52 52 6
4 6 -1 12 15 18 20
42 0 -1 27 52 53 7
4 6 -1 12 15 18 20
41 0 -1 27 51 53 7
4 5 -1 12 15 18 20
41 59 -1 27 51 54 8
4 5 -1 12 15 18 20
40 58 -1 27 51 54 9
4 5 -1 12 15 18 20
39 58 -1 27 51 55 9
31































1
По всем вопросам касающимся приложения обращайтесь по WhatsApp +79952867503
1
10.2026

      
	