1
For advertising or questions send us e-mail kogdanamaz@gmail.com 
30
5 6 -1 12 15 18 19
1 11 -1 8 29 4 11
5 6 -1 12 15 18 19
0 10 -1 8 28 4 11
4 6 -1 12 15 18 19
59 9 -1 7 28 4 11
4 6 -1 12 15 18 19
59 8 -1 7 27 4 11
4 6 -1 12 15 18 19
58 8 -1 6 27 4 11
4 6 -1 12 15 18 19
57 7 -1 6 26 4 11
4 6 -1 12 15 18 19
57 6 -1 6 26 4 11
4 6 -1 12 15 18 19
56 6 -1 5 26 4 11
4 6 -1 12 15 18 19
55 5 -1 5 25 4 11
4 6 -1 12 15 18 19
55 4 -1 5 25 4 10
4 6 -1 12 15 18 19
54 4 -1 4 24 4 10
4 6 -1 12 15 18 19
53 3 -1 4 24 4 10
4 6 -1 12 15 18 19
53 2 -1 4 23 4 10
4 6 -1 12 15 18 19
52 2 -1 3 23 4 10
4 6 -1 12 15 18 19
51 1 -1 3 22 4 10
4 6 -1 12 15 18 19
51 1 -1 3 22 4 10
4 6 -1 12 15 18 19
51 0 -1 3 21 4 10
4 5 -1 12 15 18 19
49 59 -1 2 20 4 10
4 5 -1 12 15 18 19
49 58 -1 1 20 4 10
4 5 -1 12 15 18 19
48 58 -1 1 19 4 10
4 5 -1 12 15 18 19
47 57 -1 1 19 4 10
4 5 -1 12 15 18 19
47 56 -1 0 18 4 10
4 5 -1 12 15 18 19
46 56 -1 0 17 4 10
4 5 -1 12 15 18 19
45 55 -1 0 17 4 10
4 5 -1 11 15 18 19
45 54 -1 59 16 4 10
4 5 -1 11 15 18 19
44 54 -1 59 16 4 10
4 5 -1 11 15 18 19
43 53 -1 59 15 4 10
4 5 -1 11 15 18 19
42 52 -1 58 14 4 10
4 5 -1 11 15 18 19
42 52 -1 58 14 4 10
4 5 -1 11 15 18 19
41 51 -1 58 13 4 10
30






























1
По всем вопросам касающимся приложения обращайтесь по WhatsApp +79952867503
1
09.2026

      
	
