1
For advertising or questions send us e-mail kogdanamaz@gmail.com 
30
4 5 -1 11 15 17 18
41 52 -1 47 8 40 48
4 5 -1 11 15 17 18
40 52 -1 47 8 41 48
4 5 -1 11 15 17 18
39 50 -1 46 8 41 49
4 5 -1 11 15 17 18
38 49 -1 46 7 41 49
4 5 -1 11 15 17 18
37 49 -1 45 7 41 49
4 5 -1 11 15 17 18
37 48 -1 45 7 41 49
4 5 -1 11 15 17 18
36 47 -1 45 6 41 49
4 5 -1 11 15 17 18
35 46 -1 44 6 41 49
4 5 -1 11 15 17 18
34 46 -1 44 6 41 49
4 5 -1 11 15 17 18
34 45 -1 43 5 41 49
4 5 -1 11 15 17 18
33 44 -1 43 5 42 49
4 5 -1 11 15 17 18
32 43 -1 43 5 42 49
4 5 -1 11 15 17 18
31 42 -1 42 4 42 49
4 5 -1 11 15 17 18
30 42 -1 42 4 42 49
4 5 -1 11 15 17 18
30 41 -1 42 4 42 50
4 5 -1 11 15 17 18
30 41 -1 42 4 42 50
4 5 -1 11 15 17 18
29 40 -1 41 3 42 50
4 5 -1 11 15 17 18
27 38 -1 41 3 42 50
4 5 -1 11 15 17 18
26 37 -1 40 2 42 50
4 5 -1 11 15 17 18
26 37 -1 40 2 42 50
4 5 -1 11 15 17 18
25 36 -1 40 1 43 50
4 5 -1 11 15 17 18
24 35 -1 39 1 43 50
4 5 -1 11 15 17 18
23 34 -1 39 0 43 50
4 5 -1 11 15 17 18
22 33 -1 39 0 43 51
4 5 -1 11 14 17 18
21 33 -1 38 59 43 51
4 5 -1 11 14 17 18
21 32 -1 38 59 43 51
4 5 -1 11 14 17 18
20 31 -1 37 59 43 51
4 5 -1 11 14 17 18
19 30 -1 37 58 43 51
4 5 -1 11 14 17 18
18 29 -1 37 58 43 51
4 5 -1 11 14 17 18
17 29 -1 36 57 44 52
30






























1
По всем вопросам касающимся приложения обращайтесь по WhatsApp +79952867503
1
09.2026

      
	
