1
For advertising or questions send us e-mail kogdanamaz@gmail.com 
31
4 5 -1 11 15 17 19
35 44 -1 51 7 57 4
4 5 -1 11 15 17 19
33 43 -1 51 5 57 4
4 5 -1 11 15 17 19
32 42 -1 50 5 57 4
4 5 -1 11 15 17 19
32 42 -1 50 4 57 4
4 5 -1 11 15 17 19
31 41 -1 50 3 57 4
4 5 -1 11 15 17 19
30 41 -1 49 3 57 4
4 5 -1 11 15 17 19
30 40 -1 49 2 58 4
4 5 -1 11 15 17 19
29 39 -1 49 1 58 5
4 5 -1 11 15 17 19
28 39 -1 49 0 58 5
4 5 -1 11 15 17 19
28 38 -1 48 0 58 5
4 5 -1 11 14 17 19
27 38 -1 48 59 58 5
4 5 -1 11 14 17 19
26 37 -1 48 58 58 5
4 5 -1 11 14 17 19
26 36 -1 48 58 58 5
4 5 -1 11 14 17 19
25 36 -1 47 57 58 6
4 5 -1 11 14 17 19
25 36 -1 47 57 58 6
4 5 -1 11 14 17 19
24 35 -1 47 56 58 6
4 5 -1 11 14 17 19
23 34 -1 47 55 58 6
4 5 -1 11 14 17 19
22 34 -1 47 54 59 6
4 5 -1 11 14 17 19
22 33 -1 46 53 59 7
4 5 -1 11 14 17 19
21 33 -1 46 53 59 7
4 5 -1 11 14 17 19
21 32 -1 46 52 59 7
4 5 -1 11 14 17 19
20 32 -1 46 51 59 7
4 5 -1 11 14 17 19
19 31 -1 46 50 59 8
4 5 -1 11 14 18 19
19 31 -1 46 50 0 8
4 5 -1 11 14 18 19
18 30 -1 45 51 0 8
4 5 -1 11 14 18 19
18 30 -1 45 51 0 9
4 5 -1 11 14 18 19
17 30 -1 45 52 0 9
4 5 -1 11 14 18 19
17 29 -1 45 53 0 9
4 5 -1 11 14 18 19
16 29 -1 45 54 1 10
4 5 -1 11 14 18 19
16 29 -1 45 54 1 10
4 5 -1 11 14 18 19
16 28 -1 45 54 1 10
31































1
По всем вопросам касающимся приложения обращайтесь по WhatsApp +79952867503
1
10.2026

      
	
