1
For advertising or questions send us e-mail kogdanamaz@gmail.com 
30
3 5 -1 11 15 18 19
37 12 -1 55 34 30 48
3 5 -1 11 15 18 19
38 13 -1 54 33 28 46
3 5 -1 11 15 18 19
40 14 -1 54 32 26 44
3 5 -1 11 15 18 19
41 15 -1 54 31 25 42
3 5 -1 11 15 18 19
42 16 -1 53 30 23 40
3 5 -1 11 15 18 19
44 17 -1 53 29 21 38
3 5 -1 11 15 18 19
45 18 -1 53 27 19 36
3 5 -1 11 15 18 19
47 19 -1 52 26 18 34
3 5 -1 11 15 18 19
48 20 -1 52 25 16 32
3 5 -1 11 15 18 19
49 21 -1 52 24 14 30
3 5 -1 11 15 18 19
51 22 -1 51 23 12 28
3 5 -1 11 15 18 19
52 23 -1 51 22 11 26
3 5 -1 11 15 18 19
53 25 -1 51 21 9 24
3 5 -1 11 15 18 19
55 26 -1 50 19 7 22
3 5 -1 11 15 18 19
56 27 -1 50 18 5 20
3 5 -1 11 15 18 19
57 28 -1 49 17 3 18
3 5 -1 11 15 18 19
58 29 -1 49 16 2 16
4 5 -1 11 15 18 19
0 30 -1 49 15 0 14
4 5 -1 11 15 17 19
1 31 -1 48 13 58 12
4 5 -1 11 15 17 19
2 32 -1 48 12 56 10
4 5 -1 11 15 17 19
3 33 -1 48 11 54 8
4 5 -1 11 15 17 19
5 34 -1 47 10 53 6
4 5 -1 11 15 17 19
6 35 -1 47 8 51 5
4 5 -1 11 15 17 19
7 37 -1 47 7 49 3
4 5 -1 11 15 17 19
8 38 -1 46 6 47 1
4 5 -1 11 15 17 18
10 39 -1 46 5 45 59
4 5 -1 11 15 17 18
11 40 -1 46 3 44 57
4 5 -1 11 15 17 18
12 41 -1 45 2 42 55
4 5 -1 11 15 17 18
13 42 -1 45 1 40 53
4 5 -1 11 15 17 18
14 43 -1 45 0 38 51
30






























1
По всем вопросам касающимся приложения обращайтесь по WhatsApp +79952867503
1
09.2026

      
	
