1
For advertising or questions send us e-mail kogdanamaz@gmail.com 
31
5 6 -1 12 15 18 19
19 30 -1 26 48 21 29
5 6 -1 12 15 18 19
19 30 -1 26 48 21 29
5 6 -1 12 15 18 19
19 30 -1 26 48 21 29
5 6 -1 12 15 18 19
19 30 -1 26 48 21 29
5 6 -1 12 15 18 19
19 30 -1 26 48 21 29
5 6 -1 12 15 18 19
18 29 -1 26 47 21 29
5 6 -1 12 15 18 19
18 29 -1 26 47 21 29
5 6 -1 12 15 18 19
18 29 -1 25 47 21 29
5 6 -1 12 15 18 19
18 29 -1 25 47 21 29
5 6 -1 12 15 18 19
18 28 -1 25 47 21 28
5 6 -1 12 15 18 19
17 28 -1 25 46 21 28
5 6 -1 12 15 18 19
17 28 -1 25 46 21 28
5 6 -1 12 15 18 19
17 27 -1 25 46 21 28
5 6 -1 12 15 18 19
17 27 -1 24 46 21 28
5 6 -1 12 15 18 19
17 27 -1 24 45 21 28
5 6 -1 12 15 18 19
16 26 -1 24 45 21 28
5 6 -1 12 15 18 19
16 26 -1 24 45 21 28
5 6 -1 12 15 18 19
16 26 -1 24 45 21 28
5 6 -1 12 15 18 19
15 25 -1 23 44 21 27
5 6 -1 12 15 18 19
15 25 -1 23 44 21 27
5 6 -1 12 15 18 19
15 24 -1 23 43 21 27
5 6 -1 12 15 18 19
14 24 -1 23 43 20 27
5 6 -1 12 15 18 19
14 23 -1 22 43 20 27
5 6 -1 12 15 18 19
14 23 -1 22 42 20 26
5 6 -1 12 15 18 19
13 23 -1 22 42 20 26
5 6 -1 12 15 18 19
13 22 -1 22 41 20 26
5 6 -1 12 15 18 19
13 22 -1 21 41 20 26
5 6 -1 12 15 18 19
12 21 -1 21 40 20 26
5 6 -1 12 15 18 19
12 21 -1 21 40 20 26
5 6 -1 12 15 18 19
11 20 -1 20 39 20 25
5 6 -1 12 15 18 19
11 20 -1 20 39 19 25
31































1
По всем вопросам касающимся приложения обращайтесь по WhatsApp +79952867503
1
08.2026

      
	
