1
For advertising or questions send us e-mail kogdanamaz@gmail.com 
31
5 6 -1 12 15 18 19
20 32 -1 29 52 26 34
5 6 -1 12 15 18 19
20 31 -1 29 51 26 34
5 6 -1 12 15 18 19
20 31 -1 29 51 26 34
5 6 -1 12 15 18 19
20 31 -1 29 51 26 34
5 6 -1 12 15 18 19
20 31 -1 29 51 26 34
5 6 -1 12 15 18 19
20 31 -1 29 51 26 34
5 6 -1 12 15 18 19
20 30 -1 29 51 26 34
5 6 -1 12 15 18 19
20 30 -1 29 50 26 34
5 6 -1 12 15 18 19
19 30 -1 28 50 26 33
5 6 -1 12 15 18 19
19 30 -1 28 50 26 33
5 6 -1 12 15 18 19
19 29 -1 28 50 26 33
5 6 -1 12 15 18 19
19 29 -1 28 49 26 33
5 6 -1 12 15 18 19
19 29 -1 28 49 26 33
5 6 -1 12 15 18 19
19 29 -1 28 49 26 33
5 6 -1 12 15 18 19
18 28 -1 27 48 26 32
5 6 -1 12 15 18 19
18 28 -1 27 48 26 32
5 6 -1 12 15 18 19
18 28 -1 27 48 26 32
5 6 -1 12 15 18 19
18 28 -1 27 48 26 32
5 6 -1 12 15 18 19
17 27 -1 27 47 25 32
5 6 -1 12 15 18 19
17 27 -1 26 46 25 32
5 6 -1 12 15 18 19
17 26 -1 26 46 25 31
5 6 -1 12 15 18 19
16 26 -1 26 46 25 31
5 6 -1 12 15 18 19
16 25 -1 26 45 25 31
5 6 -1 12 15 18 19
16 25 -1 25 45 25 31
5 6 -1 12 15 18 19
15 25 -1 25 44 24 30
5 6 -1 12 15 18 19
15 24 -1 25 44 24 30
5 6 -1 12 15 18 19
15 24 -1 24 43 24 30
5 6 -1 12 15 18 19
14 23 -1 24 43 24 30
5 6 -1 12 15 18 19
14 23 -1 24 42 24 30
5 6 -1 12 15 18 19
14 22 -1 24 41 24 29
5 6 -1 12 15 18 19
13 22 -1 23 41 23 29
31































1
По всем вопросам касающимся приложения обращайтесь по WhatsApp +79952867503
1
08.2026

      
	
