1
For advertising or questions send us e-mail kogdanamaz@gmail.com 
31
6 7 -1 13 15 18 19
22 48 -1 1 54 15 37
6 7 -1 13 15 18 19
21 47 -1 1 55 15 37
6 7 -1 13 15 18 19
20 46 -1 1 55 16 38
6 7 -1 13 15 18 19
19 45 -1 1 56 17 38
6 7 -1 13 15 18 19
18 44 -1 1 56 18 39
6 7 -1 13 15 18 19
18 43 -1 1 57 18 40
6 7 -1 13 15 18 19
17 42 -1 1 57 19 40
6 7 -1 13 15 18 19
16 41 -1 1 58 20 41
6 7 -1 13 15 18 19
15 40 -1 1 58 20 41
6 7 -1 13 15 18 19
14 39 -1 1 59 21 42
6 7 -1 13 15 18 19
14 39 -1 1 59 21 42
6 7 -1 13 16 18 19
12 37 -1 0 0 23 43
6 7 -1 13 16 18 19
11 36 -1 0 1 23 44
6 7 -1 13 16 18 19
10 35 -1 0 1 24 45
6 7 -1 13 16 18 19
9 34 -1 0 2 25 45
6 7 -1 12 16 18 19
8 33 -1 59 2 26 46
6 7 -1 12 16 18 19
7 32 -1 59 3 26 46
6 7 -1 12 16 18 19
6 30 -1 59 3 27 47
6 7 -1 12 16 18 19
5 29 -1 59 3 28 48
6 7 -1 12 16 18 19
4 28 -1 58 4 28 48
6 7 -1 12 16 18 19
3 27 -1 58 4 29 49
6 7 -1 12 16 18 19
2 26 -1 58 5 30 50
6 7 -1 12 16 18 19
0 24 -1 58 5 31 50
5 7 -1 12 16 18 19
59 23 -1 57 6 31 51
5 7 -1 12 16 18 19
58 22 -1 57 6 32 51
5 7 -1 12 16 18 19
58 22 -1 57 6 32 51
5 7 -1 12 16 18 19
56 19 -1 57 7 33 53
5 7 -1 12 16 18 19
54 18 -1 56 7 34 53
5 7 -1 12 16 18 19
53 17 -1 56 8 35 54
5 7 -1 12 16 18 19
52 15 -1 56 8 36 55
5 7 -1 12 16 18 19
51 14 -1 55 9 36 55
31































1
По всем вопросам касающимся приложения обращайтесь по WhatsApp +79952867503
1
08.2026

      
	
