1
For advertising or questions send us e-mail kogdanamaz@gmail.com 
31
6 8 -1 13 16 18 20
41 4 -1 24 22 43 1
6 8 -1 13 16 18 20
40 3 -1 23 22 43 2
6 8 -1 13 16 18 20
40 2 -1 23 23 44 2
6 8 -1 13 16 18 20
39 2 -1 23 23 44 3
6 8 -1 13 16 18 20
38 1 -1 23 24 45 3
6 8 -1 13 16 18 20
37 0 -1 23 24 46 4
6 7 -1 13 16 18 20
37 59 -1 23 25 46 4
6 7 -1 13 16 18 20
36 58 -1 23 25 47 5
6 7 -1 13 16 18 20
35 57 -1 23 25 48 6
6 7 -1 13 16 18 20
34 56 -1 23 26 48 6
6 7 -1 13 16 18 20
34 56 -1 23 26 48 6
6 7 -1 13 16 18 20
33 54 -1 22 27 49 7
6 7 -1 13 16 18 20
32 53 -1 22 27 50 8
6 7 -1 13 16 18 20
31 52 -1 22 28 51 8
6 7 -1 13 16 18 20
30 51 -1 22 28 51 9
6 7 -1 13 16 18 20
29 50 -1 21 28 52 9
6 7 -1 13 16 18 20
28 49 -1 21 29 52 10
6 7 -1 13 16 18 20
27 48 -1 21 29 53 10
6 7 -1 13 16 18 20
26 47 -1 21 29 54 11
6 7 -1 13 16 18 20
25 46 -1 21 30 54 11
6 7 -1 13 16 18 20
24 45 -1 20 30 55 12
6 7 -1 13 16 18 20
23 44 -1 20 31 55 12
6 7 -1 13 16 18 20
22 43 -1 20 31 56 13
6 7 -1 13 16 18 20
21 42 -1 19 31 57 13
6 7 -1 13 16 18 20
20 41 -1 19 32 57 14
6 7 -1 13 16 18 20
20 41 -1 19 32 57 14
6 7 -1 13 16 18 20
18 38 -1 19 32 58 15
6 7 -1 13 16 18 20
16 37 -1 18 32 59 16
6 7 -1 13 16 19 20
15 36 -1 18 33 0 16
6 7 -1 13 16 19 20
14 35 -1 18 33 0 17
6 7 -1 13 16 19 20
13 33 -1 17 33 1 17
31































1
По всем вопросам касающимся приложения обращайтесь по WhatsApp +79952867503
1
08.2026

      
	
