1
For advertising or questions send us e-mail kogdanamaz@gmail.com 
30
5 7 -1 13 16 18 20
58 19 -1 3 18 46 4
5 7 -1 13 16 18 20
56 18 -1 3 19 47 4
5 7 -1 13 16 18 20
55 17 -1 2 19 47 5
5 7 -1 13 16 18 20
54 16 -1 2 19 48 6
5 7 -1 13 16 18 20
52 14 -1 2 20 49 6
5 7 -1 13 16 18 20
51 13 -1 1 20 49 7
5 7 -1 13 16 18 20
50 12 -1 1 20 50 8
5 7 -1 13 16 18 20
49 10 -1 1 20 51 8
5 7 -1 13 16 18 20
47 9 -1 0 21 51 9
5 7 -1 13 16 18 20
46 8 -1 0 21 52 9
5 7 -1 13 16 18 20
44 6 -1 0 21 53 10
5 7 -1 12 16 18 20
43 5 -1 59 21 53 11
5 7 -1 12 16 18 20
42 4 -1 59 21 54 11
5 7 -1 12 16 18 20
40 2 -1 59 22 55 12
5 7 -1 12 16 18 20
39 1 -1 58 22 55 13
5 7 -1 12 16 18 20
38 0 -1 58 22 56 13
5 6 -1 12 16 18 20
36 58 -1 58 22 56 14
5 6 -1 12 16 18 20
35 57 -1 57 22 57 15
5 6 -1 12 16 18 20
33 55 -1 57 23 58 15
5 6 -1 12 16 18 20
32 54 -1 56 23 58 16
5 6 -1 12 16 18 20
30 53 -1 56 23 59 17
5 6 -1 12 16 19 20
29 51 -1 56 23 0 18
5 6 -1 12 16 19 20
28 50 -1 55 23 0 18
5 6 -1 12 16 19 20
28 50 -1 55 23 0 18
5 6 -1 12 16 19 20
25 47 -1 55 24 2 20
5 6 -1 12 16 19 20
23 46 -1 54 24 2 21
5 6 -1 12 16 19 20
22 45 -1 54 24 3 21
5 6 -1 12 16 19 20
20 43 -1 54 24 4 22
5 6 -1 12 16 19 20
19 42 -1 53 24 4 23
5 6 -1 12 16 19 20
17 41 -1 53 24 5 24
30






























1
По всем вопросам касающимся приложения обращайтесь по WhatsApp +79952867503
1
09.2026

      
	
