1
For advertising or questions send us e-mail kogdanamaz@gmail.com 
30
6 7 -1 13 16 19 20
30 52 -1 36 51 19 36
6 7 -1 13 16 19 20
29 51 -1 35 51 19 37
6 7 -1 13 16 19 20
28 49 -1 35 52 20 38
6 7 -1 13 16 19 20
26 48 -1 35 52 21 38
6 7 -1 13 16 19 20
25 47 -1 34 52 21 39
6 7 -1 13 16 19 20
24 45 -1 34 52 22 39
6 7 -1 13 16 19 20
22 44 -1 34 53 23 40
6 7 -1 13 16 19 20
21 43 -1 33 53 23 41
6 7 -1 13 16 19 20
20 41 -1 33 53 24 41
6 7 -1 13 16 19 20
18 40 -1 33 53 25 42
6 7 -1 13 16 19 20
17 39 -1 32 54 25 43
6 7 -1 13 16 19 20
16 37 -1 32 54 26 43
6 7 -1 13 16 19 20
14 36 -1 32 54 27 44
6 7 -1 13 16 19 20
13 35 -1 31 54 27 45
6 7 -1 13 16 19 20
12 33 -1 31 55 28 45
6 7 -1 13 16 19 20
10 32 -1 30 55 28 46
6 7 -1 13 16 19 20
9 31 -1 30 55 29 47
6 7 -1 13 16 19 20
7 29 -1 30 55 30 47
6 7 -1 13 16 19 20
6 28 -1 29 55 30 48
6 7 -1 13 16 19 20
5 27 -1 29 55 31 49
6 7 -1 13 16 19 20
3 25 -1 29 56 32 49
6 7 -1 13 16 19 20
2 24 -1 28 56 32 50
6 7 -1 13 16 19 20
0 23 -1 28 56 33 51
6 7 -1 13 16 19 20
0 23 -1 28 56 33 51
5 7 -1 13 16 19 20
57 20 -1 27 56 34 52
5 7 -1 13 16 19 20
56 18 -1 27 56 35 53
5 7 -1 13 16 19 20
54 17 -1 27 56 36 54
5 7 -1 13 16 19 20
53 16 -1 26 57 36 55
5 7 -1 13 16 19 20
52 14 -1 26 57 37 55
5 7 -1 13 16 19 20
50 13 -1 26 57 38 56
30






























1
По всем вопросам касающимся приложения обращайтесь по WhatsApp +79952867503
1
09.2026

      
	
