1
For advertising or questions send us e-mail kogdanamaz@gmail.com 
31
6 8 -1 13 16 18 20
41 0 -1 28 33 54 10
6 8 -1 13 16 18 20
41 0 -1 28 33 55 10
6 7 -1 13 16 18 20
40 59 -1 28 34 55 10
6 7 -1 13 16 18 20
39 58 -1 27 34 56 11
6 7 -1 13 16 18 20
39 58 -1 27 34 56 11
6 7 -1 13 16 18 20
38 57 -1 27 35 57 12
6 7 -1 13 16 18 20
38 56 -1 27 35 57 12
6 7 -1 13 16 18 20
37 55 -1 27 35 58 12
6 7 -1 13 16 18 20
36 55 -1 27 36 58 13
6 7 -1 13 16 18 20
36 54 -1 27 36 59 13
6 7 -1 13 16 18 20
36 54 -1 27 36 59 13
6 7 -1 13 16 19 20
34 52 -1 26 36 0 14
6 7 -1 13 16 19 20
33 51 -1 26 37 0 14
6 7 -1 13 16 19 20
33 51 -1 26 37 1 15
6 7 -1 13 16 19 20
32 50 -1 26 37 1 15
6 7 -1 13 16 19 20
31 49 -1 26 38 2 16
6 7 -1 13 16 19 20
30 48 -1 25 38 2 16
6 7 -1 13 16 19 20
29 47 -1 25 38 3 16
6 7 -1 13 16 19 20
29 46 -1 25 38 3 17
6 7 -1 13 16 19 20
28 45 -1 25 39 3 17
6 7 -1 13 16 19 20
27 44 -1 24 39 4 17
6 7 -1 13 16 19 20
26 43 -1 24 39 4 18
6 7 -1 13 16 19 20
25 42 -1 24 39 5 18
6 7 -1 13 16 19 20
24 41 -1 24 39 5 19
6 7 -1 13 16 19 20
23 40 -1 23 39 6 19
6 7 -1 13 16 19 20
23 40 -1 23 39 6 19
6 7 -1 13 16 19 20
21 38 -1 23 40 7 20
6 7 -1 13 16 19 20
20 37 -1 22 40 7 20
6 7 -1 13 16 19 20
19 36 -1 22 40 7 21
6 7 -1 13 16 19 20
18 35 -1 22 40 8 21
6 7 -1 13 16 19 20
17 34 -1 22 40 8 21
31































1
По всем вопросам касающимся приложения обращайтесь по WhatsApp +79952867503
1
08.2026

      
	
