1
For advertising or questions send us e-mail kogdanamaz@gmail.com 
30
5 7 -1 12 16 18 19
46 10 -1 52 6 34 53
5 7 -1 12 16 18 19
45 9 -1 52 6 35 54
5 7 -1 12 16 18 19
44 7 -1 52 6 35 55
5 7 -1 12 16 18 19
42 6 -1 51 7 36 55
5 7 -1 12 16 18 19
41 5 -1 51 7 37 56
5 7 -1 12 16 18 19
39 3 -1 51 8 37 57
5 7 -1 12 16 18 19
38 2 -1 50 8 38 57
5 7 -1 12 16 18 19
37 0 -1 50 8 39 58
5 6 -1 12 16 18 19
35 59 -1 50 9 40 59
5 6 -1 12 16 18 20
34 58 -1 49 9 40 0
5 6 -1 12 16 18 20
32 56 -1 49 9 41 0
5 6 -1 12 16 18 20
31 55 -1 48 9 42 1
5 6 -1 12 16 18 20
29 53 -1 48 10 42 2
5 6 -1 12 16 18 20
28 52 -1 48 10 43 3
5 6 -1 12 16 18 20
27 50 -1 47 10 44 3
5 6 -1 12 16 18 20
25 49 -1 47 11 45 4
5 6 -1 12 16 18 20
24 48 -1 47 11 45 5
5 6 -1 12 16 18 20
22 46 -1 46 11 46 6
5 6 -1 12 16 18 20
21 45 -1 46 11 47 6
5 6 -1 12 16 18 20
19 43 -1 46 12 47 7
5 6 -1 12 16 18 20
18 42 -1 45 12 48 8
5 6 -1 12 16 18 20
16 40 -1 45 12 49 9
5 6 -1 12 16 18 20
14 39 -1 45 12 50 10
5 6 -1 12 16 18 20
14 39 -1 45 12 50 10
5 6 -1 12 16 18 20
11 36 -1 44 13 51 11
5 6 -1 12 16 18 20
10 35 -1 44 13 52 12
5 6 -1 12 16 18 20
8 33 -1 43 13 53 13
5 6 -1 12 16 18 20
7 32 -1 43 13 53 14
5 6 -1 12 16 18 20
5 30 -1 42 14 54 15
5 6 -1 12 16 18 20
4 29 -1 42 14 55 16
30






























1
По всем вопросам касающимся приложения обращайтесь по WhatsApp +79952867503
1
09.2026

      
	
