1
For advertising or questions send us e-mail kogdanamaz@gmail.com 
31
6 7 -1 12 15 18 19
20 50 -1 57 43 3 29
6 7 -1 12 15 18 19
19 49 -1 57 43 4 30
6 7 -1 12 15 18 19
18 48 -1 57 44 5 31
6 7 -1 12 15 18 19
17 47 -1 57 45 6 31
6 7 -1 12 15 18 19
16 46 -1 57 45 7 32
6 7 -1 12 15 18 19
15 45 -1 57 46 8 33
6 7 -1 12 15 18 19
14 44 -1 56 47 8 33
6 7 -1 12 15 18 19
13 43 -1 56 47 9 34
6 7 -1 12 15 18 19
12 42 -1 56 48 10 35
6 7 -1 12 15 18 19
11 40 -1 56 48 11 36
6 7 -1 12 15 18 19
11 40 -1 56 48 11 36
6 7 -1 12 15 18 19
9 38 -1 56 50 13 37
6 7 -1 12 15 18 19
8 37 -1 56 50 14 38
6 7 -1 12 15 18 19
7 36 -1 55 51 14 38
6 7 -1 12 15 18 19
6 34 -1 55 52 15 39
6 7 -1 12 15 18 19
5 33 -1 55 52 16 40
6 7 -1 12 15 18 19
4 32 -1 55 53 17 41
6 7 -1 12 15 18 19
2 31 -1 54 53 18 41
6 7 -1 12 15 18 19
1 29 -1 54 54 19 42
6 7 -1 12 15 18 19
0 28 -1 54 55 20 43
5 7 -1 12 15 18 19
59 27 -1 54 55 20 44
5 7 -1 12 15 18 19
57 25 -1 53 56 21 45
5 7 -1 12 15 18 19
56 24 -1 53 56 22 45
5 7 -1 12 15 18 19
55 23 -1 53 57 23 46
5 7 -1 12 15 18 19
53 21 -1 53 57 24 47
5 7 -1 12 15 18 19
53 21 -1 53 57 24 47
5 7 -1 12 15 18 19
51 18 -1 52 58 25 48
5 7 -1 12 15 18 19
49 17 -1 52 59 26 49
5 7 -1 12 16 18 19
48 15 -1 52 0 27 50
5 7 -1 12 16 18 19
47 14 -1 51 0 28 51
5 7 -1 12 16 18 19
45 13 -1 51 1 29 52
31































1
По всем вопросам касающимся приложения обращайтесь по WhatsApp +79952867503
1
08.2026

      
	
