1
For advertising or questions send us e-mail kogdanamaz@gmail.com 
31
6 7 -1 13 16 18 19
28 51 -1 10 8 29 48
6 7 -1 13 16 18 19
27 50 -1 10 8 29 48
6 7 -1 13 16 18 19
26 49 -1 10 9 30 49
6 7 -1 13 16 18 19
26 49 -1 10 9 31 49
6 7 -1 13 16 18 19
25 48 -1 10 10 31 50
6 7 -1 13 16 18 19
24 47 -1 10 10 32 50
6 7 -1 13 16 18 19
23 46 -1 10 11 32 51
6 7 -1 13 16 18 19
23 45 -1 9 11 33 51
6 7 -1 13 16 18 19
22 44 -1 9 12 34 52
6 7 -1 13 16 18 19
21 43 -1 9 12 34 52
6 7 -1 13 16 18 19
21 43 -1 9 12 34 52
6 7 -1 13 16 18 19
19 41 -1 9 13 36 54
6 7 -1 13 16 18 19
18 40 -1 9 13 36 54
6 7 -1 13 16 18 19
18 39 -1 8 14 37 55
6 7 -1 13 16 18 19
17 38 -1 8 14 37 55
6 7 -1 13 16 18 19
16 37 -1 8 15 38 56
6 7 -1 13 16 18 19
15 36 -1 8 15 39 56
6 7 -1 13 16 18 19
14 35 -1 8 15 39 57
6 7 -1 13 16 18 19
13 34 -1 7 16 40 57
6 7 -1 13 16 18 19
12 33 -1 7 16 41 58
6 7 -1 13 16 18 19
11 32 -1 7 17 41 58
6 7 -1 13 16 18 19
10 31 -1 7 17 42 59
6 7 -1 13 16 18 19
9 30 -1 6 17 42 59
6 7 -1 13 16 18 20
8 29 -1 6 18 43 0
6 7 -1 13 16 18 20
6 27 -1 6 18 44 0
6 7 -1 13 16 18 20
6 27 -1 6 18 44 0
6 7 -1 13 16 18 20
4 25 -1 5 19 45 2
6 7 -1 13 16 18 20
3 24 -1 5 19 45 2
6 7 -1 13 16 18 20
2 23 -1 5 19 46 3
6 7 -1 13 16 18 20
1 22 -1 4 19 47 3
6 7 -1 13 16 18 20
0 20 -1 4 20 47 4
31































1
По всем вопросам касающимся приложения обращайтесь по WhatsApp +79952867503
1
08.2026

      
	
