1
For advertising or questions send us e-mail kogdanamaz@gmail.com 
30
4 5 -1 12 16 18 20
5 35 -1 40 18 52 32
4 5 -1 12 16 18 20
5 35 -1 40 18 50 30
4 5 -1 12 16 18 20
5 35 -1 40 18 49 29
4 5 -1 12 16 18 20
5 35 -1 40 18 48 28
4 5 -1 12 16 18 20
6 36 -1 40 17 46 26
4 5 -1 12 16 18 20
7 37 -1 40 17 44 24
4 5 -1 12 16 18 20
8 38 -1 40 17 42 22
4 5 -1 12 16 18 20
8 38 -1 40 17 40 20
4 5 -1 12 16 18 20
9 39 -1 40 16 38 18
4 5 -1 12 16 18 20
9 39 -1 40 16 36 16
4 5 -1 12 16 18 20
10 40 -1 40 15 34 14
4 5 -1 12 16 18 20
10 40 -1 40 15 32 12
4 5 -1 12 16 18 20
11 41 -1 40 14 31 11
4 5 -1 12 16 18 20
13 43 -1 40 14 30 10
4 5 -1 12 16 18 20
15 45 -1 40 13 27 7
4 5 -1 12 16 18 20
17 47 -1 40 13 25 5
4 5 -1 12 16 18 20
20 50 -1 40 12 23 3
4 5 -1 12 16 18 20
21 51 -1 40 12 22 2
4 5 -1 12 16 18 20
22 52 -1 40 11 20 0
4 5 -1 12 16 18 19
23 53 -1 40 11 18 58
4 5 -1 12 16 18 19
24 54 -1 40 10 16 56
4 5 -1 12 16 18 19
26 56 -1 40 9 14 54
4 6 -1 12 16 18 19
30 0 -1 40 7 12 52
4 6 -1 12 16 18 19
32 2 -1 40 6 10 50
4 6 -1 12 16 18 19
35 5 -1 40 4 8 48
4 6 -1 12 16 18 19
36 6 -1 40 3 6 46
4 6 -1 12 16 18 19
38 8 -1 40 2 4 44
4 6 -1 12 16 18 19
39 9 -1 40 1 2 42
4 6 -1 12 16 18 19
41 11 -1 40 0 1 41
4 6 -1 12 15 18 19
41 11 -1 40 55 0 40
30






























1
По всем вопросам касающимся приложения обращайтесь по WhatsApp +79952867503
1
09.2026

      
	
