1
For advertising or questions send us e-mail kogdanamaz@gmail.com 
31
6 7 -1 13 16 18 20
40 58 -1 28 36 58 12
6 7 -1 13 16 18 20
40 57 -1 28 37 59 13
6 7 -1 13 16 18 20
39 57 -1 28 37 59 13
6 7 -1 13 16 19 20
39 56 -1 28 37 0 13
6 7 -1 13 16 19 20
38 55 -1 28 38 0 14
6 7 -1 13 16 19 20
37 55 -1 28 38 0 14
6 7 -1 13 16 19 20
37 54 -1 28 38 1 14
6 7 -1 13 16 19 20
36 53 -1 28 38 1 15
6 7 -1 13 16 19 20
36 53 -1 28 39 2 15
6 7 -1 13 16 19 20
35 52 -1 27 39 2 15
6 7 -1 13 16 19 20
35 52 -1 27 39 2 15
6 7 -1 13 16 19 20
34 50 -1 27 39 3 16
6 7 -1 13 16 19 20
33 50 -1 27 40 4 16
6 7 -1 13 16 19 20
32 49 -1 27 40 4 17
6 7 -1 13 16 19 20
32 48 -1 27 40 4 17
6 7 -1 13 16 19 20
31 47 -1 26 40 5 17
6 7 -1 13 16 19 20
30 46 -1 26 40 5 18
6 7 -1 13 16 19 20
29 46 -1 26 41 6 18
6 7 -1 13 16 19 20
29 45 -1 26 41 6 18
6 7 -1 13 16 19 20
28 44 -1 25 41 6 19
6 7 -1 13 16 19 20
27 43 -1 25 41 7 19
6 7 -1 13 16 19 20
26 42 -1 25 41 7 19
6 7 -1 13 16 19 20
25 41 -1 25 41 8 20
6 7 -1 13 16 19 20
24 40 -1 24 42 8 20
6 7 -1 13 16 19 20
24 39 -1 24 42 8 20
6 7 -1 13 16 19 20
24 39 -1 24 42 8 20
6 7 -1 13 16 19 20
22 37 -1 24 42 9 21
6 7 -1 13 16 19 20
21 36 -1 23 42 9 21
6 7 -1 13 16 19 20
20 36 -1 23 42 10 22
6 7 -1 13 16 19 20
19 35 -1 23 42 10 22
6 7 -1 13 16 19 20
18 34 -1 22 42 11 22
31































1
По всем вопросам касающимся приложения обращайтесь по WhatsApp +79952867503
1
08.2026

      
	
