1
For advertising or questions send us e-mail kogdanamaz@gmail.com 
30
6 7 -1 13 16 19 20
29 50 -1 35 51 19 35
6 7 -1 13 16 19 20
28 49 -1 34 51 19 36
6 7 -1 13 16 19 20
27 47 -1 34 51 20 36
6 7 -1 13 16 19 20
26 46 -1 34 52 20 37
6 7 -1 13 16 19 20
24 45 -1 33 52 21 37
6 7 -1 13 16 19 20
23 44 -1 33 52 22 38
6 7 -1 13 16 19 20
22 42 -1 33 52 22 39
6 7 -1 13 16 19 20
21 41 -1 32 53 23 39
6 7 -1 13 16 19 20
19 40 -1 32 53 23 40
6 7 -1 13 16 19 20
18 38 -1 31 53 24 40
6 7 -1 13 16 19 20
17 37 -1 31 53 25 41
6 7 -1 13 16 19 20
15 36 -1 31 53 25 41
6 7 -1 13 16 19 20
14 35 -1 30 53 26 42
6 7 -1 13 16 19 20
13 33 -1 30 54 26 43
6 7 -1 13 16 19 20
11 32 -1 30 54 27 43
6 7 -1 13 16 19 20
10 31 -1 29 54 28 44
6 7 -1 13 16 19 20
9 29 -1 29 54 28 45
6 7 -1 13 16 19 20
7 28 -1 29 54 29 45
6 7 -1 13 16 19 20
6 27 -1 28 54 29 46
6 7 -1 13 16 19 20
5 25 -1 28 54 30 46
6 7 -1 13 16 19 20
3 24 -1 28 55 31 47
6 7 -1 13 16 19 20
2 23 -1 27 55 31 48
6 7 -1 13 16 19 20
1 22 -1 27 55 32 48
6 7 -1 13 16 19 20
1 22 -1 27 55 32 48
5 7 -1 13 16 19 20
58 19 -1 26 55 33 50
5 7 -1 13 16 19 20
56 18 -1 26 55 34 50
5 7 -1 13 16 19 20
55 16 -1 26 55 34 51
5 7 -1 13 16 19 20
54 15 -1 25 55 35 52
5 7 -1 13 16 19 20
52 14 -1 25 55 35 53
5 7 -1 13 16 19 20
51 12 -1 25 55 36 53
30






























1
По всем вопросам касающимся приложения обращайтесь по WhatsApp +79952867503
1
09.2026

      
	
