1
For advertising or questions send us e-mail kogdanamaz@gmail.com 
31
6 7 -1 13 16 18 19
17 36 -1 3 7 28 44
6 7 -1 13 16 18 19
16 36 -1 3 7 29 45
6 7 -1 13 16 18 19
16 35 -1 3 8 29 45
6 7 -1 13 16 18 19
15 34 -1 2 8 30 45
6 7 -1 13 16 18 19
14 34 -1 2 8 30 46
6 7 -1 13 16 18 19
14 33 -1 2 9 31 46
6 7 -1 13 16 18 19
13 32 -1 2 9 31 47
6 7 -1 13 16 18 19
12 31 -1 2 10 32 47
6 7 -1 13 16 18 19
12 31 -1 2 10 32 47
6 7 -1 13 16 18 19
11 30 -1 2 10 33 48
6 7 -1 13 16 18 19
11 30 -1 2 10 33 48
6 7 -1 13 16 18 19
10 28 -1 1 11 34 49
6 7 -1 13 16 18 19
9 27 -1 1 11 34 49
6 7 -1 13 16 18 19
8 27 -1 1 11 35 50
6 7 -1 13 16 18 19
7 26 -1 1 12 35 50
6 7 -1 13 16 18 19
6 25 -1 1 12 36 50
6 7 -1 13 16 18 19
6 24 -1 0 12 36 51
6 7 -1 13 16 18 19
5 23 -1 0 13 37 51
6 7 -1 13 16 18 19
4 22 -1 0 13 37 52
6 7 -1 13 16 18 19
3 21 -1 0 13 38 52
6 7 -1 12 16 18 19
2 20 -1 59 13 38 52
6 7 -1 12 16 18 19
1 19 -1 59 13 39 53
6 7 -1 12 16 18 19
0 18 -1 59 14 39 53
5 7 -1 12 16 18 19
59 17 -1 59 14 40 54
5 7 -1 12 16 18 19
58 16 -1 58 14 40 54
5 7 -1 12 16 18 19
58 16 -1 58 14 40 54
5 7 -1 12 16 18 19
56 14 -1 58 14 41 55
5 7 -1 12 16 18 19
55 13 -1 58 15 42 55
5 7 -1 12 16 18 19
54 12 -1 57 15 42 56
5 7 -1 12 16 18 19
53 11 -1 57 15 42 56
5 7 -1 12 16 18 19
52 10 -1 57 15 43 56
31































1
По всем вопросам касающимся приложения обращайтесь по WhatsApp +79952867503
1
08.2026

      
	
