1
For advertising or questions send us e-mail kogdanamaz@gmail.com 
31
6 7 -1 13 16 18 20
38 58 -1 24 28 49 5
6 7 -1 13 16 18 20
38 57 -1 24 28 49 5
6 7 -1 13 16 18 20
37 57 -1 24 28 50 6
6 7 -1 13 16 18 20
36 56 -1 24 29 51 6
6 7 -1 13 16 18 20
36 55 -1 24 29 51 7
6 7 -1 13 16 18 20
35 55 -1 23 30 52 7
6 7 -1 13 16 18 20
34 54 -1 23 30 52 8
6 7 -1 13 16 18 20
34 53 -1 23 30 53 8
6 7 -1 13 16 18 20
33 52 -1 23 31 53 8
6 7 -1 13 16 18 20
32 51 -1 23 31 54 9
6 7 -1 13 16 18 20
32 51 -1 23 31 54 9
6 7 -1 13 16 18 20
31 50 -1 23 32 55 10
6 7 -1 13 16 18 20
30 49 -1 22 32 55 10
6 7 -1 13 16 18 20
29 48 -1 22 32 56 10
6 7 -1 13 16 18 20
29 47 -1 22 33 56 11
6 7 -1 13 16 18 20
28 46 -1 22 33 57 11
6 7 -1 13 16 18 20
27 45 -1 22 33 57 12
6 7 -1 13 16 18 20
26 44 -1 21 33 58 12
6 7 -1 13 16 18 20
25 43 -1 21 34 58 12
6 7 -1 13 16 18 20
24 42 -1 21 34 59 13
6 7 -1 13 16 18 20
23 41 -1 21 34 59 13
6 7 -1 13 16 19 20
22 41 -1 20 34 0 14
6 7 -1 13 16 19 20
22 40 -1 20 35 0 14
6 7 -1 13 16 19 20
21 38 -1 20 35 1 15
6 7 -1 13 16 19 20
20 37 -1 20 35 1 15
6 7 -1 13 16 19 20
20 37 -1 20 35 1 15
6 7 -1 13 16 19 20
18 35 -1 19 35 2 16
6 7 -1 13 16 19 20
17 34 -1 19 36 2 16
6 7 -1 13 16 19 20
16 33 -1 18 36 3 17
6 7 -1 13 16 19 20
15 32 -1 18 36 3 17
6 7 -1 13 16 19 20
14 31 -1 18 36 4 17
31































1
По всем вопросам касающимся приложения обращайтесь по WhatsApp +79952867503
1
08.2026

      
	
