1
For advertising or questions send us e-mail kogdanamaz@gmail.com 
30
6 7 -1 13 16 19 20
25 54 -1 33 42 11 35
6 7 -1 13 16 19 20
24 52 -1 32 43 12 36
6 7 -1 13 16 19 20
22 51 -1 32 43 13 36
6 7 -1 13 16 19 20
21 49 -1 32 44 14 37
6 7 -1 13 16 19 20
19 48 -1 31 44 15 38
6 7 -1 13 16 19 20
18 46 -1 31 45 15 39
6 7 -1 13 16 19 20
16 45 -1 31 45 16 40
6 7 -1 13 16 19 20
15 43 -1 30 46 17 41
6 7 -1 13 16 19 20
13 42 -1 30 46 18 42
6 7 -1 13 16 19 20
11 40 -1 30 47 19 43
6 7 -1 13 16 19 20
10 38 -1 29 47 20 44
6 7 -1 13 16 19 20
8 37 -1 29 47 21 44
6 7 -1 13 16 19 20
7 35 -1 29 48 22 45
6 7 -1 13 16 19 20
5 34 -1 28 48 22 46
6 7 -1 13 16 19 20
3 32 -1 28 49 23 47
6 7 -1 13 16 19 20
2 30 -1 27 49 24 48
6 7 -1 13 16 19 20
0 29 -1 27 50 25 49
5 7 -1 13 16 19 20
58 27 -1 27 50 26 50
5 7 -1 13 16 19 20
56 26 -1 26 50 27 51
5 7 -1 13 16 19 20
55 24 -1 26 51 28 52
5 7 -1 13 16 19 20
53 22 -1 26 51 29 53
5 7 -1 13 16 19 20
51 21 -1 25 52 30 54
5 7 -1 13 16 19 20
50 19 -1 25 52 31 55
5 7 -1 13 16 19 20
50 19 -1 25 52 31 55
5 7 -1 13 16 19 20
46 16 -1 24 53 32 57
5 7 -1 13 16 19 20
44 14 -1 24 53 33 58
5 7 -1 13 16 19 20
43 13 -1 24 53 34 59
5 7 -1 13 16 19 21
41 11 -1 23 54 35 0
5 7 -1 13 16 19 21
39 9 -1 23 54 36 1
5 7 -1 13 16 19 21
37 8 -1 23 55 37 2
30






























1
По всем вопросам касающимся приложения обращайтесь по WhatsApp +79952867503
1
09.2026

      
	
