1
For advertising or questions send us e-mail kogdanamaz@gmail.com 
31
6 8 -1 13 16 18 19
39 10 -1 16 0 21 47
6 8 -1 13 16 18 19
38 9 -1 16 1 22 48
6 8 -1 13 16 18 19
38 8 -1 16 1 23 49
6 8 -1 13 16 18 19
37 7 -1 16 2 23 50
6 8 -1 13 16 18 19
36 6 -1 16 3 24 50
6 8 -1 13 16 18 19
35 5 -1 15 3 25 51
6 8 -1 13 16 18 19
34 4 -1 15 4 26 52
6 8 -1 13 16 18 19
33 3 -1 15 5 27 53
6 8 -1 13 16 18 19
32 2 -1 15 5 28 53
6 8 -1 13 16 18 19
31 1 -1 15 6 29 54
6 8 -1 13 16 18 19
31 1 -1 15 6 29 54
6 7 -1 13 16 18 19
28 58 -1 15 7 30 56
6 7 -1 13 16 18 19
27 57 -1 14 8 31 56
6 7 -1 13 16 18 19
26 56 -1 14 9 32 57
6 7 -1 13 16 18 19
25 54 -1 14 9 33 58
6 7 -1 13 16 18 19
24 53 -1 14 10 34 59
6 7 -1 13 16 18 19
23 52 -1 14 11 35 59
6 7 -1 13 16 18 20
21 51 -1 13 11 36 0
6 7 -1 13 16 18 20
20 49 -1 13 12 37 1
6 7 -1 13 16 18 20
19 48 -1 13 12 38 2
6 7 -1 13 16 18 20
18 46 -1 13 13 38 3
6 7 -1 13 16 18 20
16 45 -1 12 14 39 3
6 7 -1 13 16 18 20
15 44 -1 12 14 40 4
6 7 -1 13 16 18 20
14 42 -1 12 15 41 5
6 7 -1 13 16 18 20
12 41 -1 12 15 42 6
6 7 -1 13 16 18 20
12 41 -1 12 15 42 6
6 7 -1 13 16 18 20
10 38 -1 11 16 44 7
6 7 -1 13 16 18 20
8 37 -1 11 17 45 8
6 7 -1 13 16 18 20
7 35 -1 10 18 45 9
6 7 -1 13 16 18 20
5 34 -1 10 18 46 10
6 7 -1 13 16 18 20
4 32 -1 10 19 47 11
31































1
По всем вопросам касающимся приложения обращайтесь по WhatsApp +79952867503
1
08.2026

      
	
