1
For advertising or questions send us e-mail kogdanamaz@gmail.com 
30
4 5 -1 11 15 18 19
38 48 -1 58 5 7 14
4 5 -1 11 15 18 19
38 48 -1 58 6 7 13
4 5 -1 11 15 18 19
38 48 -1 57 6 6 13
4 5 -1 11 15 18 19
38 48 -1 57 6 6 13
4 5 -1 11 15 18 19
38 47 -1 57 6 5 11
4 5 -1 11 15 18 19
38 47 -1 56 6 4 11
4 5 -1 11 15 18 19
38 47 -1 56 6 4 10
4 5 -1 11 15 18 19
38 47 -1 56 7 3 9
4 5 -1 11 15 18 19
38 47 -1 55 7 2 9
4 5 -1 11 15 18 19
38 47 -1 55 7 2 8
4 5 -1 11 15 18 19
38 47 -1 55 7 1 7
4 5 -1 11 15 18 19
38 47 -1 54 7 0 7
4 5 -1 11 15 18 19
38 47 -1 54 7 0 6
4 5 -1 11 15 17 19
38 47 -1 54 7 59 5
4 5 -1 11 15 17 19
38 47 -1 53 7 59 5
4 5 -1 11 15 17 19
38 47 -1 53 7 58 4
4 5 -1 11 15 17 19
38 47 -1 53 7 57 3
4 5 -1 11 15 17 19
38 47 -1 52 7 57 3
4 5 -1 11 15 17 19
38 47 -1 52 7 57 3
4 5 -1 11 15 17 19
38 46 -1 51 7 55 1
4 5 -1 11 15 17 19
38 46 -1 51 7 55 1
4 5 -1 11 15 17 19
38 46 -1 51 7 54 0
4 5 -1 11 15 17 18
38 46 -1 50 7 53 59
4 5 -1 11 15 17 18
37 46 -1 50 7 53 59
4 5 -1 11 15 17 18
37 46 -1 50 7 52 58
4 5 -1 11 15 17 18
37 46 -1 49 7 51 57
4 5 -1 11 15 17 18
37 46 -1 49 7 51 57
4 5 -1 11 15 17 18
37 46 -1 49 6 50 56
4 5 -1 11 15 17 18
37 46 -1 48 6 50 55
4 5 -1 11 15 17 18
37 46 -1 48 6 49 55
30






























1
По всем вопросам касающимся приложения обращайтесь по WhatsApp +79952867503
1
09.2026

      
	
