1
For advertising or questions send us e-mail kogdanamaz@gmail.com 
30
4 5 -1 11 14 17 19
29 39 -1 49 56 58 5
4 5 -1 11 14 17 19
29 39 -1 49 56 58 4
4 5 -1 11 14 17 19
29 39 -1 49 56 57 4
4 5 -1 11 14 17 19
29 39 -1 49 56 57 4
4 5 -1 11 14 17 19
29 39 -1 48 57 56 2
4 5 -1 11 14 17 19
29 39 -1 48 57 55 2
4 5 -1 11 14 17 19
29 39 -1 47 57 55 1
4 5 -1 11 14 17 19
29 39 -1 47 57 54 0
4 5 -1 11 14 17 19
29 39 -1 47 57 53 0
4 5 -1 11 14 17 18
29 38 -1 46 57 53 59
4 5 -1 11 14 17 18
29 38 -1 46 57 52 58
4 5 -1 11 14 17 18
29 38 -1 45 57 52 58
4 5 -1 11 14 17 18
29 38 -1 45 58 51 57
4 5 -1 11 14 17 18
29 38 -1 45 58 50 56
4 5 -1 11 14 17 18
29 38 -1 44 58 50 56
4 5 -1 11 14 17 18
29 38 -1 44 58 49 55
4 5 -1 11 14 17 18
29 38 -1 44 58 48 54
4 5 -1 11 14 17 18
29 38 -1 43 58 48 54
4 5 -1 11 14 17 18
29 38 -1 43 58 48 54
4 5 -1 11 14 17 18
29 38 -1 43 58 46 52
4 5 -1 11 14 17 18
29 38 -1 42 58 46 52
4 5 -1 11 14 17 18
29 37 -1 42 58 45 51
4 5 -1 11 14 17 18
29 37 -1 42 58 45 50
4 5 -1 11 14 17 18
29 37 -1 41 58 44 50
4 5 -1 11 14 17 18
29 37 -1 41 58 43 49
4 5 -1 11 14 17 18
29 37 -1 40 57 43 48
4 5 -1 11 14 17 18
28 37 -1 40 57 42 48
4 5 -1 11 14 17 18
28 37 -1 40 57 41 47
4 5 -1 11 14 17 18
28 37 -1 39 57 41 47
4 5 -1 11 14 17 18
28 37 -1 39 57 40 46
30






























1
По всем вопросам касающимся приложения обращайтесь по WhatsApp +79952867503
1
09.2026

      
	
