1
For advertising or questions send us e-mail kogdanamaz@gmail.com 
31
4 5 -1 11 15 17 18
40 49 -1 50 9 51 57
4 5 -1 11 15 17 18
40 49 -1 50 9 51 56
4 5 -1 11 15 17 18
40 49 -1 50 9 51 56
4 5 -1 11 15 17 18
40 48 -1 49 8 49 55
4 5 -1 11 15 17 18
40 48 -1 49 8 49 55
4 5 -1 11 15 17 18
40 48 -1 49 8 48 54
4 5 -1 11 15 17 18
40 48 -1 49 8 48 54
4 5 -1 11 15 17 18
39 48 -1 48 8 47 53
4 5 -1 11 15 17 18
39 48 -1 48 8 47 53
4 5 -1 11 15 17 18
39 48 -1 48 8 46 52
4 5 -1 11 15 17 18
39 48 -1 48 8 46 52
4 5 -1 11 15 17 18
39 48 -1 47 7 45 51
4 5 -1 11 15 17 18
39 48 -1 47 7 45 51
4 5 -1 11 15 17 18
39 49 -1 47 7 44 50
4 5 -1 11 15 17 18
39 49 -1 47 7 44 50
4 5 -1 11 15 17 18
39 49 -1 46 7 43 49
4 5 -1 11 15 17 18
39 49 -1 46 7 43 49
4 5 -1 11 15 17 18
39 49 -1 46 7 43 49
4 5 -1 11 15 17 18
39 49 -1 46 7 42 48
4 5 -1 11 15 17 18
39 49 -1 46 6 41 48
4 5 -1 11 15 17 18
39 49 -1 45 6 41 47
4 5 -1 11 15 17 18
39 49 -1 45 6 40 47
4 5 -1 11 15 17 18
39 49 -1 45 6 40 47
4 5 -1 11 15 17 18
39 49 -1 45 6 40 47
4 5 -1 11 15 17 18
39 49 -1 45 6 39 46
4 5 -1 11 15 17 18
40 50 -1 45 6 39 46
4 5 -1 11 15 17 18
40 50 -1 45 6 39 46
4 5 -1 11 15 17 18
40 50 -1 45 6 38 45
4 5 -1 11 15 17 18
40 50 -1 45 6 38 45
4 5 -1 11 15 17 18
40 50 -1 45 5 38 45
4 5 -1 11 15 17 18
40 51 -1 44 5 37 45
31































1
По всем вопросам касающимся приложения обращайтесь по WhatsApp +79952867503
1
10.2026

      
	