1
For advertising or questions send us e-mail kogdanamaz@gmail.com 
30
4 5 -1 12 15 18 20
2 16 -1 30 45 37 6
4 5 -1 12 15 18 20
4 17 -1 30 44 36 4
4 5 -1 12 15 18 20
5 18 -1 30 44 34 2
4 5 -1 12 15 18 20
6 20 -1 30 43 32 0
4 5 -1 12 15 18 19
7 20 -1 30 42 30 59
4 5 -1 12 15 18 19
9 22 -1 30 41 28 57
4 5 -1 12 15 18 19
10 23 -1 30 41 27 55
4 5 -1 12 15 18 19
12 24 -1 30 40 25 53
4 5 -1 12 15 18 19
13 25 -1 30 39 23 52
4 5 -1 12 15 18 19
14 26 -1 30 38 21 50
4 5 -1 12 15 18 19
16 27 -1 30 37 19 48
4 5 -1 12 15 18 19
17 29 -1 30 37 18 46
4 5 -1 12 15 18 19
18 30 -1 30 36 16 44
4 5 -1 12 15 18 19
20 31 -1 30 35 14 43
4 5 -1 12 15 18 19
21 32 -1 30 34 12 41
4 5 -1 12 15 18 19
22 33 -1 30 33 10 39
4 5 -1 12 15 18 19
23 34 -1 30 32 8 37
4 5 -1 12 15 18 19
25 35 -1 30 32 6 35
4 5 -1 12 15 18 19
26 37 -1 30 32 5 34
4 5 -1 12 15 18 19
26 37 -1 30 31 3 32
4 5 -1 12 15 18 19
28 39 -1 30 30 1 30
4 5 -1 12 15 17 19
30 40 -1 30 29 59 28
4 5 -1 12 15 17 19
31 41 -1 30 28 57 26
4 5 -1 12 15 17 19
32 42 -1 30 27 55 24
4 5 -1 12 15 17 19
33 43 -1 30 25 54 23
4 5 -1 12 15 17 19
34 45 -1 30 24 52 21
4 5 -1 12 15 17 19
35 46 -1 30 22 50 19
4 5 -1 12 15 17 19
36 47 -1 30 21 48 17
4 5 -1 12 15 17 19
37 48 -1 30 20 46 15
4 5 -1 12 15 17 19
38 49 -1 30 19 45 14
30






























1
По всем вопросам касающимся приложения обращайтесь по WhatsApp +79952867503
1
09.2026

      
	
