1
For advertising or questions send us e-mail kogdanamaz@gmail.com 
31
4 5 -1 11 15 18 19
23 36 -1 51 11 5 14
4 5 -1 11 15 18 19
24 36 -1 51 10 5 14
4 5 -1 11 15 18 19
24 36 -1 51 10 5 14
4 5 -1 11 15 18 19
24 36 -1 51 9 4 13
4 5 -1 11 15 18 19
24 36 -1 51 9 4 13
4 5 -1 11 15 18 19
24 36 -1 51 8 4 12
4 5 -1 11 15 18 19
25 36 -1 50 8 3 12
4 5 -1 11 15 18 19
25 36 -1 50 7 3 12
4 5 -1 11 15 18 19
25 36 -1 50 6 3 11
4 5 -1 11 15 18 19
25 37 -1 50 6 2 11
4 5 -1 11 15 18 19
25 37 -1 50 5 2 10
4 5 -1 11 15 18 19
25 37 -1 50 4 2 10
4 5 -1 11 15 18 19
25 37 -1 50 4 1 9
4 5 -1 11 15 18 19
26 37 -1 49 3 1 9
4 5 -1 11 15 18 19
26 37 -1 49 2 1 8
4 5 -1 11 15 18 19
26 37 -1 49 1 0 8
4 5 -1 11 15 18 19
26 37 -1 49 1 0 7
4 5 -1 11 15 17 19
26 37 -1 48 0 59 7
4 5 -1 11 14 17 19
26 37 -1 48 59 59 6
4 5 -1 11 14 17 19
26 37 -1 48 59 59 6
4 5 -1 11 14 17 19
26 36 -1 48 57 58 5
4 5 -1 11 14 17 19
26 36 -1 47 56 58 5
4 5 -1 11 14 17 19
26 36 -1 47 55 57 4
4 5 -1 11 14 17 19
26 36 -1 47 54 57 3
4 5 -1 11 14 17 19
26 36 -1 47 53 56 3
4 5 -1 11 14 17 19
26 36 -1 46 52 56 2
4 5 -1 11 14 17 19
26 36 -1 46 51 55 2
4 5 -1 11 14 17 19
26 36 -1 46 50 55 1
4 5 -1 11 14 17 19
26 36 -1 46 49 54 1
4 5 -1 11 14 17 19
26 36 -1 45 48 54 0
4 5 -1 11 14 17 18
26 36 -1 45 47 53 59
31































1
По всем вопросам касающимся приложения обращайтесь по WhatsApp +79952867503
1
08.2026

      
	
