1
For advertising or questions send us e-mail kogdanamaz@gmail.com 
31
4 5 -1 12 15 18 19
38 51 -1 9 27 26 35
4 5 -1 12 15 18 19
38 51 -1 9 27 25 35
4 5 -1 12 15 18 19
38 51 -1 9 26 25 35
4 5 -1 12 15 18 19
39 51 -1 9 25 25 34
4 5 -1 12 15 18 19
39 51 -1 8 25 24 34
4 5 -1 12 15 18 19
39 52 -1 8 24 24 33
4 5 -1 12 15 18 19
39 52 -1 8 24 24 33
4 5 -1 12 15 18 19
39 52 -1 8 23 23 32
4 5 -1 12 15 18 19
40 52 -1 8 22 23 32
4 5 -1 12 15 18 19
40 52 -1 8 22 23 31
4 5 -1 12 15 18 19
40 52 -1 8 21 22 31
4 5 -1 12 15 18 19
40 52 -1 7 20 22 30
4 5 -1 12 15 18 19
40 52 -1 7 19 21 30
4 5 -1 12 15 18 19
41 52 -1 7 18 21 29
4 5 -1 12 15 18 19
41 52 -1 7 18 20 29
4 5 -1 12 15 18 19
41 52 -1 7 17 20 28
4 5 -1 12 15 18 19
41 52 -1 7 16 20 28
4 5 -1 12 15 18 19
41 52 -1 6 15 19 27
4 5 -1 12 15 18 19
41 52 -1 6 14 19 26
4 5 -1 12 15 18 19
41 52 -1 6 14 19 26
4 5 -1 12 15 18 19
42 52 -1 6 12 18 25
4 5 -1 12 15 18 19
42 52 -1 5 11 17 25
4 5 -1 12 15 18 19
42 52 -1 5 10 17 24
4 5 -1 12 15 18 19
42 52 -1 5 9 16 23
4 5 -1 12 15 18 19
42 52 -1 4 8 15 23
4 5 -1 12 15 18 19
42 52 -1 4 8 15 22
4 5 -1 12 15 18 19
42 52 -1 4 8 14 21
4 5 -1 12 15 18 19
42 52 -1 4 8 14 21
4 5 -1 12 15 18 19
42 52 -1 3 8 13 20
4 5 -1 12 15 18 19
42 52 -1 3 9 13 19
4 5 -1 12 15 18 19
42 52 -1 3 9 12 19
31































1
По всем вопросам касающимся приложения обращайтесь по WhatsApp +79952867503
1
08.2026

      
	
