1
For advertising or questions send us e-mail kogdanamaz@gmail.com 
30
4 5 -1 12 15 18 19
48 58 -1 8 14 17 23
4 5 -1 12 15 18 19
48 57 -1 7 14 16 23
4 5 -1 12 15 18 19
48 57 -1 7 15 16 22
4 5 -1 12 15 18 19
48 57 -1 7 15 16 22
4 5 -1 12 15 18 19
48 57 -1 6 15 14 21
4 5 -1 12 15 18 19
48 57 -1 6 15 14 20
4 5 -1 12 15 18 19
48 57 -1 6 15 13 19
4 5 -1 12 15 18 19
48 57 -1 5 15 12 19
4 5 -1 12 15 18 19
48 57 -1 5 16 12 18
4 5 -1 12 15 18 19
48 57 -1 5 16 11 17
4 5 -1 12 15 18 19
48 57 -1 4 16 11 17
4 5 -1 12 15 18 19
48 57 -1 4 16 10 16
4 5 -1 12 15 18 19
48 57 -1 4 16 9 15
4 5 -1 12 15 18 19
48 57 -1 3 16 9 15
4 5 -1 12 15 18 19
48 57 -1 3 16 8 14
4 5 -1 12 15 18 19
48 56 -1 3 16 7 13
4 5 -1 12 15 18 19
48 56 -1 2 16 7 13
4 5 -1 12 15 18 19
48 56 -1 2 16 6 12
4 5 -1 12 15 18 19
48 56 -1 2 16 6 12
4 5 -1 12 15 18 19
47 56 -1 1 16 5 11
4 5 -1 12 15 18 19
47 56 -1 1 16 4 10
4 5 -1 12 15 18 19
47 56 -1 0 16 4 9
4 5 -1 12 15 18 19
47 56 -1 0 16 3 9
4 5 -1 12 15 18 19
47 56 -1 0 16 2 8
4 5 -1 11 15 18 19
47 56 -1 59 16 2 7
4 5 -1 11 15 18 19
47 56 -1 59 16 1 7
4 5 -1 11 15 18 19
47 56 -1 59 16 1 6
4 5 -1 11 15 18 19
47 56 -1 58 16 0 6
4 5 -1 11 15 17 19
47 56 -1 58 16 59 5
4 5 -1 11 15 17 19
47 55 -1 58 16 59 4
30






























1
По всем вопросам касающимся приложения обращайтесь по WhatsApp +79952867503
1
09.2026

      
	
