1
For advertising or questions send us e-mail kogdanamaz@gmail.com 
31
4 6 -1 12 15 18 19
56 5 -1 7 25 7 13
4 6 -1 12 15 18 19
56 5 -1 6 25 7 13
4 6 -1 12 15 18 19
56 5 -1 6 25 7 13
4 6 -1 12 15 18 19
56 5 -1 6 25 5 11
4 6 -1 12 15 18 19
56 5 -1 5 25 5 11
4 6 -1 12 15 18 19
56 5 -1 5 25 4 10
4 6 -1 12 15 18 19
56 5 -1 5 24 4 10
4 6 -1 12 15 18 19
56 5 -1 5 24 3 9
4 6 -1 12 15 18 19
56 5 -1 4 24 3 9
4 6 -1 12 15 18 19
56 5 -1 4 24 2 8
4 6 -1 12 15 18 19
56 5 -1 4 24 2 8
4 6 -1 12 15 18 19
56 5 -1 3 24 1 7
4 6 -1 12 15 18 19
56 5 -1 3 24 0 7
4 6 -1 12 15 18 19
56 5 -1 3 23 0 6
4 6 -1 12 15 17 19
56 5 -1 3 23 59 6
4 6 -1 12 15 17 19
56 5 -1 3 23 59 5
4 6 -1 12 15 17 19
56 5 -1 2 23 58 5
4 6 -1 12 15 17 19
56 5 -1 2 23 58 5
4 6 -1 12 15 17 19
56 5 -1 2 23 58 4
4 6 -1 12 15 17 19
56 5 -1 2 23 57 4
4 6 -1 12 15 17 19
56 5 -1 2 22 57 3
4 6 -1 12 15 17 19
56 6 -1 1 22 56 3
4 6 -1 12 15 17 19
56 6 -1 1 22 56 3
4 6 -1 12 15 17 19
56 6 -1 1 22 55 2
4 6 -1 12 15 17 19
56 6 -1 1 22 55 2
4 6 -1 12 15 17 19
56 6 -1 1 22 55 2
4 6 -1 12 15 17 19
56 6 -1 1 22 54 2
4 6 -1 12 15 17 19
56 7 -1 1 22 54 1
4 6 -1 12 15 17 19
56 7 -1 1 22 54 1
4 6 -1 12 15 17 19
56 7 -1 1 22 53 1
4 6 -1 12 15 17 19
57 7 -1 1 22 53 1
31































1
По всем вопросам касающимся приложения обращайтесь по WhatsApp +79952867503
1
10.2026

      
	
