1
For advertising or questions send us e-mail kogdanamaz@gmail.com 
30
4 5 -1 11 15 18 19
42 51 -1 57 6 3 9
4 5 -1 11 15 18 19
42 50 -1 57 5 3 8
4 5 -1 11 15 18 19
41 50 -1 56 3 2 7
4 5 -1 11 15 18 19
41 50 -1 56 2 1 7
4 5 -1 11 15 18 19
41 50 -1 56 1 1 6
4 5 -1 11 15 18 19
41 49 -1 55 0 1 6
4 5 -1 11 14 18 19
41 49 -1 55 58 0 5
4 5 -1 11 14 18 19
41 49 -1 55 57 0 5
4 5 -1 11 14 17 19
40 49 -1 54 56 59 4
4 5 -1 11 14 17 19
40 48 -1 54 55 59 4
4 5 -1 11 14 17 19
40 48 -1 54 55 58 3
4 5 -1 11 14 17 19
40 48 -1 53 55 58 3
4 5 -1 11 14 17 19
40 48 -1 53 55 57 2
4 5 -1 11 14 17 19
39 47 -1 53 56 57 2
4 5 -1 11 14 17 19
39 47 -1 52 56 56 1
4 5 -1 11 14 17 19
39 47 -1 52 56 56 1
4 5 -1 11 14 17 19
39 47 -1 52 56 56 1
4 5 -1 11 14 17 19
39 46 -1 51 57 55 0
4 5 -1 11 14 17 18
38 46 -1 51 57 54 59
4 5 -1 11 14 17 18
38 46 -1 51 57 54 59
4 5 -1 11 14 17 18
38 46 -1 50 57 54 58
4 5 -1 11 14 17 18
38 46 -1 50 58 53 58
4 5 -1 11 14 17 18
37 45 -1 49 58 53 57
4 5 -1 11 14 17 18
37 45 -1 49 58 52 57
4 5 -1 11 14 17 18
37 45 -1 49 58 52 57
4 5 -1 11 14 17 18
37 45 -1 48 58 51 56
4 5 -1 11 14 17 18
36 44 -1 48 59 51 56
4 5 -1 11 14 17 18
36 44 -1 48 59 50 55
4 5 -1 11 14 17 18
36 44 -1 47 59 50 55
4 5 -1 11 14 17 18
36 44 -1 47 59 49 54
30






























1
По всем вопросам касающимся приложения обращайтесь по WhatsApp +79952867503
1
09.2026

      
	
