1
For advertising or questions send us e-mail kogdanamaz@gmail.com 
31
4 5 -1 11 15 17 18
36 48 -1 47 9 45 53
4 5 -1 11 15 17 18
36 47 -1 46 9 45 53
4 5 -1 11 15 17 18
36 47 -1 46 9 45 53
4 5 -1 11 15 17 18
36 47 -1 46 9 45 52
4 5 -1 11 15 17 18
36 47 -1 46 8 45 52
4 5 -1 11 15 17 18
36 47 -1 46 8 45 52
4 5 -1 11 15 17 18
36 46 -1 46 8 45 52
4 5 -1 11 15 17 18
36 46 -1 46 8 44 52
4 5 -1 11 15 17 18
36 46 -1 46 7 44 52
4 5 -1 11 15 17 18
35 46 -1 46 7 44 52
4 5 -1 11 15 17 18
35 46 -1 45 7 44 51
4 5 -1 11 15 17 18
35 45 -1 45 6 44 51
4 5 -1 11 15 17 18
35 45 -1 45 6 44 51
4 5 -1 11 15 17 18
35 45 -1 45 6 44 51
4 5 -1 11 15 17 18
35 44 -1 45 5 44 51
4 5 -1 11 15 17 18
34 44 -1 44 5 44 50
4 5 -1 11 15 17 18
34 44 -1 44 5 44 50
4 5 -1 11 15 17 18
34 44 -1 44 5 44 50
4 5 -1 11 15 17 18
34 43 -1 44 4 43 50
4 5 -1 11 15 17 18
33 43 -1 44 3 43 50
4 5 -1 11 15 17 18
33 43 -1 43 3 43 49
4 5 -1 11 15 17 18
33 42 -1 43 2 43 49
4 5 -1 11 15 17 18
33 42 -1 43 2 43 49
4 5 -1 11 15 17 18
32 41 -1 43 1 43 49
4 5 -1 11 15 17 18
32 41 -1 42 1 42 48
4 5 -1 11 15 17 18
32 41 -1 42 0 42 48
4 5 -1 11 15 17 18
31 40 -1 42 0 42 48
4 5 -1 11 14 17 18
31 40 -1 41 59 42 48
4 5 -1 11 14 17 18
31 40 -1 41 59 42 47
4 5 -1 11 14 17 18
30 39 -1 41 58 41 47
4 5 -1 11 14 17 18
30 39 -1 40 57 41 47
31































1
По всем вопросам касающимся приложения обращайтесь по WhatsApp +79952867503
1
08.2026

      
	
