1
For advertising or questions send us e-mail kogdanamaz@gmail.com 
30
4 5 -1 12 15 18 19
39 49 -1 0 8 10 17
4 5 -1 12 15 18 19
39 49 -1 0 8 9 16
4 5 -1 11 15 18 19
39 49 -1 59 8 8 15
4 5 -1 11 15 18 19
39 49 -1 59 8 7 14
4 5 -1 11 15 18 19
39 49 -1 58 9 7 13
4 5 -1 11 15 18 19
39 49 -1 58 9 6 13
4 5 -1 11 15 18 19
39 49 -1 58 9 5 12
4 5 -1 11 15 18 19
39 49 -1 57 9 5 11
4 5 -1 11 15 18 19
39 49 -1 57 9 4 10
4 5 -1 11 15 18 19
39 49 -1 57 9 3 10
4 5 -1 11 15 18 19
39 48 -1 56 9 3 9
4 5 -1 11 15 18 19
39 48 -1 56 9 2 8
4 5 -1 11 15 18 19
39 48 -1 55 9 1 8
4 5 -1 11 15 18 19
39 48 -1 55 9 1 7
4 5 -1 11 15 18 19
39 48 -1 55 9 0 6
4 5 -1 11 15 18 19
39 48 -1 55 9 0 6
4 5 -1 11 15 17 19
39 48 -1 54 9 59 6
4 5 -1 11 15 17 19
39 48 -1 54 9 58 4
4 5 -1 11 15 17 19
39 48 -1 53 9 58 3
4 5 -1 11 15 17 19
39 48 -1 53 9 57 3
4 5 -1 11 15 17 19
39 48 -1 53 9 56 2
4 5 -1 11 15 17 19
39 48 -1 52 9 56 1
4 5 -1 11 15 17 19
39 48 -1 52 9 55 1
4 5 -1 11 15 17 19
39 48 -1 52 9 54 0
4 5 -1 11 15 17 18
39 48 -1 51 9 54 59
4 5 -1 11 15 17 18
39 48 -1 51 9 53 59
4 5 -1 11 15 17 18
39 48 -1 51 9 52 58
4 5 -1 11 15 17 18
39 48 -1 50 8 52 58
4 5 -1 11 15 17 18
39 48 -1 50 8 51 57
4 5 -1 11 15 17 18
39 48 -1 50 8 50 56
30






























1
По всем вопросам касающимся приложения обращайтесь по WhatsApp +79952867503
1
09.2026

      
	
