1
For advertising or questions send us e-mail kogdanamaz@gmail.com 
30
4 5 -1 12 15 18 19
46 55 -1 3 8 10 16
4 5 -1 12 15 18 19
46 55 -1 3 7 9 15
4 5 -1 12 15 18 19
46 54 -1 2 5 8 14
4 5 -1 12 15 18 19
45 54 -1 2 4 8 14
4 5 -1 12 15 18 19
45 54 -1 1 3 7 13
4 5 -1 12 15 18 19
45 54 -1 1 3 7 12
4 5 -1 12 15 18 19
45 54 -1 1 3 6 12
4 5 -1 12 15 18 19
45 53 -1 0 3 6 11
4 5 -1 12 15 18 19
45 53 -1 0 3 5 11
4 5 -1 11 15 18 19
45 53 -1 59 4 5 10
4 5 -1 11 15 18 19
45 53 -1 59 4 4 10
4 5 -1 11 15 18 19
44 53 -1 59 4 4 9
4 5 -1 11 15 18 19
44 53 -1 58 5 3 9
4 5 -1 11 15 18 19
44 52 -1 58 5 3 8
4 5 -1 11 15 18 19
44 52 -1 58 5 2 7
4 5 -1 11 15 18 19
44 52 -1 58 5 2 7
4 5 -1 11 15 18 19
44 52 -1 57 5 2 7
4 5 -1 11 15 18 19
44 52 -1 57 6 1 6
4 5 -1 11 15 18 19
43 51 -1 56 6 0 5
4 5 -1 11 15 18 19
43 51 -1 56 6 0 5
4 5 -1 11 15 17 19
43 51 -1 56 6 59 4
4 5 -1 11 15 17 19
43 51 -1 55 6 58 4
4 5 -1 11 15 17 19
43 51 -1 55 6 58 3
4 5 -1 11 15 17 19
42 51 -1 55 6 57 3
4 5 -1 11 15 17 19
42 50 -1 54 6 57 2
4 5 -1 11 15 17 19
42 50 -1 54 7 56 2
4 5 -1 11 15 17 19
42 50 -1 53 7 56 1
4 5 -1 11 15 17 19
42 50 -1 53 7 55 1
4 5 -1 11 15 17 19
42 50 -1 53 7 55 0
4 5 -1 11 15 17 19
41 50 -1 53 7 54 0
30






























1
По всем вопросам касающимся приложения обращайтесь по WhatsApp +79952867503
1
09.2026

      
	
