1
For advertising or questions send us e-mail kogdanamaz@gmail.com 
31
4 6 -1 12 15 18 19
52 21 -1 46 32 7 34
4 6 -1 12 15 18 19
54 22 -1 46 31 6 31
4 6 -1 12 15 18 19
55 23 -1 46 29 5 29
4 6 -1 12 15 18 19
57 25 -1 46 28 3 27
4 6 -1 12 15 18 19
59 26 -1 46 27 1 24
5 6 -1 12 15 17 19
1 27 -1 46 25 58 22
5 6 -1 12 15 17 19
3 29 -1 46 24 56 20
5 6 -1 12 15 17 19
5 31 -1 46 23 54 18
5 6 -1 12 15 17 19
7 34 -1 45 21 52 16
5 6 -1 12 15 17 19
10 36 -1 45 20 50 14
5 6 -1 12 15 17 19
12 38 -1 45 18 48 12
5 6 -1 12 15 17 19
14 40 -1 45 17 45 10
5 6 -1 12 15 17 19
15 42 -1 45 16 43 9
5 6 -1 12 15 17 19
16 43 -1 45 14 41 7
5 6 -1 12 15 17 19
17 44 -1 45 13 39 6
5 6 -1 12 15 17 19
18 45 -1 45 12 37 4
5 6 -1 12 15 17 19
20 45 -1 44 10 35 2
5 6 -1 12 15 17 19
21 46 -1 44 9 34 0
5 6 -1 12 15 17 18
22 46 -1 44 8 33 58
5 6 -1 12 15 17 18
24 47 -1 44 6 32 56
5 6 -1 12 15 17 18
25 47 -1 44 5 31 54
5 6 -1 12 15 17 18
26 48 -1 44 4 30 52
5 6 -1 12 15 17 18
28 49 -1 44 3 29 50
5 6 -1 12 15 17 18
30 51 -1 44 1 27 49
5 6 -1 12 15 17 18
32 52 -1 43 0 25 48
5 6 -1 12 14 17 18
33 54 -1 43 59 24 47
5 6 -1 12 14 17 18
34 56 -1 43 58 22 46
5 6 -1 12 14 17 18
35 58 -1 43 56 21 45
5 7 -1 12 14 17 18
36 0 -1 43 55 19 44
5 7 -1 12 14 17 18
37 2 -1 43 54 18 43
5 7 -1 12 14 17 18
38 3 -1 43 53 17 42
31































1
По всем вопросам касающимся приложения обращайтесь по WhatsApp +79952867503
1
10.2026

      
	
