1
For advertising or questions send us e-mail kogdanamaz@gmail.com 
31
4 5 -1 12 15 18 19
37 49 -1 0 21 11 20
4 5 -1 12 15 18 19
37 49 -1 0 21 11 19
4 5 -1 12 15 18 19
37 49 -1 0 21 11 19
4 5 -1 12 15 18 19
37 49 -1 0 21 11 19
4 5 -1 12 15 18 19
37 49 -1 0 20 10 18
4 5 -1 12 15 18 19
37 49 -1 0 19 10 18
4 5 -1 12 15 18 19
37 49 -1 0 19 10 18
4 5 -1 12 15 18 19
38 49 -1 0 18 9 17
4 5 -1 11 15 18 19
38 49 -1 59 18 9 17
4 5 -1 11 15 18 19
38 49 -1 59 17 9 17
4 5 -1 11 15 18 19
38 49 -1 59 17 8 16
4 5 -1 11 15 18 19
38 49 -1 59 16 8 16
4 5 -1 11 15 18 19
38 49 -1 59 15 8 15
4 5 -1 11 15 18 19
38 49 -1 59 15 8 15
4 5 -1 11 15 18 19
38 48 -1 58 14 7 14
4 5 -1 11 15 18 19
38 48 -1 58 13 7 14
4 5 -1 11 15 18 19
38 48 -1 58 13 7 14
4 5 -1 11 15 18 19
38 48 -1 58 13 7 14
4 5 -1 11 15 18 19
38 48 -1 58 11 6 13
4 5 -1 11 15 18 19
38 48 -1 57 10 5 12
4 5 -1 11 15 18 19
38 48 -1 57 10 5 12
4 5 -1 11 15 18 19
38 48 -1 57 9 5 11
4 5 -1 11 15 18 19
38 48 -1 56 8 4 11
4 5 -1 11 15 18 19
38 48 -1 56 7 4 10
4 5 -1 11 15 18 19
38 47 -1 56 6 3 10
4 5 -1 11 15 18 19
38 47 -1 56 5 3 9
4 5 -1 11 15 18 19
38 47 -1 55 4 3 9
4 5 -1 11 15 18 19
38 47 -1 55 3 2 8
4 5 -1 11 15 18 19
38 47 -1 55 3 2 8
4 5 -1 11 15 18 19
38 47 -1 54 2 1 7
4 5 -1 11 15 18 19
38 47 -1 54 1 1 7
31































1
По всем вопросам касающимся приложения обращайтесь по WhatsApp +79952867503
1
08.2026

      
	
