1
For advertising or questions send us e-mail kogdanamaz@gmail.com 
30
4 6 -1 12 15 18 19
53 1 -1 7 18 12 17
4 6 -1 12 15 18 19
52 1 -1 7 17 11 17
4 6 -1 12 15 18 19
52 0 -1 6 15 11 16
4 6 -1 12 15 18 19
52 0 -1 6 14 10 16
4 6 -1 12 15 18 19
52 0 -1 5 13 10 15
4 6 -1 12 15 18 19
51 0 -1 5 12 9 15
4 5 -1 12 15 18 19
51 59 -1 5 11 9 14
4 5 -1 12 15 18 19
51 59 -1 4 10 9 14
4 5 -1 12 15 18 19
51 59 -1 4 9 8 13
4 5 -1 12 15 18 19
51 59 -1 4 8 8 13
4 5 -1 12 15 18 19
50 58 -1 3 7 7 12
4 5 -1 12 15 18 19
50 58 -1 3 6 7 12
4 5 -1 12 15 18 19
50 58 -1 3 5 6 11
4 5 -1 12 15 18 19
50 57 -1 2 3 6 11
4 5 -1 12 15 18 19
49 57 -1 2 2 6 11
4 5 -1 12 15 18 19
49 57 -1 2 2 6 11
4 5 -1 12 15 18 19
49 57 -1 2 2 5 10
4 5 -1 12 15 18 19
48 56 -1 1 3 4 9
4 5 -1 12 15 18 19
48 56 -1 0 3 4 9
4 5 -1 12 15 18 19
48 56 -1 0 4 3 8
4 5 -1 12 15 18 19
48 55 -1 0 4 3 8
4 5 -1 11 15 18 19
47 55 -1 59 4 3 7
4 5 -1 11 15 18 19
47 55 -1 59 5 2 7
4 5 -1 11 15 18 19
47 55 -1 59 5 2 7
4 5 -1 11 15 18 19
47 54 -1 58 5 1 6
4 5 -1 11 15 18 19
46 54 -1 58 5 1 6
4 5 -1 11 15 18 19
46 54 -1 58 6 1 5
4 5 -1 11 15 18 19
46 53 -1 57 6 0 5
4 5 -1 11 15 18 19
45 53 -1 57 6 0 5
4 5 -1 11 15 17 19
45 53 -1 57 6 59 4
30






























1
По всем вопросам касающимся приложения обращайтесь по WhatsApp +79952867503
1
09.2026

      
	
