1
For advertising or questions send us e-mail kogdanamaz@gmail.com 
31
4 6 -1 12 15 18 19
59 10 -1 16 38 21 29
4 6 -1 12 15 18 19
59 10 -1 16 38 21 29
4 6 -1 12 15 18 19
59 10 -1 16 38 21 29
4 6 -1 12 15 18 19
59 10 -1 16 38 21 29
4 6 -1 12 15 18 19
59 10 -1 16 37 20 28
4 6 -1 12 15 18 19
59 10 -1 15 37 20 28
4 6 -1 12 15 18 19
59 10 -1 15 36 20 28
4 6 -1 12 15 18 19
59 9 -1 15 36 20 27
4 6 -1 12 15 18 19
59 9 -1 15 36 20 27
4 6 -1 12 15 18 19
59 9 -1 15 35 20 27
4 6 -1 12 15 18 19
59 9 -1 15 35 19 27
4 6 -1 12 15 18 19
59 9 -1 15 34 19 26
4 6 -1 12 15 18 19
59 9 -1 14 34 19 26
4 6 -1 12 15 18 19
59 9 -1 14 33 19 26
4 6 -1 12 15 18 19
59 8 -1 14 33 19 25
4 6 -1 12 15 18 19
59 8 -1 14 32 18 25
4 6 -1 12 15 18 19
59 8 -1 14 32 18 25
4 6 -1 12 15 18 19
58 8 -1 14 32 18 25
4 6 -1 12 15 18 19
58 8 -1 13 30 18 24
4 6 -1 12 15 18 19
58 8 -1 13 30 17 24
4 6 -1 12 15 18 19
58 7 -1 13 29 17 23
4 6 -1 12 15 18 19
58 7 -1 12 29 17 23
4 6 -1 12 15 18 19
58 7 -1 12 28 16 22
4 6 -1 12 15 18 19
58 7 -1 12 27 16 22
4 6 -1 12 15 18 19
57 6 -1 12 26 16 22
4 6 -1 12 15 18 19
57 6 -1 11 26 15 21
4 6 -1 12 15 18 19
57 6 -1 11 25 15 21
4 6 -1 12 15 18 19
57 6 -1 11 24 15 21
4 6 -1 12 15 18 19
57 5 -1 10 23 14 20
4 6 -1 12 15 18 19
56 5 -1 10 23 14 20
4 6 -1 12 15 18 19
56 5 -1 10 22 14 19
31































1
По всем вопросам касающимся приложения обращайтесь по WhatsApp +79952867503
1
08.2026

      
	
