1
For advertising or questions send us e-mail kogdanamaz@gmail.com 
31
4 5 -1 11 15 18 19
30 42 -1 57 17 11 20
4 5 -1 11 15 18 19
30 42 -1 57 16 10 19
4 5 -1 11 15 18 19
30 42 -1 57 16 10 19
4 5 -1 11 15 18 19
30 42 -1 57 16 10 19
4 5 -1 11 15 18 19
30 42 -1 56 15 10 18
4 5 -1 11 15 18 19
31 42 -1 56 14 9 18
4 5 -1 11 15 18 19
31 43 -1 56 14 9 17
4 5 -1 11 15 18 19
31 43 -1 56 13 9 17
4 5 -1 11 15 18 19
31 43 -1 56 12 8 17
4 5 -1 11 15 18 19
31 43 -1 56 12 8 16
4 5 -1 11 15 18 19
31 43 -1 56 11 8 16
4 5 -1 11 15 18 19
31 43 -1 55 10 7 15
4 5 -1 11 15 18 19
32 43 -1 55 10 7 15
4 5 -1 11 15 18 19
32 43 -1 55 9 7 14
4 5 -1 11 15 18 19
32 43 -1 55 8 6 14
4 5 -1 11 15 18 19
32 43 -1 55 8 6 13
4 5 -1 11 15 18 19
32 43 -1 55 8 6 13
4 5 -1 11 15 18 19
32 43 -1 55 7 5 13
4 5 -1 11 15 18 19
32 43 -1 54 5 4 12
4 5 -1 11 15 18 19
32 43 -1 54 4 4 11
4 5 -1 11 15 18 19
32 42 -1 54 3 4 11
4 5 -1 11 15 18 19
32 42 -1 53 2 3 10
4 5 -1 11 15 18 19
32 42 -1 53 2 3 10
4 5 -1 11 15 18 19
32 42 -1 53 1 2 9
4 5 -1 11 15 18 19
32 42 -1 52 0 2 8
4 5 -1 11 14 18 19
32 42 -1 52 59 1 8
4 5 -1 11 14 18 19
32 42 -1 52 58 1 7
4 5 -1 11 14 18 19
32 42 -1 52 57 0 7
4 5 -1 11 14 18 19
32 42 -1 51 55 0 6
4 5 -1 11 14 17 19
32 42 -1 51 54 59 6
4 5 -1 11 14 17 19
32 42 -1 51 53 59 5
31































1
По всем вопросам касающимся приложения обращайтесь по WhatsApp +79952867503
1
08.2026

      
	
