1
For advertising or questions send us e-mail kogdanamaz@gmail.com 
30
4 5 -1 12 15 18 19
47 56 -1 3 11 10 15
4 5 -1 12 15 18 19
47 56 -1 3 10 9 15
4 5 -1 12 15 18 19
47 56 -1 3 8 8 14
4 5 -1 12 15 18 19
47 56 -1 2 7 8 13
4 5 -1 12 15 18 19
47 55 -1 2 6 7 13
4 5 -1 12 15 18 19
47 55 -1 2 5 7 12
4 5 -1 12 15 18 19
47 55 -1 1 4 6 12
4 5 -1 12 15 18 19
46 55 -1 1 2 6 11
4 5 -1 12 15 18 19
46 54 -1 0 1 5 11
4 5 -1 12 15 18 19
46 54 -1 0 1 5 10
4 5 -1 12 15 18 19
46 54 -1 0 2 4 10
4 5 -1 11 15 18 19
46 54 -1 59 2 4 9
4 5 -1 11 15 18 19
45 54 -1 59 2 3 9
4 5 -1 11 15 18 19
45 53 -1 59 3 3 8
4 5 -1 11 15 18 19
45 53 -1 58 3 3 8
4 5 -1 11 15 18 19
45 53 -1 58 3 3 8
4 5 -1 11 15 18 19
45 53 -1 58 3 2 7
4 5 -1 11 15 18 19
44 52 -1 57 4 1 6
4 5 -1 11 15 18 19
44 52 -1 57 4 1 6
4 5 -1 11 15 18 19
44 52 -1 57 4 0 5
4 5 -1 11 15 18 19
44 52 -1 56 4 0 5
4 5 -1 11 15 17 19
44 52 -1 56 5 59 4
4 5 -1 11 15 17 19
43 51 -1 56 5 59 4
4 5 -1 11 15 17 19
43 51 -1 55 5 58 3
4 5 -1 11 15 17 19
43 51 -1 55 5 58 3
4 5 -1 11 15 17 19
43 51 -1 54 5 57 2
4 5 -1 11 15 17 19
43 50 -1 54 5 57 2
4 5 -1 11 15 17 19
42 50 -1 54 6 56 1
4 5 -1 11 15 17 19
42 50 -1 53 6 56 1
4 5 -1 11 15 17 19
42 50 -1 53 6 55 0
30






























1
По всем вопросам касающимся приложения обращайтесь по WhatsApp +79952867503
1
09.2026

      
	
