1
For advertising or questions send us e-mail kogdanamaz@gmail.com 
31
4 5 -1 11 14 17 18
32 40 -1 43 58 45 50
4 5 -1 11 14 17 18
32 40 -1 42 58 44 49
4 5 -1 11 14 17 18
31 40 -1 42 58 43 48
4 5 -1 11 14 17 18
31 40 -1 42 58 43 48
4 5 -1 11 14 17 18
31 39 -1 41 58 42 47
4 5 -1 11 14 17 18
31 39 -1 41 58 42 47
4 5 -1 11 14 17 18
31 39 -1 41 58 41 47
4 5 -1 11 14 17 18
31 39 -1 40 58 41 46
4 5 -1 11 14 17 18
31 39 -1 40 58 40 46
4 5 -1 11 14 17 18
30 39 -1 40 58 40 45
4 5 -1 11 14 17 18
30 39 -1 40 58 39 45
4 5 -1 11 14 17 18
30 39 -1 39 58 39 45
4 5 -1 11 14 17 18
30 39 -1 39 58 38 44
4 5 -1 11 14 17 18
30 39 -1 39 58 38 44
4 5 -1 11 14 17 18
30 39 -1 39 58 38 44
4 5 -1 11 14 17 18
30 39 -1 39 58 38 43
4 5 -1 11 14 17 18
30 39 -1 38 58 37 43
4 5 -1 11 14 17 18
30 39 -1 38 58 36 42
4 5 -1 11 14 17 18
30 39 -1 38 58 36 42
4 5 -1 11 14 17 18
30 39 -1 38 58 36 42
4 5 -1 11 14 17 18
29 39 -1 38 58 35 42
4 5 -1 11 14 17 18
29 39 -1 37 58 35 41
4 5 -1 11 14 17 18
29 39 -1 37 58 35 41
4 5 -1 11 14 17 18
29 39 -1 37 58 34 41
4 5 -1 11 14 17 18
29 39 -1 37 58 34 41
4 5 -1 11 14 17 18
29 39 -1 37 58 34 40
4 5 -1 11 14 17 18
29 39 -1 37 58 34 40
4 5 -1 11 14 17 18
29 39 -1 37 58 33 40
4 5 -1 11 14 17 18
29 39 -1 37 58 33 40
4 5 -1 11 14 17 18
29 39 -1 37 58 33 40
4 5 -1 11 14 17 18
29 39 -1 37 58 33 40
31































1
По всем вопросам касающимся приложения обращайтесь по WhatsApp +79952867503
1
10.2026

      
	
