1
For advertising or questions send us e-mail kogdanamaz@gmail.com 
31
4 5 -1 12 15 18 19
46 57 -1 8 29 17 25
4 5 -1 12 15 18 19
46 58 -1 8 29 17 25
4 5 -1 12 15 18 19
46 58 -1 8 29 17 25
4 5 -1 12 15 18 19
46 58 -1 8 29 17 25
4 5 -1 12 15 18 19
46 58 -1 7 28 16 24
4 5 -1 12 15 18 19
46 58 -1 7 27 16 24
4 5 -1 12 15 18 19
46 58 -1 7 27 16 24
4 5 -1 12 15 18 19
47 57 -1 7 26 16 23
4 5 -1 12 15 18 19
47 57 -1 7 26 15 23
4 5 -1 12 15 18 19
47 57 -1 7 25 15 23
4 5 -1 12 15 18 19
47 57 -1 7 25 15 22
4 5 -1 12 15 18 19
47 57 -1 6 24 14 22
4 5 -1 12 15 18 19
47 57 -1 6 24 14 21
4 5 -1 12 15 18 19
47 57 -1 6 23 14 21
4 5 -1 12 15 18 19
47 57 -1 6 22 14 21
4 5 -1 12 15 18 19
47 57 -1 6 22 13 20
4 5 -1 12 15 18 19
47 57 -1 6 22 13 20
4 5 -1 12 15 18 19
47 57 -1 5 21 13 20
4 5 -1 12 15 18 19
47 57 -1 5 20 12 19
4 5 -1 12 15 18 19
47 56 -1 5 19 12 19
4 5 -1 12 15 18 19
47 56 -1 4 18 12 18
4 5 -1 12 15 18 19
47 56 -1 4 17 11 18
4 5 -1 12 15 18 19
47 56 -1 4 17 11 17
4 5 -1 12 15 18 19
47 56 -1 4 16 10 17
4 5 -1 12 15 18 19
47 56 -1 3 15 10 16
4 5 -1 12 15 18 19
46 56 -1 3 14 10 16
4 5 -1 12 15 18 19
46 55 -1 3 13 9 15
4 5 -1 12 15 18 19
46 55 -1 3 12 9 15
4 5 -1 12 15 18 19
46 55 -1 2 11 8 14
4 5 -1 12 15 18 19
46 55 -1 2 11 8 14
4 5 -1 12 15 18 19
46 55 -1 2 10 8 13
31































1
По всем вопросам касающимся приложения обращайтесь по WhatsApp +79952867503
1
08.2026

      
	
