1
For advertising or questions send us e-mail kogdanamaz@gmail.com 
30
6 7 -1 14 17 20 22
7 42 -1 15 55 47 17
6 7 -1 14 17 20 22
9 43 -1 15 55 45 15
6 7 -1 14 17 20 22
10 44 -1 15 54 44 13
6 7 -1 14 17 20 22
11 44 -1 14 53 42 11
6 7 -1 14 17 20 22
12 45 -1 14 52 41 9
6 7 -1 14 17 20 22
14 46 -1 14 51 39 8
6 7 -1 14 17 20 22
15 47 -1 13 50 37 6
6 7 -1 14 17 20 22
16 48 -1 13 49 36 4
6 7 -1 14 17 20 22
17 49 -1 12 48 34 2
6 7 -1 14 17 20 22
19 50 -1 12 47 32 0
6 7 -1 14 17 20 21
20 51 -1 12 46 31 58
6 7 -1 14 17 20 21
21 52 -1 11 44 29 56
6 7 -1 14 17 20 21
22 53 -1 11 43 27 55
6 7 -1 14 17 20 21
23 54 -1 11 42 26 53
6 7 -1 14 17 20 21
24 55 -1 10 41 24 51
6 7 -1 14 17 20 21
26 56 -1 10 40 22 49
6 7 -1 14 17 20 21
27 57 -1 10 39 21 47
6 7 -1 14 17 20 21
28 58 -1 9 38 19 45
6 7 -1 14 17 20 21
29 59 -1 9 37 17 44
6 8 -1 14 17 20 21
30 0 -1 9 36 16 42
6 8 -1 14 17 20 21
31 1 -1 8 35 14 40
6 8 -1 14 17 20 21
32 2 -1 8 33 12 38
6 8 -1 14 17 20 21
33 3 -1 8 32 11 36
6 8 -1 14 17 20 21
34 4 -1 7 31 9 35
6 8 -1 14 17 20 21
35 5 -1 7 30 7 33
6 8 -1 14 17 20 21
37 6 -1 6 29 6 31
6 8 -1 14 17 20 21
38 7 -1 6 28 4 29
6 8 -1 14 17 20 21
39 8 -1 6 26 2 28
6 8 -1 14 17 20 21
40 9 -1 5 25 1 26
6 8 -1 14 17 19 21
41 10 -1 5 24 59 24
30






























1
По всем вопросам касающимся приложения обращайтесь по WhatsApp +79952867503
1
09.2026

      
	
