1
For advertising or questions send us e-mail kogdanamaz@gmail.com 
31
6 8 -1 14 17 19 21
36 9 -1 2 17 53 23
6 8 -1 14 17 19 21
37 10 -1 2 16 52 21
6 8 -1 14 17 19 21
38 11 -1 1 15 50 19
6 8 -1 14 17 19 21
39 12 -1 1 14 48 17
6 8 -1 14 17 19 21
41 13 -1 1 12 46 15
6 8 -1 14 17 19 21
42 15 -1 0 11 45 14
6 8 -1 14 17 19 21
43 16 -1 0 10 43 12
6 8 -1 14 17 19 21
44 17 -1 0 8 41 10
6 8 -1 14 17 19 21
45 18 -1 0 7 39 8
6 8 -1 13 17 19 21
47 19 -1 59 6 38 7
6 8 -1 13 17 19 21
48 20 -1 59 4 36 5
6 8 -1 13 17 19 21
49 22 -1 59 3 34 3
6 8 -1 13 17 19 21
50 23 -1 59 2 33 2
6 8 -1 13 17 19 21
51 24 -1 58 1 31 0
6 8 -1 13 16 19 20
52 25 -1 58 59 29 58
6 8 -1 13 16 19 20
53 26 -1 58 58 28 57
6 8 -1 13 16 19 20
55 28 -1 58 57 26 55
6 8 -1 13 16 19 20
56 29 -1 57 56 25 54
6 8 -1 13 16 19 20
57 30 -1 57 54 23 52
6 8 -1 13 16 19 20
58 31 -1 57 53 21 51
6 8 -1 13 16 19 20
59 33 -1 57 52 20 49
7 8 -1 13 16 19 20
0 34 -1 57 51 18 48
7 8 -1 13 16 19 20
2 35 -1 57 49 17 46
7 8 -1 13 16 19 20
3 36 -1 57 48 15 45
7 8 -1 13 16 19 20
4 38 -1 56 47 14 44
7 8 -1 13 16 19 20
5 39 -1 56 46 12 42
7 8 -1 13 16 19 20
6 40 -1 56 45 11 41
6 7 -1 12 15 18 19
7 41 -1 56 44 9 40
6 7 -1 12 15 18 19
8 43 -1 56 42 8 38
6 7 -1 12 15 18 19
10 44 -1 56 41 7 37
6 7 -1 12 15 18 19
11 45 -1 56 40 5 36
31































1
По всем вопросам касающимся приложения обращайтесь по WhatsApp +79952867503
1
10.2026

      
	
