1
For advertising or questions send us e-mail kogdanamaz@gmail.com 
30
2 4 -1 12 16 18 20
9 35 -1 0 10 24 18
2 4 -1 12 16 18 20
12 36 -1 0 8 21 15
2 4 -1 12 16 18 20
16 38 -1 0 6 19 12
2 4 -1 12 16 18 20
19 40 -1 0 4 16 8
2 4 -1 12 16 18 20
22 42 -1 0 2 14 5
2 4 -1 12 16 18 20
25 44 -1 0 0 11 2
2 4 -1 12 15 18 19
28 46 -1 0 58 8 58
2 4 -1 12 15 18 19
31 48 -1 0 56 6 55
2 4 -1 12 15 18 19
33 50 -1 0 54 3 52
2 4 -1 12 15 18 19
36 52 -1 0 51 1 49
2 4 -1 12 15 17 19
39 54 -1 0 49 58 46
2 4 -1 12 15 17 19
42 56 -1 0 47 55 43
2 4 -1 12 15 17 19
45 58 -1 0 45 53 39
2 5 -1 12 15 17 19
47 0 -1 0 43 50 36
2 5 -1 12 15 17 19
50 1 -1 0 41 47 33
2 5 -1 12 15 17 19
52 3 -1 0 39 45 30
2 5 -1 12 15 17 19
55 5 -1 0 36 42 27
2 5 -1 12 15 17 19
58 7 -1 0 34 40 24
3 5 -1 12 15 17 19
0 9 -1 0 32 37 21
3 5 -1 12 15 17 19
2 11 -1 0 30 34 18
3 5 -1 12 15 17 19
5 13 -1 0 28 32 15
3 5 -1 12 15 17 19
7 15 -1 0 25 29 12
3 5 -1 12 15 17 19
10 17 -1 0 23 26 9
3 5 -1 12 15 17 19
12 19 -1 0 21 24 6
3 5 -1 12 15 17 19
14 21 -1 0 19 21 4
3 5 -1 12 15 17 19
17 23 -1 0 16 19 1
3 5 -1 12 15 17 18
19 25 -1 0 14 16 58
3 5 -1 12 15 17 18
21 27 -1 0 12 13 55
3 5 -1 12 15 17 18
24 29 -1 0 10 11 52
3 5 -1 12 15 17 18
26 31 -1 0 7 8 50
30






























1
По всем вопросам касающимся приложения обращайтесь по WhatsApp +79952867503
1
09.2026

      
	
