1
For advertising or questions send us e-mail kogdanamaz@gmail.com 
30
4 5 -1 12 17 19 20
18 48 -1 33 13 18 48
4 5 -1 12 17 19 20
19 49 -1 33 11 16 46
4 5 -1 12 17 19 20
21 51 -1 33 9 14 44
4 5 -1 12 17 19 20
22 52 -1 32 8 11 41
4 5 -1 12 17 19 20
24 54 -1 32 6 9 39
4 5 -1 12 17 19 20
25 55 -1 32 4 7 37
4 5 -1 12 17 19 20
27 57 -1 31 2 5 35
4 5 -1 12 17 19 20
29 59 -1 31 1 3 33
4 6 -1 12 16 19 20
30 0 -1 31 59 0 30
4 6 -1 12 16 18 20
32 2 -1 30 57 58 28
4 6 -1 12 16 18 20
33 3 -1 30 55 56 26
4 6 -1 12 16 18 20
35 5 -1 30 53 54 24
4 6 -1 12 16 18 20
36 6 -1 29 52 51 21
4 6 -1 12 16 18 20
38 8 -1 29 50 49 19
4 6 -1 12 16 18 20
39 9 -1 29 48 47 17
4 6 -1 12 16 18 20
41 11 -1 28 46 45 15
4 6 -1 12 16 18 20
42 12 -1 28 44 42 12
4 6 -1 12 16 18 20
44 14 -1 28 42 40 10
4 6 -1 12 16 18 20
45 15 -1 27 40 38 8
4 6 -1 12 16 18 20
47 17 -1 27 38 36 6
4 6 -1 12 16 18 20
48 18 -1 26 37 33 3
4 6 -1 12 16 18 20
50 20 -1 26 35 31 1
4 6 -1 12 16 18 19
52 22 -1 26 33 29 59
4 6 -1 12 16 18 19
53 23 -1 25 31 27 57
4 6 -1 12 16 18 19
55 25 -1 25 29 25 55
4 6 -1 12 16 18 19
56 26 -1 25 27 22 52
4 6 -1 12 16 18 19
58 28 -1 24 25 20 50
4 6 -1 12 16 18 19
59 29 -1 24 23 18 48
5 6 -1 12 16 18 19
1 31 -1 24 21 16 46
5 6 -1 12 16 18 19
3 33 -1 23 19 13 43
30






























1
По всем вопросам касающимся приложения обращайтесь по WhatsApp +79952867503
1
09.2026

      
	
