1
For advertising or questions send us e-mail kogdanamaz@gmail.com 
30
5 7 -1 13 17 20 21
44 17 -1 50 30 21 49
5 7 -1 13 17 20 21
46 18 -1 50 29 19 48
5 7 -1 13 17 20 21
47 19 -1 49 28 18 46
5 7 -1 13 17 20 21
48 20 -1 49 27 16 44
5 7 -1 13 17 20 21
49 21 -1 49 26 15 42
5 7 -1 13 17 20 21
50 22 -1 48 25 13 40
5 7 -1 13 17 20 21
52 23 -1 48 24 11 39
5 7 -1 13 17 20 21
53 24 -1 48 23 10 37
5 7 -1 13 17 20 21
54 25 -1 47 22 8 35
5 7 -1 13 17 20 21
55 25 -1 47 21 7 33
5 7 -1 13 17 20 21
56 26 -1 46 20 5 31
5 7 -1 13 17 20 21
57 27 -1 46 19 3 29
5 7 -1 13 17 20 21
58 28 -1 46 18 2 28
5 7 -1 13 17 20 21
59 29 -1 45 17 0 26
6 7 -1 13 17 19 21
1 30 -1 45 16 58 24
6 7 -1 13 17 19 21
2 31 -1 45 15 57 22
6 7 -1 13 17 19 21
3 32 -1 44 14 55 20
6 7 -1 13 17 19 21
4 33 -1 44 13 53 19
6 7 -1 13 17 19 21
5 34 -1 44 12 52 17
6 7 -1 13 17 19 21
6 35 -1 43 11 50 15
6 7 -1 13 17 19 21
7 36 -1 43 9 49 13
6 7 -1 13 17 19 21
8 37 -1 43 8 47 12
6 7 -1 13 17 19 21
9 37 -1 42 7 45 10
6 7 -1 13 17 19 21
10 38 -1 42 6 44 8
6 7 -1 13 17 19 21
11 39 -1 42 5 42 6
6 7 -1 13 17 19 21
12 40 -1 41 4 40 5
6 7 -1 13 17 19 21
13 41 -1 41 3 39 3
6 7 -1 13 17 19 21
14 42 -1 40 2 37 1
6 7 -1 13 17 19 21
15 43 -1 40 0 36 0
6 7 -1 13 16 19 20
16 44 -1 40 59 34 58
30






























1
По всем вопросам касающимся приложения обращайтесь по WhatsApp +79952867503
1
09.2026

      
	
