1
For advertising or questions send us e-mail kogdanamaz@gmail.com 
30
5 7 -1 13 17 20 21
41 17 -1 52 32 25 56
5 7 -1 13 17 20 21
43 18 -1 51 31 23 54
5 7 -1 13 17 20 21
44 19 -1 51 30 21 52
5 7 -1 13 17 20 21
45 20 -1 51 29 20 50
5 7 -1 13 17 20 21
46 21 -1 50 28 18 48
5 7 -1 13 17 20 21
48 22 -1 50 27 16 46
5 7 -1 13 17 20 21
49 23 -1 50 26 15 45
5 7 -1 13 17 20 21
50 24 -1 49 25 13 43
5 7 -1 13 17 20 21
52 25 -1 49 24 11 41
5 7 -1 13 17 20 21
53 26 -1 49 23 10 39
5 7 -1 13 17 20 21
54 27 -1 48 22 8 37
5 7 -1 13 17 20 21
55 28 -1 48 21 6 35
5 7 -1 13 17 20 21
57 29 -1 48 20 4 33
5 7 -1 13 17 20 21
58 30 -1 47 19 3 31
5 7 -1 13 17 20 21
59 31 -1 47 18 1 29
6 7 -1 13 17 19 21
0 32 -1 47 16 59 27
6 7 -1 13 17 19 21
1 33 -1 46 15 58 25
6 7 -1 13 17 19 21
3 34 -1 46 14 56 24
6 7 -1 13 17 19 21
4 35 -1 45 13 54 22
6 7 -1 13 17 19 21
5 36 -1 45 12 52 20
6 7 -1 13 17 19 21
6 37 -1 45 11 51 18
6 7 -1 13 17 19 21
7 38 -1 44 9 49 16
6 7 -1 13 17 19 21
8 39 -1 44 8 47 14
6 7 -1 13 17 19 21
10 40 -1 44 7 45 12
6 7 -1 13 17 19 21
11 41 -1 43 6 44 11
6 7 -1 13 17 19 21
12 42 -1 43 5 42 9
6 7 -1 13 17 19 21
13 43 -1 43 3 40 7
6 7 -1 13 17 19 21
14 44 -1 42 2 39 5
6 7 -1 13 17 19 21
15 45 -1 42 1 37 3
6 7 -1 13 17 19 21
16 46 -1 42 0 35 2
30






























1
По всем вопросам касающимся приложения обращайтесь по WhatsApp +79952867503
1
09.2026

      
	
