1
For advertising or questions send us e-mail kogdanamaz@gmail.com 
30
5 7 -1 14 17 20 22
58 30 -1 3 43 34 3
5 7 -1 14 17 20 22
59 31 -1 3 42 33 1
6 7 -1 14 17 20 21
0 32 -1 2 41 31 59
6 7 -1 14 17 20 21
1 33 -1 2 40 29 57
6 7 -1 14 17 20 21
3 34 -1 2 39 28 55
6 7 -1 14 17 20 21
4 35 -1 1 38 26 53
6 7 -1 14 17 20 21
5 36 -1 1 37 25 52
6 7 -1 14 17 20 21
6 37 -1 1 36 23 50
6 7 -1 14 17 20 21
7 38 -1 0 35 21 48
6 7 -1 14 17 20 21
8 39 -1 0 34 20 46
6 7 -1 14 17 20 21
10 40 -1 0 33 18 44
6 7 -1 13 17 20 21
11 41 -1 59 32 17 43
6 7 -1 13 17 20 21
12 42 -1 59 31 15 41
6 7 -1 13 17 20 21
13 42 -1 59 30 13 39
6 7 -1 13 17 20 21
14 43 -1 58 29 12 37
6 7 -1 13 17 20 21
15 44 -1 58 28 10 35
6 7 -1 13 17 20 21
16 45 -1 58 27 8 34
6 7 -1 13 17 20 21
17 46 -1 57 26 7 32
6 7 -1 13 17 20 21
18 47 -1 57 25 5 30
6 7 -1 13 17 20 21
19 48 -1 57 24 3 28
6 7 -1 13 17 20 21
20 49 -1 56 23 2 27
6 7 -1 13 17 20 21
21 50 -1 56 22 0 25
6 7 -1 13 17 19 21
23 51 -1 55 21 59 23
6 7 -1 13 17 19 21
24 52 -1 55 19 57 21
6 7 -1 13 17 19 21
25 53 -1 55 18 55 20
6 7 -1 13 17 19 21
26 54 -1 54 17 54 18
6 7 -1 13 17 19 21
27 55 -1 54 16 52 16
6 7 -1 13 17 19 21
28 55 -1 54 15 50 15
6 7 -1 13 17 19 21
29 56 -1 53 14 49 13
6 7 -1 13 17 19 21
30 57 -1 53 13 47 11
30






























1
По всем вопросам касающимся приложения обращайтесь по WhatsApp +79952867503
1
09.2026

      
	
