1
For advertising or questions send us e-mail kogdanamaz@gmail.com 
30
6 7 -1 14 18 20 22
25 54 -1 24 3 53 19
6 7 -1 14 18 20 22
26 55 -1 24 2 52 17
6 7 -1 14 18 20 22
27 56 -1 24 2 50 15
6 7 -1 14 18 20 22
28 56 -1 23 1 49 14
6 7 -1 14 18 20 22
29 57 -1 23 0 47 12
6 7 -1 14 17 20 22
30 58 -1 23 59 46 10
6 7 -1 14 17 20 22
31 59 -1 22 58 44 8
6 8 -1 14 17 20 22
32 0 -1 22 57 43 7
6 8 -1 14 17 20 22
33 1 -1 22 56 41 5
6 8 -1 14 17 20 22
34 1 -1 21 55 40 3
6 8 -1 14 17 20 22
35 2 -1 21 54 38 2
6 8 -1 14 17 20 22
36 3 -1 21 54 37 0
6 8 -1 14 17 20 21
37 4 -1 20 53 35 58
6 8 -1 14 17 20 21
38 5 -1 20 52 34 57
6 8 -1 14 17 20 21
39 5 -1 20 51 32 55
6 8 -1 14 17 20 21
40 6 -1 19 50 31 53
6 8 -1 14 17 20 21
41 7 -1 19 49 29 52
6 8 -1 14 17 20 21
42 8 -1 19 48 27 50
6 8 -1 14 17 20 21
43 9 -1 18 47 26 48
6 8 -1 14 17 20 21
44 10 -1 18 46 24 47
6 8 -1 14 17 20 21
45 10 -1 17 45 23 45
6 8 -1 14 17 20 21
46 11 -1 17 44 21 43
6 8 -1 14 17 20 21
47 12 -1 17 43 20 42
6 8 -1 14 17 20 21
47 13 -1 16 42 18 40
6 8 -1 14 17 20 21
48 14 -1 16 40 17 39
6 8 -1 14 17 20 21
49 15 -1 16 39 15 37
6 8 -1 14 17 20 21
50 16 -1 15 38 14 35
6 8 -1 14 17 20 21
51 16 -1 15 37 12 34
6 8 -1 14 17 20 21
52 17 -1 15 36 11 32
6 8 -1 14 17 20 21
53 18 -1 14 35 9 31
30






























1
По всем вопросам касающимся приложения обращайтесь по WhatsApp +79952867503
1
09.2026

      
	
