1
For advertising or questions send us e-mail kogdanamaz@gmail.com 
30
5 7 -1 14 17 20 22
53 29 -1 4 45 37 9
5 7 -1 14 17 20 22
54 30 -1 4 44 36 7
5 7 -1 14 17 20 22
55 31 -1 3 43 34 5
5 7 -1 14 17 20 22
57 32 -1 3 42 32 3
5 7 -1 14 17 20 22
58 33 -1 3 41 30 1
5 7 -1 14 17 20 21
59 34 -1 2 40 29 59
6 7 -1 14 17 20 21
1 35 -1 2 39 27 57
6 7 -1 14 17 20 21
2 36 -1 2 38 25 55
6 7 -1 14 17 20 21
3 37 -1 1 37 24 53
6 7 -1 14 17 20 21
5 38 -1 1 35 22 52
6 7 -1 14 17 20 21
6 39 -1 1 34 20 50
6 7 -1 14 17 20 21
7 40 -1 0 33 19 48
6 7 -1 14 17 20 21
8 41 -1 0 32 17 46
6 7 -1 14 17 20 21
10 42 -1 0 31 15 44
6 7 -1 13 17 20 21
11 43 -1 59 30 13 42
6 7 -1 13 17 20 21
12 44 -1 59 29 12 40
6 7 -1 13 17 20 21
13 45 -1 58 28 10 38
6 7 -1 13 17 20 21
14 46 -1 58 26 8 36
6 7 -1 13 17 20 21
16 47 -1 58 25 6 34
6 7 -1 13 17 20 21
17 48 -1 57 24 5 32
6 7 -1 13 17 20 21
18 49 -1 57 23 3 31
6 7 -1 13 17 20 21
19 50 -1 57 22 1 29
6 7 -1 13 17 19 21
20 52 -1 56 20 59 27
6 7 -1 13 17 19 21
21 53 -1 56 19 58 25
6 7 -1 13 17 19 21
23 54 -1 56 18 56 23
6 7 -1 13 17 19 21
24 55 -1 55 17 54 21
6 7 -1 13 17 19 21
25 56 -1 55 16 53 20
6 7 -1 13 17 19 21
26 57 -1 55 14 51 18
6 7 -1 13 17 19 21
27 58 -1 54 13 49 16
6 7 -1 13 17 19 21
28 59 -1 54 12 47 14
30






























1
По всем вопросам касающимся приложения обращайтесь по WhatsApp +79952867503
1
09.2026

      
	
