1
For advertising or questions send us e-mail kogdanamaz@gmail.com 
31
6 8 -1 14 17 20 21
45 15 -1 9 26 1 28
6 8 -1 14 17 19 21
46 16 -1 9 25 59 26
6 8 -1 14 17 19 21
47 17 -1 8 23 58 24
6 8 -1 14 17 19 21
48 18 -1 8 22 56 23
6 8 -1 14 17 19 21
49 20 -1 8 21 54 21
6 8 -1 14 17 19 21
50 21 -1 7 20 53 19
6 8 -1 14 17 19 21
51 22 -1 7 18 51 18
6 8 -1 14 17 19 21
52 23 -1 7 17 49 16
6 8 -1 14 17 19 21
54 24 -1 7 16 48 14
6 8 -1 14 17 19 21
55 25 -1 6 15 46 13
6 8 -1 14 17 19 21
56 26 -1 6 14 44 11
6 8 -1 14 17 19 21
57 27 -1 6 12 43 9
6 8 -1 14 17 19 21
58 28 -1 6 11 41 8
6 8 -1 14 17 19 21
59 29 -1 5 10 40 6
7 8 -1 14 17 19 21
0 31 -1 5 9 38 5
7 8 -1 14 17 19 21
1 32 -1 5 7 37 3
7 8 -1 14 17 19 21
2 33 -1 5 6 35 2
7 8 -1 14 17 19 21
3 34 -1 4 5 33 0
7 8 -1 14 17 19 20
4 35 -1 4 4 32 59
7 8 -1 14 17 19 20
5 36 -1 4 3 30 58
7 8 -1 14 17 19 20
6 37 -1 4 2 29 56
7 8 -1 14 17 19 20
8 39 -1 4 0 27 55
7 8 -1 14 16 19 20
9 40 -1 4 59 26 53
7 8 -1 14 16 19 20
10 41 -1 4 58 25 52
7 8 -1 14 16 19 20
11 42 -1 3 57 23 51
7 8 -1 14 16 19 20
12 43 -1 3 56 22 50
7 8 -1 14 16 19 20
13 44 -1 3 55 20 48
6 7 -1 13 15 18 19
14 46 -1 3 54 19 47
6 7 -1 13 15 18 19
15 47 -1 3 53 18 46
6 7 -1 13 15 18 19
16 48 -1 3 52 16 45
6 7 -1 13 15 18 19
17 49 -1 3 51 15 43
31































1
По всем вопросам касающимся приложения обращайтесь по WhatsApp +79952867503
1
10.2026

      
	