1
For advertising or questions send us e-mail kogdanamaz@gmail.com 
30
6 7 -1 14 18 20 22
22 54 -1 26 5 56 24
6 7 -1 14 18 20 22
23 55 -1 25 5 55 22
6 7 -1 14 18 20 22
24 56 -1 25 4 53 20
6 7 -1 14 18 20 22
26 56 -1 25 3 51 18
6 7 -1 14 18 20 22
27 57 -1 24 2 50 17
6 7 -1 14 18 20 22
28 58 -1 24 1 48 15
6 7 -1 14 18 20 22
29 59 -1 24 0 47 13
6 8 -1 14 17 20 22
30 0 -1 23 59 45 11
6 8 -1 14 17 20 22
31 1 -1 23 58 44 9
6 8 -1 14 17 20 22
32 2 -1 23 57 42 8
6 8 -1 14 17 20 22
33 3 -1 22 56 40 6
6 8 -1 14 17 20 22
34 4 -1 22 55 39 4
6 8 -1 14 17 20 22
36 4 -1 22 54 37 2
6 8 -1 14 17 20 22
37 5 -1 21 53 36 1
6 8 -1 14 17 20 21
38 6 -1 21 52 34 59
6 8 -1 14 17 20 21
39 7 -1 21 51 32 57
6 8 -1 14 17 20 21
40 8 -1 20 50 31 55
6 8 -1 14 17 20 21
41 9 -1 20 49 29 54
6 8 -1 14 17 20 21
42 10 -1 20 48 28 52
6 8 -1 14 17 20 21
43 11 -1 19 47 26 50
6 8 -1 14 17 20 21
44 12 -1 19 46 24 48
6 8 -1 14 17 20 21
45 13 -1 18 45 23 47
6 8 -1 14 17 20 21
46 13 -1 18 43 21 45
6 8 -1 14 17 20 21
47 14 -1 18 42 20 43
6 8 -1 14 17 20 21
48 15 -1 17 41 18 42
6 8 -1 14 17 20 21
49 16 -1 17 40 16 40
6 8 -1 14 17 20 21
50 17 -1 17 39 15 38
6 8 -1 14 17 20 21
51 18 -1 16 38 13 37
6 8 -1 14 17 20 21
52 19 -1 16 37 12 35
6 8 -1 14 17 20 21
53 20 -1 16 36 10 33
30






























1
По всем вопросам касающимся приложения обращайтесь по WhatsApp +79952867503
1
09.2026

      
	
