1
For advertising or questions send us e-mail kogdanamaz@gmail.com 
31
6 8 -1 14 17 20 21
47 20 -1 13 29 5 34
6 8 -1 14 17 20 21
48 21 -1 13 28 3 32
6 8 -1 14 17 20 21
50 23 -1 13 26 1 30
6 8 -1 14 17 20 21
51 24 -1 12 25 0 29
6 8 -1 14 17 19 21
52 25 -1 12 24 58 27
6 8 -1 14 17 19 21
53 26 -1 12 22 56 25
6 8 -1 14 17 19 21
54 27 -1 12 21 54 23
6 8 -1 14 17 19 21
56 28 -1 11 20 53 22
6 8 -1 14 17 19 21
57 30 -1 11 18 51 20
6 8 -1 14 17 19 21
58 31 -1 11 17 49 18
6 8 -1 14 17 19 21
59 32 -1 11 16 47 16
7 8 -1 14 17 19 21
0 33 -1 10 14 46 15
7 8 -1 14 17 19 21
1 34 -1 10 13 44 13
7 8 -1 14 17 19 21
3 36 -1 10 12 42 12
7 8 -1 14 17 19 21
4 37 -1 10 11 41 10
7 8 -1 14 17 19 21
5 38 -1 9 9 39 8
7 8 -1 14 17 19 21
6 39 -1 9 8 37 7
7 8 -1 14 17 19 21
7 40 -1 9 7 36 5
7 8 -1 14 17 19 21
8 42 -1 9 6 34 4
7 8 -1 14 17 19 21
10 43 -1 9 4 33 2
7 8 -1 14 17 19 21
11 44 -1 8 3 31 1
7 8 -1 14 17 19 20
12 45 -1 8 2 30 59
7 8 -1 14 17 19 20
13 47 -1 8 1 28 58
7 8 -1 14 16 19 20
14 48 -1 8 59 26 56
7 8 -1 14 16 19 20
15 49 -1 8 58 25 55
7 8 -1 14 16 19 20
16 50 -1 8 57 24 54
7 8 -1 14 16 19 20
18 52 -1 8 56 22 52
6 7 -1 13 15 18 19
19 53 -1 8 55 21 51
6 7 -1 13 15 18 19
20 54 -1 8 54 19 50
6 7 -1 13 15 18 19
21 56 -1 7 53 18 48
6 7 -1 13 15 18 19
22 57 -1 7 51 16 47
31































1
По всем вопросам касающимся приложения обращайтесь по WhatsApp +79952867503
1
10.2026

      
	
