1
For advertising or questions send us e-mail kogdanamaz@gmail.com 
30
6 7 -1 14 18 21 22
20 58 -1 35 16 9 43
6 7 -1 14 18 21 22
21 59 -1 34 15 7 41
6 8 -1 14 18 21 22
22 0 -1 34 14 6 39
6 8 -1 14 18 21 22
24 2 -1 34 13 4 37
6 8 -1 14 18 21 22
25 3 -1 33 12 2 35
6 8 -1 14 18 21 22
27 4 -1 33 11 1 33
6 8 -1 14 18 20 22
28 5 -1 33 9 59 31
6 8 -1 14 18 20 22
29 6 -1 32 8 57 29
6 8 -1 14 18 20 22
31 7 -1 32 7 55 27
6 8 -1 14 18 20 22
32 8 -1 32 6 53 25
6 8 -1 14 18 20 22
34 9 -1 31 5 52 23
6 8 -1 14 18 20 22
35 10 -1 31 4 50 21
6 8 -1 14 18 20 22
36 11 -1 31 3 48 19
6 8 -1 14 18 20 22
37 12 -1 30 1 46 17
6 8 -1 14 18 20 22
39 13 -1 30 0 45 15
6 8 -1 14 17 20 22
40 15 -1 29 59 43 13
6 8 -1 14 17 20 22
41 16 -1 29 58 41 11
6 8 -1 14 17 20 22
43 17 -1 29 57 39 9
6 8 -1 14 17 20 22
44 18 -1 28 55 37 7
6 8 -1 14 17 20 22
45 19 -1 28 54 36 5
6 8 -1 14 17 20 22
46 20 -1 28 53 34 3
6 8 -1 14 17 20 22
48 21 -1 27 52 32 1
6 8 -1 14 17 20 21
49 22 -1 27 50 30 59
6 8 -1 14 17 20 21
50 23 -1 27 49 28 57
6 8 -1 14 17 20 21
51 24 -1 26 48 27 56
6 8 -1 14 17 20 21
53 25 -1 26 47 25 54
6 8 -1 14 17 20 21
54 27 -1 26 45 23 52
6 8 -1 14 17 20 21
55 28 -1 25 44 21 50
6 8 -1 14 17 20 21
56 29 -1 25 43 19 48
6 8 -1 14 17 20 21
57 30 -1 25 41 18 46
30






























1
По всем вопросам касающимся приложения обращайтесь по WhatsApp +79952867503
1
09.2026

      
	
