1
For advertising or questions send us e-mail kogdanamaz@gmail.com 
30
5 7 -1 14 17 20 22
59 39 -1 16 57 51 26
6 7 -1 14 17 20 22
0 40 -1 15 56 49 24
6 7 -1 14 17 20 22
2 41 -1 15 55 47 22
6 7 -1 14 17 20 22
3 42 -1 15 54 46 20
6 7 -1 14 17 20 22
5 43 -1 14 53 44 18
6 7 -1 14 17 20 22
6 44 -1 14 52 42 16
6 7 -1 14 17 20 22
7 45 -1 14 51 40 14
6 7 -1 14 17 20 22
9 46 -1 13 49 38 12
6 7 -1 14 17 20 22
10 48 -1 13 48 37 10
6 7 -1 14 17 20 22
12 49 -1 13 47 35 8
6 7 -1 14 17 20 22
13 50 -1 12 46 33 5
6 7 -1 14 17 20 22
14 51 -1 12 45 31 3
6 7 -1 14 17 20 22
16 52 -1 12 44 29 1
6 7 -1 14 17 20 21
17 53 -1 11 42 28 59
6 7 -1 14 17 20 21
19 54 -1 11 41 26 57
6 7 -1 14 17 20 21
20 55 -1 11 40 24 55
6 7 -1 14 17 20 21
21 56 -1 10 39 22 53
6 7 -1 14 17 20 21
22 58 -1 10 37 20 51
6 7 -1 14 17 20 21
24 59 -1 9 36 18 49
6 8 -1 14 17 20 21
25 0 -1 9 35 17 47
6 8 -1 14 17 20 21
26 1 -1 9 34 15 45
6 8 -1 14 17 20 21
28 2 -1 8 32 13 43
6 8 -1 14 17 20 21
29 3 -1 8 31 11 41
6 8 -1 14 17 20 21
30 4 -1 8 30 9 39
6 8 -1 14 17 20 21
31 5 -1 7 28 8 37
6 8 -1 14 17 20 21
33 6 -1 7 27 6 36
6 8 -1 14 17 20 21
34 8 -1 7 26 4 34
6 8 -1 14 17 20 21
35 9 -1 6 25 2 32
6 8 -1 14 17 20 21
36 10 -1 6 23 0 30
6 8 -1 14 17 19 21
38 11 -1 6 22 59 28
30






























1
По всем вопросам касающимся приложения обращайтесь по WhatsApp +79952867503
1
09.2026

      
	
