1
For advertising or questions send us e-mail kogdanamaz@gmail.com 
30
3 4 -1 12 16 19 21
17 47 -1 30 12 28 23
3 4 -1 12 16 19 21
20 50 -1 30 10 25 22
3 4 -1 12 16 19 21
22 52 -1 30 8 21 21
3 4 -1 12 16 19 21
25 55 -1 30 6 18 18
3 4 -1 12 16 19 21
27 57 -1 30 4 15 15
3 5 -1 12 16 19 21
30 0 -1 30 2 12 12
3 5 -1 12 16 19 21
32 2 -1 30 0 8 8
3 5 -1 12 15 19 21
35 5 -1 30 58 5 5
3 5 -1 12 15 19 21
37 7 -1 30 56 2 2
3 5 -1 12 15 18 20
40 10 -1 30 53 59 59
3 5 -1 12 15 18 20
42 12 -1 30 50 56 56
3 5 -1 12 15 18 20
45 15 -1 30 48 53 53
3 5 -1 12 15 18 20
47 17 -1 30 46 50 51
3 5 -1 12 15 18 20
50 20 -1 30 44 47 48
3 5 -1 12 15 18 20
52 22 -1 30 42 43 44
3 5 -1 12 15 18 20
55 25 -1 30 40 40 41
3 5 -1 12 15 18 20
57 27 -1 30 37 37 38
4 5 -1 12 15 18 20
0 30 -1 30 35 34 35
4 5 -1 12 15 18 20
2 32 -1 30 33 31 32
4 5 -1 12 15 18 20
5 35 -1 30 30 27 28
4 5 -1 12 15 18 20
7 37 -1 30 28 24 25
4 5 -1 12 15 18 20
10 40 -1 30 26 21 22
4 5 -1 12 15 18 20
12 42 -1 30 24 18 19
4 5 -1 12 15 18 20
15 45 -1 30 22 15 16
4 5 -1 12 15 18 20
17 47 -1 30 20 12 13
4 5 -1 12 15 18 20
20 50 -1 30 18 9 10
4 5 -1 12 15 18 20
22 52 -1 30 16 6 7
4 5 -1 12 15 18 20
25 55 -1 30 14 3 4
4 5 -1 12 15 18 20
27 57 -1 30 12 0 1
4 5 -1 12 15 17 19
29 59 -1 30 10 56 57
30






























1
По всем вопросам касающимся приложения обращайтесь по WhatsApp +79952867503
1
09.2026

      
	
