1
For advertising or questions send us e-mail kogdanamaz@gmail.com 
30
6 7 -1 14 17 20 22
4 34 -1 5 44 34 1
6 7 -1 14 17 20 21
5 35 -1 5 43 33 59
6 7 -1 14 17 20 21
6 36 -1 4 42 31 57
6 7 -1 14 17 20 21
7 36 -1 4 42 30 55
6 7 -1 14 17 20 21
8 37 -1 4 41 28 54
6 7 -1 14 17 20 21
9 38 -1 3 40 27 52
6 7 -1 14 17 20 21
10 39 -1 3 39 25 50
6 7 -1 14 17 20 21
11 40 -1 3 38 24 48
6 7 -1 14 17 20 21
12 41 -1 2 37 22 47
6 7 -1 14 17 20 21
13 42 -1 2 36 21 45
6 7 -1 14 17 20 21
14 42 -1 2 35 19 43
6 7 -1 14 17 20 21
15 43 -1 1 34 18 42
6 7 -1 14 17 20 21
16 44 -1 1 33 16 40
6 7 -1 14 17 20 21
17 45 -1 0 32 14 38
6 7 -1 14 17 20 21
18 46 -1 0 31 13 36
6 7 -1 14 17 20 21
19 47 -1 0 30 11 35
6 7 -1 13 17 20 21
20 47 -1 59 29 10 33
6 7 -1 13 17 20 21
21 48 -1 59 28 8 31
6 7 -1 13 17 20 21
22 49 -1 59 27 7 30
6 7 -1 13 17 20 21
23 50 -1 58 26 5 28
6 7 -1 13 17 20 21
24 51 -1 58 25 3 26
6 7 -1 13 17 20 21
25 52 -1 58 24 2 25
6 7 -1 13 17 20 21
26 53 -1 57 23 0 23
6 7 -1 13 17 19 21
27 53 -1 57 22 59 21
6 7 -1 13 17 19 21
28 54 -1 57 21 57 20
6 7 -1 13 17 19 21
29 55 -1 56 20 56 18
6 7 -1 13 17 19 21
30 56 -1 56 19 54 16
6 7 -1 13 17 19 21
31 57 -1 56 18 53 15
6 7 -1 13 17 19 21
32 58 -1 55 16 51 13
6 7 -1 13 17 19 21
33 59 -1 55 15 49 12
30






























1
По всем вопросам касающимся приложения обращайтесь по WhatsApp +79952867503
1
09.2026

      
	
