1
For advertising or questions send us e-mail kogdanamaz@gmail.com 
31
6 8 -1 13 17 19 21
31 3 -1 57 13 48 17
6 8 -1 13 17 19 21
32 4 -1 56 11 47 15
6 8 -1 13 17 19 21
33 6 -1 56 10 45 13
6 8 -1 13 17 19 21
35 7 -1 56 9 43 11
6 8 -1 13 17 19 21
36 8 -1 55 7 41 10
6 8 -1 13 17 19 21
37 9 -1 55 6 40 8
6 8 -1 13 17 19 21
38 10 -1 55 5 38 6
6 8 -1 13 17 19 21
39 11 -1 55 4 36 4
6 8 -1 13 17 19 21
40 12 -1 54 2 34 3
6 8 -1 13 17 19 21
41 14 -1 54 1 33 1
6 8 -1 13 17 19 20
43 15 -1 54 0 31 59
6 8 -1 13 16 19 20
44 16 -1 53 58 29 58
6 8 -1 13 16 19 20
45 17 -1 53 57 28 56
6 8 -1 13 16 19 20
46 18 -1 53 56 26 54
6 8 -1 13 16 19 20
47 19 -1 53 55 25 53
6 8 -1 13 16 19 20
48 21 -1 53 53 23 51
6 8 -1 13 16 19 20
49 22 -1 52 52 21 50
6 8 -1 13 16 19 20
51 23 -1 52 51 20 48
6 8 -1 13 16 19 20
52 24 -1 52 50 18 47
6 8 -1 13 16 19 20
53 25 -1 52 48 17 45
6 8 -1 13 16 19 20
54 27 -1 52 47 15 44
6 8 -1 13 16 19 20
55 28 -1 51 46 14 42
6 8 -1 13 16 19 20
56 29 -1 51 45 12 41
6 8 -1 13 16 19 20
57 30 -1 51 44 11 40
6 8 -1 13 16 19 20
58 32 -1 51 43 9 38
7 8 -1 13 16 19 20
0 33 -1 51 41 8 37
7 8 -1 13 16 19 20
1 34 -1 51 40 6 36
6 7 -1 12 15 18 19
2 35 -1 51 39 5 34
6 7 -1 12 15 18 19
3 36 -1 51 38 3 33
6 7 -1 12 15 18 19
4 38 -1 51 37 2 32
6 7 -1 12 15 18 19
5 39 -1 51 36 1 31
31































1
По всем вопросам касающимся приложения обращайтесь по WhatsApp +79952867503
1
10.2026

      
	