1
For advertising or questions send us e-mail kogdanamaz@gmail.com 
31
6 7 -1 13 17 19 21
41 57 -1 55 19 51 5
6 7 -1 13 17 19 21
41 58 -1 55 18 50 4
6 7 -1 13 17 19 21
42 58 -1 54 17 49 2
6 7 -1 13 17 19 21
42 59 -1 54 16 48 1
6 8 -1 13 17 19 21
43 0 -1 54 16 47 0
6 8 -1 13 17 19 20
43 0 -1 53 15 45 59
6 8 -1 13 17 19 20
44 1 -1 53 14 44 58
6 8 -1 13 17 19 20
44 1 -1 53 14 44 58
6 8 -1 13 17 19 20
44 1 -1 53 13 43 57
6 8 -1 13 17 19 20
46 2 -1 52 12 41 55
6 8 -1 13 17 19 20
46 3 -1 52 11 40 54
6 8 -1 13 17 19 20
47 3 -1 52 10 39 53
6 8 -1 13 17 19 20
47 4 -1 52 10 38 52
6 8 -1 13 17 19 20
48 5 -1 51 9 37 51
6 8 -1 13 17 19 20
48 5 -1 51 8 36 50
6 8 -1 13 17 19 20
49 6 -1 51 8 35 49
6 8 -1 13 17 19 20
49 6 -1 51 7 34 48
6 8 -1 13 17 19 20
50 7 -1 51 6 33 47
6 8 -1 13 17 19 20
50 8 -1 50 5 32 46
6 8 -1 13 17 19 20
51 8 -1 50 5 31 45
6 8 -1 13 17 19 20
52 9 -1 50 4 30 44
6 8 -1 13 17 19 20
52 10 -1 50 3 29 43
6 8 -1 13 17 19 20
52 10 -1 50 3 29 43
6 8 -1 13 17 19 20
53 10 -1 50 3 28 42
6 8 -1 13 17 19 20
54 11 -1 49 1 26 41
6 8 -1 13 17 19 20
54 12 -1 49 1 25 40
6 8 -1 13 17 19 20
55 13 -1 49 0 24 39
5 7 -1 12 15 18 19
56 14 -1 49 59 24 38
5 7 -1 12 15 18 19
56 14 -1 49 59 23 38
5 7 -1 12 15 18 19
57 15 -1 49 58 22 37
5 7 -1 12 15 18 19
57 16 -1 49 58 21 36
31































1
По всем вопросам касающимся приложения обращайтесь по WhatsApp +79952867503
1
10.2026

      
	