1
For advertising or questions send us e-mail kogdanamaz@gmail.com 
31
6 7 -1 13 17 19 21
38 54 -1 52 15 48 1
6 7 -1 13 17 19 21
38 55 -1 51 15 47 0
6 7 -1 13 17 19 20
39 55 -1 51 14 46 59
6 7 -1 13 17 19 20
39 56 -1 51 13 45 58
6 7 -1 13 17 19 20
40 56 -1 51 12 44 57
6 7 -1 13 17 19 20
40 57 -1 50 12 42 56
6 7 -1 13 17 19 20
41 57 -1 50 11 41 55
6 7 -1 13 17 19 20
41 57 -1 50 11 41 55
6 7 -1 13 17 19 20
41 58 -1 50 10 40 54
6 7 -1 13 17 19 20
42 59 -1 49 9 38 51
6 7 -1 13 17 19 20
43 59 -1 49 8 37 50
6 8 -1 13 17 19 20
43 0 -1 49 7 36 49
6 8 -1 13 17 19 20
44 1 -1 48 7 35 48
6 8 -1 13 17 19 20
44 1 -1 48 6 34 47
6 8 -1 13 17 19 20
45 2 -1 48 5 33 46
6 8 -1 13 17 19 20
45 2 -1 48 4 32 45
6 8 -1 13 17 19 20
46 3 -1 47 4 31 44
6 8 -1 13 17 19 20
47 3 -1 47 3 30 44
6 8 -1 13 17 19 20
47 4 -1 47 2 29 43
6 8 -1 13 17 19 20
48 5 -1 47 2 28 42
6 8 -1 13 17 19 20
48 5 -1 47 1 27 41
6 8 -1 13 17 19 20
49 6 -1 47 0 26 40
6 8 -1 13 17 19 20
49 6 -1 47 0 26 40
6 8 -1 13 17 19 20
49 7 -1 46 0 25 39
6 8 -1 13 16 19 20
50 8 -1 46 58 23 38
6 8 -1 13 16 19 20
51 9 -1 46 58 22 37
6 8 -1 13 16 19 20
52 9 -1 46 57 22 36
5 7 -1 12 15 18 19
52 10 -1 46 57 21 35
5 7 -1 12 15 18 19
53 11 -1 46 56 20 34
5 7 -1 12 15 18 19
53 11 -1 46 55 19 34
5 7 -1 12 15 18 19
54 12 -1 46 55 18 33
31































1
По всем вопросам касающимся приложения обращайтесь по WhatsApp +79952867503
1
10.2026

      
	
