1
For advertising or questions send us e-mail kogdanamaz@gmail.com 
30
3 6 -1 13 17 20 22
59 23 -1 20 2 14 30
4 6 -1 13 17 20 22
2 25 -1 19 0 12 26
4 6 -1 13 16 20 22
5 27 -1 19 59 9 23
4 6 -1 13 16 20 22
8 29 -1 19 57 6 19
4 6 -1 13 16 20 22
11 31 -1 18 55 4 15
4 6 -1 13 16 20 22
14 33 -1 18 54 1 12
4 6 -1 13 16 19 22
17 34 -1 18 52 58 8
4 6 -1 13 16 19 22
20 36 -1 17 50 56 5
4 6 -1 13 16 19 22
23 38 -1 17 48 53 1
4 6 -1 13 16 19 21
26 40 -1 17 47 51 58
4 6 -1 13 16 19 21
29 42 -1 16 45 48 54
4 6 -1 13 16 19 21
32 44 -1 16 43 45 51
4 6 -1 13 16 19 21
35 46 -1 16 41 43 48
4 6 -1 13 16 19 21
37 48 -1 15 39 40 44
4 6 -1 13 16 19 21
40 50 -1 15 37 37 41
4 6 -1 13 16 19 21
43 52 -1 14 36 35 38
4 6 -1 13 16 19 21
45 54 -1 14 34 32 35
4 6 -1 13 16 19 21
48 56 -1 14 32 29 31
4 6 -1 13 16 19 21
50 58 -1 13 30 27 28
4 7 -1 13 16 19 21
53 0 -1 13 28 24 25
4 7 -1 13 16 19 21
55 2 -1 13 26 21 22
4 7 -1 13 16 19 21
58 4 -1 12 24 19 19
5 7 -1 13 16 19 21
0 6 -1 12 22 16 16
5 7 -1 13 16 19 21
2 8 -1 12 20 13 13
5 7 -1 13 16 19 21
5 10 -1 11 19 11 10
5 7 -1 13 16 19 21
7 12 -1 11 17 8 7
5 7 -1 13 16 19 21
10 14 -1 11 15 5 4
5 7 -1 13 16 19 21
12 16 -1 10 13 3 1
5 7 -1 13 16 19 20
14 18 -1 10 11 0 58
5 7 -1 13 16 18 20
16 20 -1 10 9 57 55
30






























1
По всем вопросам касающимся приложения обращайтесь по WhatsApp +79952867503
1
09.2026

      
	
