1
For advertising or questions send us e-mail kogdanamaz@gmail.com 
30
4 6 -1 13 17 20 22
4 24 -1 19 1 12 24
4 6 -1 13 17 20 22
7 25 -1 19 0 9 20
4 6 -1 13 16 20 22
10 27 -1 18 58 7 17
4 6 -1 13 16 20 22
13 29 -1 18 56 4 13
4 6 -1 13 16 20 22
16 31 -1 18 55 2 10
4 6 -1 13 16 19 22
19 33 -1 17 53 59 7
4 6 -1 13 16 19 22
22 35 -1 17 51 57 3
4 6 -1 13 16 19 22
24 37 -1 17 50 54 0
4 6 -1 13 16 19 21
27 39 -1 16 48 52 56
4 6 -1 13 16 19 21
30 41 -1 16 46 49 53
4 6 -1 13 16 19 21
33 43 -1 16 45 46 50
4 6 -1 13 16 19 21
35 44 -1 15 43 44 47
4 6 -1 13 16 19 21
38 46 -1 15 41 41 43
4 6 -1 13 16 19 21
40 48 -1 14 39 39 40
4 6 -1 13 16 19 21
43 50 -1 14 37 36 37
4 6 -1 13 16 19 21
45 52 -1 14 36 33 34
4 6 -1 13 16 19 21
48 54 -1 13 34 31 31
4 6 -1 13 16 19 21
50 56 -1 13 32 28 28
4 6 -1 13 16 19 21
53 58 -1 13 30 26 25
4 7 -1 13 16 19 21
55 0 -1 12 28 23 21
4 7 -1 13 16 19 21
58 1 -1 12 26 20 18
5 7 -1 13 16 19 21
0 3 -1 12 25 18 15
5 7 -1 13 16 19 21
2 5 -1 11 23 15 12
5 7 -1 13 16 19 21
5 7 -1 11 21 13 10
5 7 -1 13 16 19 21
7 9 -1 11 19 10 7
5 7 -1 13 16 19 21
9 11 -1 10 17 7 4
5 7 -1 13 16 19 21
11 13 -1 10 15 5 1
5 7 -1 13 16 19 20
14 15 -1 10 13 2 58
5 7 -1 13 16 19 20
16 17 -1 9 11 0 55
5 7 -1 13 16 18 20
18 19 -1 9 9 57 52
30






























1
По всем вопросам касающимся приложения обращайтесь по WhatsApp +79952867503
1
09.2026

      
	
