1
For advertising or questions send us e-mail kogdanamaz@gmail.com 
30
2 4 -1 12 16 18 20
17 37 -1 0 10 22 13
2 4 -1 12 16 18 20
20 39 -1 0 8 20 10
2 4 -1 12 16 18 20
23 41 -1 0 6 17 7
2 4 -1 12 16 18 20
26 43 -1 0 4 15 3
2 4 -1 12 16 18 20
28 44 -1 0 2 12 0
2 4 -1 12 16 18 19
31 46 -1 0 0 10 57
2 4 -1 12 15 18 19
34 48 -1 0 58 7 54
2 4 -1 12 15 18 19
37 50 -1 0 56 4 51
2 4 -1 12 15 18 19
39 52 -1 0 54 2 48
2 4 -1 12 15 17 19
42 54 -1 0 52 59 45
2 4 -1 12 15 17 19
45 56 -1 0 50 57 42
2 4 -1 12 15 17 19
47 57 -1 0 48 54 39
2 4 -1 12 15 17 19
50 59 -1 0 46 52 36
2 5 -1 12 15 17 19
52 1 -1 0 44 49 33
2 5 -1 12 15 17 19
55 3 -1 0 41 47 30
2 5 -1 12 15 17 19
57 5 -1 0 39 44 27
3 5 -1 12 15 17 19
0 7 -1 0 37 41 24
3 5 -1 12 15 17 19
2 9 -1 0 35 39 21
3 5 -1 12 15 17 19
5 10 -1 0 33 36 18
3 5 -1 12 15 17 19
7 12 -1 0 31 34 15
3 5 -1 12 15 17 19
9 14 -1 0 29 31 12
3 5 -1 12 15 17 19
12 16 -1 0 26 29 9
3 5 -1 12 15 17 19
14 18 -1 0 24 26 7
3 5 -1 12 15 17 19
16 20 -1 0 22 24 4
3 5 -1 12 15 17 19
18 22 -1 0 20 21 1
3 5 -1 12 15 17 18
21 23 -1 0 18 18 58
3 5 -1 12 15 17 18
23 25 -1 0 15 16 56
3 5 -1 12 15 17 18
25 27 -1 0 13 13 53
3 5 -1 12 15 17 18
27 29 -1 0 11 11 50
3 5 -1 12 15 17 18
29 31 -1 0 9 8 48
30






























1
По всем вопросам касающимся приложения обращайтесь по WhatsApp +79952867503
1
09.2026

      
	
