1
For advertising or questions send us e-mail kogdanamaz@gmail.com 
30
4 6 -1 13 17 20 22
24 34 -1 25 8 15 17
4 6 -1 13 17 20 22
27 36 -1 25 6 12 14
4 6 -1 13 17 20 22
30 38 -1 25 5 10 11
4 6 -1 13 17 20 22
32 39 -1 24 3 8 8
4 6 -1 13 17 20 22
35 41 -1 24 2 5 5
4 6 -1 13 17 20 22
37 43 -1 24 0 3 2
4 6 -1 13 16 20 21
40 44 -1 23 59 0 59
4 6 -1 13 16 19 21
42 46 -1 23 57 58 56
4 6 -1 13 16 19 21
42 46 -1 23 57 58 56
4 6 -1 13 16 19 21
45 48 -1 23 56 55 53
4 6 -1 13 16 19 21
49 51 -1 22 52 51 47
4 6 -1 13 16 19 21
52 53 -1 22 51 48 44
4 6 -1 13 16 19 21
54 55 -1 21 49 46 41
4 6 -1 13 16 19 21
56 57 -1 21 47 43 38
4 6 -1 13 16 19 21
59 58 -1 21 46 41 35
5 7 -1 13 16 19 21
1 0 -1 20 44 38 32
5 7 -1 13 16 19 21
3 2 -1 20 42 36 29
5 7 -1 13 16 19 21
5 3 -1 20 41 34 26
5 7 -1 13 16 19 21
7 5 -1 19 39 31 24
5 7 -1 13 16 19 21
10 7 -1 19 37 29 21
5 7 -1 13 16 19 21
12 9 -1 18 35 26 18
5 7 -1 13 16 19 21
14 10 -1 18 34 24 15
5 7 -1 13 16 19 21
14 10 -1 18 34 24 15
5 7 -1 13 16 19 21
16 12 -1 18 32 21 12
5 7 -1 13 16 19 21
20 16 -1 17 28 17 7
5 7 -1 13 16 19 21
22 17 -1 17 27 14 4
5 7 -1 13 16 19 21
24 19 -1 16 25 12 2
5 7 -1 13 16 19 20
26 21 -1 16 23 9 59
5 7 -1 13 16 19 20
28 23 -1 16 21 7 56
5 7 -1 13 16 19 20
30 24 -1 15 19 4 54
30






























1
По всем вопросам касающимся приложения обращайтесь по WhatsApp +79952867503
1
09.2026

      
	
