1
For advertising or questions send us e-mail kogdanamaz@gmail.com 
30
4 6 -1 13 17 20 22
42 46 -1 34 17 21 19
4 6 -1 13 17 20 22
44 47 -1 34 16 19 16
4 6 -1 13 17 20 22
47 49 -1 34 14 17 13
4 6 -1 13 17 20 22
49 50 -1 33 13 14 10
4 6 -1 13 17 20 22
51 52 -1 33 11 12 7
4 6 -1 13 17 20 22
54 54 -1 33 10 10 4
4 6 -1 13 17 20 22
56 55 -1 32 8 8 1
4 6 -1 13 17 20 21
58 57 -1 32 7 5 58
4 6 -1 13 17 20 21
58 57 -1 32 7 5 58
5 6 -1 13 17 20 21
0 59 -1 32 5 3 55
5 7 -1 13 17 19 21
5 2 -1 31 2 58 50
5 7 -1 13 17 19 21
7 3 -1 31 1 56 47
5 7 -1 13 16 19 21
9 5 -1 30 59 54 44
5 7 -1 13 16 19 21
11 7 -1 30 57 51 41
5 7 -1 13 16 19 21
13 8 -1 30 56 49 39
5 7 -1 13 16 19 21
15 10 -1 29 54 47 36
5 7 -1 13 16 19 21
17 12 -1 29 52 44 33
5 7 -1 13 16 19 21
19 13 -1 29 51 42 31
5 7 -1 13 16 19 21
21 15 -1 28 49 40 28
5 7 -1 13 16 19 21
23 16 -1 28 48 37 25
5 7 -1 13 16 19 21
25 18 -1 27 46 35 23
5 7 -1 13 16 19 21
27 20 -1 27 44 33 20
5 7 -1 13 16 19 21
27 20 -1 27 44 33 20
5 7 -1 13 16 19 21
29 21 -1 27 43 30 17
5 7 -1 13 16 19 21
33 25 -1 26 39 26 12
5 7 -1 13 16 19 21
35 26 -1 26 37 23 10
5 7 -1 13 16 19 21
37 28 -1 25 36 21 7
5 7 -1 13 16 19 21
39 30 -1 25 34 19 5
5 7 -1 13 16 19 21
40 31 -1 25 32 16 2
5 7 -1 13 16 19 21
42 33 -1 24 31 14 0
30






























1
По всем вопросам касающимся приложения обращайтесь по WhatsApp +79952867503
1
09.2026

      
	
