1
For advertising or questions send us e-mail kogdanamaz@gmail.com 
30
4 6 -1 12 16 19 21
29 17 -1 59 41 38 22
4 6 -1 12 16 19 21
31 18 -1 58 40 37 19
4 6 -1 12 16 19 21
32 20 -1 58 38 35 17
4 6 -1 12 16 19 21
34 21 -1 58 37 33 14
4 6 -1 12 16 19 21
36 22 -1 57 36 31 12
4 6 -1 12 16 19 21
38 24 -1 57 35 29 10
4 6 -1 12 16 19 21
39 25 -1 57 33 27 7
4 6 -1 12 16 19 21
41 26 -1 56 32 25 5
4 6 -1 12 16 19 21
43 27 -1 56 31 23 3
4 6 -1 12 16 19 21
44 29 -1 56 30 21 0
4 6 -1 12 16 19 20
46 30 -1 55 28 19 58
4 6 -1 12 16 19 20
48 31 -1 55 27 17 56
4 6 -1 12 16 19 20
49 33 -1 55 26 15 53
4 6 -1 12 16 19 20
51 34 -1 54 24 13 51
4 6 -1 12 16 19 20
53 35 -1 54 23 11 49
4 6 -1 12 16 19 20
54 37 -1 54 21 9 46
4 6 -1 12 16 19 20
56 38 -1 53 20 7 44
4 6 -1 12 16 19 20
57 39 -1 53 19 5 42
4 6 -1 12 16 19 20
59 41 -1 52 17 3 40
5 6 -1 12 16 19 20
0 42 -1 52 16 0 37
5 6 -1 12 16 18 20
2 43 -1 52 14 58 35
5 6 -1 12 16 18 20
4 44 -1 51 13 56 33
5 6 -1 12 16 18 20
5 46 -1 51 11 54 31
5 6 -1 12 16 18 20
7 47 -1 51 10 52 29
5 6 -1 12 16 18 20
8 48 -1 50 9 50 26
5 6 -1 12 16 18 20
10 50 -1 50 7 48 24
5 6 -1 12 16 18 20
11 51 -1 50 6 46 22
5 6 -1 12 16 18 20
13 52 -1 49 4 44 20
5 6 -1 12 16 18 20
14 54 -1 49 3 42 18
5 6 -1 12 16 18 20
15 55 -1 49 1 40 16
30






























1
По всем вопросам касающимся приложения обращайтесь по WhatsApp +79952867503
1
09.2026

      
	
