1
For advertising or questions send us e-mail kogdanamaz@gmail.com 
31
5 7 -1 12 16 18 20
20 2 -1 53 3 42 20
5 7 -1 12 16 18 20
21 3 -1 53 1 40 18
5 7 -1 12 16 18 20
23 4 -1 52 0 38 16
5 7 -1 12 15 18 20
24 6 -1 52 58 36 14
5 7 -1 12 15 18 20
26 7 -1 52 57 34 12
5 7 -1 12 15 18 20
27 9 -1 51 55 32 10
5 7 -1 12 15 18 20
29 10 -1 51 54 30 7
5 7 -1 12 15 18 20
30 12 -1 51 52 28 5
5 7 -1 12 15 18 20
32 13 -1 51 51 26 3
5 7 -1 12 15 18 20
33 15 -1 50 49 24 1
5 7 -1 12 15 18 19
34 16 -1 50 47 22 59
5 7 -1 12 15 18 19
36 18 -1 50 46 20 58
5 7 -1 12 15 18 19
37 19 -1 50 44 18 56
5 7 -1 12 15 18 19
39 21 -1 49 43 16 54
5 7 -1 12 15 18 19
40 22 -1 49 41 14 52
5 7 -1 12 15 18 19
42 23 -1 49 40 12 50
5 7 -1 12 15 18 19
43 25 -1 49 38 11 48
5 7 -1 12 15 18 19
45 26 -1 48 37 9 46
5 7 -1 12 15 18 19
46 28 -1 48 35 7 44
5 7 -1 12 15 18 19
47 29 -1 48 34 5 43
5 7 -1 12 15 18 19
49 31 -1 48 33 3 41
5 7 -1 12 15 18 19
50 33 -1 48 31 1 39
5 7 -1 12 15 17 19
52 34 -1 48 30 59 38
5 7 -1 12 15 17 19
53 36 -1 47 28 58 36
5 7 -1 12 15 17 19
54 37 -1 47 27 56 34
5 7 -1 12 15 17 19
56 39 -1 47 26 54 33
5 7 -1 12 15 17 19
57 40 -1 47 24 52 31
4 6 -1 11 14 16 18
59 42 -1 47 23 51 30
5 6 -1 11 14 16 18
0 43 -1 47 21 49 28
5 6 -1 11 14 16 18
1 45 -1 47 20 47 27
5 6 -1 11 14 16 18
3 46 -1 47 19 46 25
31































1
По всем вопросам касающимся приложения обращайтесь по WhatsApp +79952867503
1
10.2026

      
	
