1
For advertising or questions send us e-mail kogdanamaz@gmail.com 
30
4 6 -1 13 16 19 21
35 26 -1 8 51 49 34
4 6 -1 13 16 19 21
37 27 -1 8 49 47 32
4 6 -1 13 16 19 21
39 28 -1 8 48 45 29
4 6 -1 13 16 19 21
41 30 -1 7 47 43 27
4 6 -1 13 16 19 21
43 31 -1 7 46 41 24
4 6 -1 13 16 19 21
45 32 -1 7 44 39 22
4 6 -1 13 16 19 21
46 34 -1 6 43 37 19
4 6 -1 13 16 19 21
48 35 -1 6 42 35 17
4 6 -1 13 16 19 21
50 36 -1 6 40 33 15
4 6 -1 13 16 19 21
52 38 -1 5 39 31 12
4 6 -1 13 16 19 21
53 39 -1 5 38 29 10
4 6 -1 13 16 19 21
55 40 -1 5 36 27 7
4 6 -1 13 16 19 21
57 42 -1 4 35 25 5
4 6 -1 13 16 19 21
59 43 -1 4 34 23 3
5 6 -1 13 16 19 21
0 45 -1 4 32 21 0
5 6 -1 13 16 19 20
2 46 -1 3 31 19 58
5 6 -1 13 16 19 20
4 47 -1 3 29 16 56
5 6 -1 13 16 19 20
5 49 -1 2 28 14 53
5 6 -1 13 16 19 20
7 50 -1 2 26 12 51
5 6 -1 13 16 19 20
8 51 -1 2 25 10 49
5 6 -1 13 16 19 20
10 53 -1 1 23 8 46
5 6 -1 13 16 19 20
12 54 -1 1 22 6 44
5 6 -1 13 16 19 20
13 55 -1 1 21 4 42
5 6 -1 13 16 19 20
15 57 -1 0 19 2 40
5 6 -1 13 16 19 20
16 58 -1 0 18 0 37
5 7 -1 13 16 18 20
18 0 -1 0 16 58 35
5 7 -1 12 16 18 20
19 1 -1 59 15 56 33
5 7 -1 12 16 18 20
21 2 -1 59 13 54 31
5 7 -1 12 16 18 20
22 4 -1 59 12 52 29
5 7 -1 12 16 18 20
24 5 -1 58 10 50 27
30






























1
По всем вопросам касающимся приложения обращайтесь по WhatsApp +79952867503
1
09.2026

      
	
