1
For advertising or questions send us e-mail kogdanamaz@gmail.com 
30
4 6 -1 13 16 19 21
44 33 -1 15 57 55 38
4 6 -1 13 16 19 21
46 34 -1 15 56 53 36
4 6 -1 13 16 19 21
48 36 -1 14 55 51 34
4 6 -1 13 16 19 21
50 37 -1 14 53 49 31
4 6 -1 13 16 19 21
51 38 -1 14 52 47 29
4 6 -1 13 16 19 21
53 40 -1 13 51 45 26
4 6 -1 13 16 19 21
55 41 -1 13 50 43 24
4 6 -1 13 16 19 21
57 42 -1 13 48 41 22
4 6 -1 13 16 19 21
58 43 -1 12 47 39 19
5 6 -1 13 16 19 21
0 45 -1 12 46 37 17
5 6 -1 13 16 19 21
2 46 -1 11 44 35 15
5 6 -1 13 16 19 21
3 47 -1 11 43 33 12
5 6 -1 13 16 19 21
5 49 -1 11 42 31 10
5 6 -1 13 16 19 21
7 50 -1 10 40 29 8
5 6 -1 13 16 19 21
8 51 -1 10 39 27 5
5 6 -1 13 16 19 21
10 53 -1 10 38 25 3
5 6 -1 13 16 19 21
11 54 -1 9 36 23 1
5 6 -1 13 16 19 20
13 55 -1 9 35 21 59
5 6 -1 13 16 19 20
15 57 -1 9 33 19 56
5 6 -1 13 16 19 20
16 58 -1 8 32 17 54
5 6 -1 13 16 19 20
18 59 -1 8 30 15 52
5 7 -1 13 16 19 20
19 1 -1 8 29 13 50
5 7 -1 13 16 19 20
21 2 -1 7 28 11 47
5 7 -1 13 16 19 20
22 3 -1 7 26 9 45
5 7 -1 13 16 19 20
24 5 -1 7 25 7 43
5 7 -1 13 16 19 20
25 6 -1 6 23 5 41
5 7 -1 13 16 19 20
27 7 -1 6 22 2 39
5 7 -1 13 16 19 20
28 9 -1 5 20 0 36
5 7 -1 13 16 18 20
30 10 -1 5 19 58 34
5 7 -1 13 16 18 20
31 11 -1 5 17 56 32
30






























1
По всем вопросам касающимся приложения обращайтесь по WhatsApp +79952867503
1
09.2026

      
	
