1
For advertising or questions send us e-mail kogdanamaz@gmail.com 
31
5 7 -1 13 16 19 21
49 41 -1 30 35 18 5
5 7 -1 13 16 19 21
51 43 -1 30 33 16 2
5 7 -1 13 16 19 21
53 44 -1 30 31 13 0
5 7 -1 13 16 19 20
55 46 -1 30 29 11 57
5 7 -1 13 16 19 20
57 48 -1 29 28 9 55
5 7 -1 13 16 19 20
58 50 -1 29 26 6 53
6 7 -1 13 16 19 20
0 51 -1 29 24 4 50
6 7 -1 13 16 19 20
2 53 -1 28 22 2 48
6 7 -1 13 16 19 20
4 55 -1 28 21 0 46
6 7 -1 13 16 18 20
6 56 -1 28 19 57 43
6 7 -1 13 16 18 20
7 58 -1 28 17 55 41
6 8 -1 13 16 18 20
9 0 -1 27 15 53 39
6 8 -1 13 16 18 20
11 2 -1 27 14 51 37
6 8 -1 13 16 18 20
13 3 -1 27 12 48 34
6 8 -1 13 16 18 20
14 5 -1 27 10 46 32
6 8 -1 13 16 18 20
16 7 -1 26 9 44 30
6 8 -1 13 16 18 20
18 9 -1 26 7 42 28
6 8 -1 13 16 18 20
19 11 -1 26 5 40 26
6 8 -1 13 16 18 20
21 12 -1 26 4 37 24
6 8 -1 13 16 18 20
23 14 -1 26 2 35 22
6 8 -1 13 16 18 20
24 16 -1 25 0 33 20
6 8 -1 13 15 18 20
26 18 -1 25 59 31 18
6 8 -1 13 15 18 20
28 19 -1 25 57 29 16
6 8 -1 13 15 18 20
29 21 -1 25 55 27 14
6 8 -1 13 15 18 20
31 23 -1 25 54 25 12
6 8 -1 13 15 18 20
33 25 -1 25 52 23 10
6 8 -1 13 15 18 20
34 27 -1 25 51 21 9
5 7 -1 12 14 17 19
36 29 -1 25 49 19 7
5 7 -1 12 14 17 19
38 30 -1 25 47 17 5
5 7 -1 12 14 17 19
39 32 -1 24 46 15 3
5 7 -1 12 14 17 19
41 34 -1 24 44 13 2
31































1
По всем вопросам касающимся приложения обращайтесь по WhatsApp +79952867503
1
10.2026

      
	
