1
For advertising or questions send us e-mail kogdanamaz@gmail.com 
30
4 6 -1 13 17 20 22
50 54 -1 43 25 29 27
4 6 -1 13 17 20 22
52 55 -1 42 24 27 24
4 6 -1 13 17 20 22
55 57 -1 42 22 25 21
4 6 -1 13 17 20 22
57 58 -1 42 21 23 18
4 7 -1 13 17 20 22
59 0 -1 41 19 20 15
5 7 -1 13 17 20 22
2 2 -1 41 18 18 12
5 7 -1 13 17 20 22
4 3 -1 41 16 16 9
5 7 -1 13 17 20 22
6 5 -1 40 15 13 6
5 7 -1 13 17 20 22
8 7 -1 40 13 11 4
5 7 -1 13 17 20 22
10 8 -1 39 12 9 1
5 7 -1 13 17 20 21
13 10 -1 39 10 6 58
5 7 -1 13 17 20 21
15 11 -1 39 9 4 55
5 7 -1 13 17 20 21
17 13 -1 38 7 2 52
5 7 -1 13 17 19 21
19 15 -1 38 5 59 50
5 7 -1 13 17 19 21
21 16 -1 38 4 57 47
5 7 -1 13 17 19 21
23 18 -1 37 2 55 44
5 7 -1 13 17 19 21
25 20 -1 37 1 52 42
5 7 -1 13 16 19 21
27 21 -1 37 59 50 39
5 7 -1 13 16 19 21
29 23 -1 36 57 48 36
5 7 -1 13 16 19 21
31 24 -1 36 56 45 34
5 7 -1 13 16 19 21
33 26 -1 36 54 43 31
5 7 -1 13 16 19 21
35 28 -1 35 52 41 28
5 7 -1 13 16 19 21
37 29 -1 35 51 38 26
5 7 -1 13 16 19 21
39 31 -1 35 49 36 23
5 7 -1 13 16 19 21
41 33 -1 34 47 34 21
5 7 -1 13 16 19 21
43 34 -1 34 46 31 18
5 7 -1 13 16 19 21
45 36 -1 33 44 29 15
5 7 -1 13 16 19 21
46 38 -1 33 42 27 13
5 7 -1 13 16 19 21
48 39 -1 33 40 24 10
5 7 -1 13 16 19 21
50 41 -1 32 39 22 8
30






























1
По всем вопросам касающимся приложения обращайтесь по WhatsApp +79952867503
1
09.2026

      
	
