1
For advertising or questions send us e-mail kogdanamaz@gmail.com 
30
4 6 -1 13 17 20 22
50 54 -1 43 26 30 28
4 6 -1 13 17 20 22
52 56 -1 43 24 28 25
4 6 -1 13 17 20 22
54 57 -1 43 23 26 22
4 6 -1 13 17 20 22
57 59 -1 42 21 23 19
4 7 -1 13 17 20 22
59 0 -1 42 20 21 17
5 7 -1 13 17 20 22
1 2 -1 42 18 19 14
5 7 -1 13 17 20 22
4 4 -1 41 17 17 11
5 7 -1 13 17 20 22
6 5 -1 41 15 14 8
5 7 -1 13 17 20 22
8 7 -1 41 14 12 5
5 7 -1 13 17 20 22
10 9 -1 40 12 10 2
5 7 -1 13 17 20 21
13 10 -1 40 11 7 59
5 7 -1 13 17 20 21
15 12 -1 39 9 5 57
5 7 -1 13 17 20 21
17 14 -1 39 8 3 54
5 7 -1 13 17 20 21
19 15 -1 39 6 0 51
5 7 -1 13 17 19 21
21 17 -1 38 4 58 48
5 7 -1 13 17 19 21
23 18 -1 38 3 56 45
5 7 -1 13 17 19 21
25 20 -1 38 1 53 43
5 7 -1 13 17 19 21
27 22 -1 37 0 51 40
5 7 -1 13 16 19 21
29 23 -1 37 58 49 37
5 7 -1 13 16 19 21
31 25 -1 37 56 46 35
5 7 -1 13 16 19 21
33 27 -1 36 55 44 32
5 7 -1 13 16 19 21
35 28 -1 36 53 41 29
5 7 -1 13 16 19 21
37 30 -1 36 51 39 27
5 7 -1 13 16 19 21
39 32 -1 35 49 37 24
5 7 -1 13 16 19 21
41 33 -1 35 48 34 22
5 7 -1 13 16 19 21
43 35 -1 35 46 32 19
5 7 -1 13 16 19 21
45 37 -1 34 44 30 17
5 7 -1 13 16 19 21
47 38 -1 34 43 27 14
5 7 -1 13 16 19 21
49 40 -1 33 41 25 12
5 7 -1 13 16 19 21
50 42 -1 33 39 23 9
30






























1
По всем вопросам касающимся приложения обращайтесь по WhatsApp +79952867503
1
09.2026

      
	
