1
For advertising or questions send us e-mail kogdanamaz@gmail.com 
30
4 6 -1 13 17 20 22
48 50 -1 39 21 25 21
4 6 -1 13 17 20 22
51 52 -1 38 20 22 18
4 6 -1 13 17 20 22
53 54 -1 38 18 20 15
4 6 -1 13 17 20 22
55 55 -1 38 17 18 12
4 6 -1 13 17 20 22
58 57 -1 37 15 16 9
5 6 -1 13 17 20 22
0 58 -1 37 14 13 6
5 7 -1 13 17 20 22
2 0 -1 37 13 11 3
5 7 -1 13 17 20 22
4 2 -1 36 11 9 1
5 7 -1 13 17 20 21
6 3 -1 36 10 7 58
5 7 -1 13 17 20 21
8 5 -1 36 8 4 55
5 7 -1 13 17 20 21
11 6 -1 35 7 2 52
5 7 -1 13 17 20 21
13 8 -1 35 5 0 50
5 7 -1 13 17 19 21
15 9 -1 35 3 58 47
5 7 -1 13 17 19 21
17 11 -1 34 2 55 44
5 7 -1 13 17 19 21
19 13 -1 34 0 53 41
5 7 -1 13 16 19 21
21 14 -1 33 59 51 39
5 7 -1 13 16 19 21
23 16 -1 33 57 48 36
5 7 -1 13 16 19 21
25 17 -1 33 55 46 33
5 7 -1 13 16 19 21
27 19 -1 32 54 44 31
5 7 -1 13 16 19 21
29 21 -1 32 52 41 28
5 7 -1 13 16 19 21
31 22 -1 32 51 39 26
5 7 -1 13 16 19 21
33 24 -1 31 49 37 23
5 7 -1 13 16 19 21
34 25 -1 31 47 34 21
5 7 -1 13 16 19 21
36 27 -1 31 46 32 18
5 7 -1 13 16 19 21
38 29 -1 30 44 30 15
5 7 -1 13 16 19 21
40 30 -1 30 42 28 13
5 7 -1 13 16 19 21
42 32 -1 30 41 25 10
5 7 -1 13 16 19 21
44 33 -1 29 39 23 8
5 7 -1 13 16 19 21
45 35 -1 29 37 21 6
5 7 -1 13 16 19 21
47 37 -1 29 35 18 3
30






























1
По всем вопросам касающимся приложения обращайтесь по WhatsApp +79952867503
1
09.2026

      
	
