1
For advertising or questions send us e-mail kogdanamaz@gmail.com 
30
4 6 -1 13 18 19 21
33 13 -1 4 23 53 23
4 6 -1 13 18 19 21
35 15 -1 4 21 51 21
4 6 -1 13 18 19 21
37 17 -1 3 19 49 19
4 6 -1 13 18 19 21
39 19 -1 3 16 46 16
4 6 -1 13 18 19 21
40 20 -1 3 14 44 14
4 6 -1 13 18 19 21
42 22 -1 2 11 41 11
4 6 -1 13 18 19 21
44 24 -1 2 9 39 9
4 6 -1 13 18 19 21
46 26 -1 2 6 36 6
4 6 -1 13 18 19 21
47 27 -1 1 4 34 4
4 6 -1 13 18 19 21
49 29 -1 1 2 32 2
4 6 -1 13 17 19 20
51 31 -1 1 59 29 59
4 6 -1 13 17 19 20
52 32 -1 0 57 27 57
4 6 -1 13 17 19 20
54 34 -1 0 54 24 54
4 6 -1 12 17 19 20
56 36 -1 59 52 22 52
4 6 -1 12 17 19 20
58 38 -1 59 49 19 49
4 6 -1 12 17 19 20
59 39 -1 59 47 17 47
5 6 -1 12 17 19 20
1 41 -1 58 44 14 44
5 6 -1 12 17 19 20
3 43 -1 58 42 12 42
5 6 -1 12 17 19 20
5 45 -1 58 40 10 40
5 6 -1 12 17 19 20
6 46 -1 57 37 7 37
5 6 -1 12 17 19 20
8 48 -1 57 35 5 35
5 6 -1 12 17 19 20
10 50 -1 57 32 2 32
5 6 -1 12 17 19 20
12 52 -1 56 30 0 30
5 6 -1 12 17 18 20
13 53 -1 56 27 57 27
5 6 -1 12 17 18 20
15 55 -1 56 25 55 25
5 6 -1 12 17 18 20
17 57 -1 55 22 52 22
5 6 -1 12 17 18 20
19 59 -1 55 20 50 20
5 7 -1 12 17 18 20
21 1 -1 55 18 48 18
5 7 -1 12 17 18 20
22 2 -1 54 15 45 15
5 7 -1 12 17 18 20
24 4 -1 54 13 43 13
30






























1
По всем вопросам касающимся приложения обращайтесь по WhatsApp +79952867503
1
09.2026

      
	
