1
For advertising or questions send us e-mail kogdanamaz@gmail.com 
31
5 7 -1 13 16 19 21
49 40 -1 30 34 17 3
5 7 -1 13 16 19 21
51 42 -1 29 32 15 1
5 7 -1 13 16 19 20
53 43 -1 29 31 13 59
5 7 -1 13 16 19 20
55 45 -1 29 29 10 56
5 7 -1 13 16 19 20
56 47 -1 28 27 8 54
5 7 -1 13 16 19 20
58 49 -1 28 26 6 51
6 7 -1 13 16 19 20
0 50 -1 28 24 4 49
6 7 -1 13 16 19 20
2 52 -1 28 22 1 47
6 7 -1 13 16 18 20
3 54 -1 27 20 59 45
6 7 -1 13 16 18 20
5 55 -1 27 19 57 42
6 7 -1 13 16 18 20
7 57 -1 27 17 55 40
6 7 -1 13 16 18 20
9 59 -1 26 15 52 38
6 8 -1 13 16 18 20
10 1 -1 26 13 50 36
6 8 -1 13 16 18 20
12 2 -1 26 12 48 33
6 8 -1 13 16 18 20
14 4 -1 26 10 46 31
6 8 -1 13 16 18 20
15 6 -1 26 8 44 29
6 8 -1 13 16 18 20
17 8 -1 25 7 41 27
6 8 -1 13 16 18 20
19 9 -1 25 5 39 25
6 8 -1 13 16 18 20
20 11 -1 25 3 37 23
6 8 -1 13 16 18 20
22 13 -1 25 2 35 21
6 8 -1 13 16 18 20
24 15 -1 25 0 33 19
6 8 -1 13 15 18 20
25 16 -1 24 58 31 17
6 8 -1 13 15 18 20
27 18 -1 24 57 29 15
6 8 -1 13 15 18 20
29 20 -1 24 55 27 13
6 8 -1 13 15 18 20
30 22 -1 24 54 25 11
6 8 -1 13 15 18 20
32 24 -1 24 52 23 10
6 8 -1 13 15 18 20
34 25 -1 24 50 21 8
5 7 -1 12 14 17 19
35 27 -1 24 49 19 6
5 7 -1 12 14 17 19
37 29 -1 24 47 17 4
5 7 -1 12 14 17 19
38 31 -1 24 46 15 3
5 7 -1 12 14 17 19
40 33 -1 24 44 13 1
31































1
По всем вопросам касающимся приложения обращайтесь по WhatsApp +79952867503
1
10.2026

      
	