1
For advertising or questions send us e-mail kogdanamaz@gmail.com 
30
4 6 -1 13 17 20 22
54 55 -1 43 25 29 24
4 6 -1 13 17 20 22
56 57 -1 42 24 26 21
4 6 -1 13 17 20 22
58 58 -1 42 23 24 18
5 7 -1 13 17 20 22
1 0 -1 42 21 22 15
5 7 -1 13 17 20 22
3 1 -1 41 20 20 12
5 7 -1 13 17 20 22
5 3 -1 41 18 17 9
5 7 -1 13 17 20 22
7 4 -1 41 17 15 7
5 7 -1 13 17 20 22
9 6 -1 40 15 13 4
5 7 -1 13 17 20 22
12 8 -1 40 14 11 1
5 7 -1 13 17 20 21
14 9 -1 40 12 8 58
5 7 -1 13 17 20 21
16 11 -1 39 11 6 56
5 7 -1 13 17 20 21
18 12 -1 39 9 4 53
5 7 -1 13 17 20 21
20 14 -1 39 8 2 50
5 7 -1 13 17 19 21
22 15 -1 38 6 59 48
5 7 -1 13 17 19 21
24 17 -1 38 5 57 45
5 7 -1 13 17 19 21
26 19 -1 38 3 55 42
5 7 -1 13 17 19 21
28 20 -1 37 1 52 40
5 7 -1 13 17 19 21
30 22 -1 37 0 50 37
5 7 -1 13 16 19 21
32 23 -1 37 58 48 34
5 7 -1 13 16 19 21
34 25 -1 36 57 46 32
5 7 -1 13 16 19 21
35 26 -1 36 55 43 29
5 7 -1 13 16 19 21
37 28 -1 35 53 41 27
5 7 -1 13 16 19 21
39 30 -1 35 52 39 24
5 7 -1 13 16 19 21
41 31 -1 35 50 36 22
5 7 -1 13 16 19 21
43 33 -1 34 48 34 19
5 7 -1 13 16 19 21
45 34 -1 34 47 32 17
5 7 -1 13 16 19 21
47 36 -1 34 45 30 14
5 7 -1 13 16 19 21
48 38 -1 33 43 27 12
5 7 -1 13 16 19 21
50 39 -1 33 42 25 9
5 7 -1 13 16 19 21
52 41 -1 33 40 23 7
30






























1
По всем вопросам касающимся приложения обращайтесь по WhatsApp +79952867503
1
09.2026

      
	
