1
For advertising or questions send us e-mail kogdanamaz@gmail.com 
30
4 6 -1 13 17 20 22
57 58 -1 46 28 31 26
5 7 -1 13 17 20 22
0 0 -1 45 27 29 23
5 7 -1 13 17 20 22
2 1 -1 45 25 27 20
5 7 -1 13 17 20 22
4 3 -1 45 24 24 17
5 7 -1 13 17 20 22
6 4 -1 44 23 22 14
5 7 -1 13 17 20 22
9 6 -1 44 21 20 11
5 7 -1 13 17 20 22
11 7 -1 44 20 18 9
5 7 -1 13 17 20 22
13 9 -1 43 18 15 6
5 7 -1 13 17 20 22
15 11 -1 43 17 13 3
5 7 -1 13 17 20 22
17 12 -1 43 15 11 1
5 7 -1 13 17 20 21
19 14 -1 42 14 9 58
5 7 -1 13 17 20 21
21 15 -1 42 12 6 55
5 7 -1 13 17 20 21
23 17 -1 41 11 4 52
5 7 -1 13 17 20 21
25 18 -1 41 9 2 50
5 7 -1 13 17 20 21
27 20 -1 41 8 0 47
5 7 -1 13 17 19 21
29 21 -1 40 6 57 44
5 7 -1 13 17 19 21
31 23 -1 40 4 55 42
5 7 -1 13 17 19 21
33 25 -1 40 3 53 39
5 7 -1 13 17 19 21
35 26 -1 39 1 51 37
5 7 -1 13 17 19 21
37 28 -1 39 0 48 34
5 7 -1 13 16 19 21
39 29 -1 39 58 46 32
5 7 -1 13 16 19 21
41 31 -1 38 56 44 29
5 7 -1 13 16 19 21
42 32 -1 38 55 41 27
5 7 -1 13 16 19 21
44 34 -1 38 53 39 24
5 7 -1 13 16 19 21
46 36 -1 37 51 37 22
5 7 -1 13 16 19 21
48 37 -1 37 50 35 19
5 7 -1 13 16 19 21
50 39 -1 37 48 32 17
5 7 -1 13 16 19 21
52 40 -1 36 46 30 14
5 7 -1 13 16 19 21
53 42 -1 36 45 28 12
5 7 -1 13 16 19 21
55 44 -1 36 43 26 9
30






























1
По всем вопросам касающимся приложения обращайтесь по WhatsApp +79952867503
1
09.2026

      
	
