1
For advertising or questions send us e-mail kogdanamaz@gmail.com 
31
5 7 -1 13 16 19 20
50 38 -1 28 35 16 59
5 7 -1 13 16 19 20
52 39 -1 28 33 14 57
5 7 -1 13 16 19 20
54 41 -1 27 31 12 54
5 7 -1 13 16 19 20
55 42 -1 27 30 10 52
5 7 -1 13 16 19 20
57 44 -1 27 28 7 50
5 7 -1 13 16 19 20
59 46 -1 26 26 5 47
6 7 -1 13 16 19 20
0 47 -1 26 25 3 45
6 7 -1 13 16 19 20
2 49 -1 26 23 1 43
6 7 -1 13 16 18 20
4 50 -1 25 21 59 41
6 7 -1 13 16 18 20
5 52 -1 25 20 57 39
6 7 -1 13 16 18 20
7 54 -1 25 18 54 37
6 7 -1 13 16 18 20
8 55 -1 25 16 52 35
6 7 -1 13 16 18 20
10 57 -1 24 15 50 32
6 7 -1 13 16 18 20
12 58 -1 24 13 48 30
6 8 -1 13 16 18 20
13 0 -1 24 12 46 28
6 8 -1 13 16 18 20
15 2 -1 24 10 44 26
6 8 -1 13 16 18 20
16 3 -1 24 8 42 24
6 8 -1 13 16 18 20
18 5 -1 23 7 40 22
6 8 -1 13 16 18 20
20 7 -1 23 5 38 20
6 8 -1 13 16 18 20
21 8 -1 23 4 36 19
6 8 -1 13 16 18 20
23 10 -1 23 2 34 17
6 8 -1 13 16 18 20
24 12 -1 23 0 32 15
6 8 -1 13 15 18 20
26 13 -1 23 59 30 13
6 8 -1 13 15 18 20
27 15 -1 22 57 28 11
6 8 -1 13 15 18 20
29 17 -1 22 56 26 9
6 8 -1 13 15 18 20
30 18 -1 22 54 24 8
6 8 -1 13 15 18 20
32 20 -1 22 53 22 6
5 7 -1 12 14 17 19
34 22 -1 22 51 20 4
5 7 -1 12 14 17 19
35 24 -1 22 50 19 3
5 7 -1 12 14 17 19
37 25 -1 22 49 17 1
5 7 -1 12 14 17 18
38 27 -1 22 47 15 59
31































1
По всем вопросам касающимся приложения обращайтесь по WhatsApp +79952867503
1
10.2026

      
	