1
For advertising or questions send us e-mail kogdanamaz@gmail.com 
30
4 6 -1 13 17 20 22
58 56 -1 43 25 27 20
5 6 -1 13 17 20 22
0 58 -1 42 24 25 17
5 6 -1 13 17 20 22
2 59 -1 42 23 23 14
5 7 -1 13 17 20 22
4 1 -1 42 21 21 11
5 7 -1 13 17 20 22
6 2 -1 41 20 19 9
5 7 -1 13 17 20 22
9 4 -1 41 18 16 6
5 7 -1 13 17 20 22
11 5 -1 41 17 14 3
5 7 -1 13 17 20 22
13 7 -1 40 16 12 1
5 7 -1 13 17 20 21
15 8 -1 40 14 10 58
5 7 -1 13 17 20 21
17 10 -1 40 13 8 55
5 7 -1 13 17 20 21
19 11 -1 39 11 5 53
5 7 -1 13 17 20 21
21 13 -1 39 10 3 50
5 7 -1 13 17 20 21
23 14 -1 39 8 1 47
5 7 -1 13 17 19 21
25 16 -1 38 7 59 45
5 7 -1 13 17 19 21
27 17 -1 38 5 56 42
5 7 -1 13 17 19 21
28 19 -1 38 4 54 40
5 7 -1 13 17 19 21
30 20 -1 37 2 52 37
5 7 -1 13 17 19 21
32 22 -1 37 0 50 35
5 7 -1 13 16 19 21
34 24 -1 36 59 47 32
5 7 -1 13 16 19 21
36 25 -1 36 57 45 30
5 7 -1 13 16 19 21
38 27 -1 36 56 43 27
5 7 -1 13 16 19 21
40 28 -1 35 54 41 25
5 7 -1 13 16 19 21
41 30 -1 35 52 39 22
5 7 -1 13 16 19 21
43 31 -1 35 51 36 20
5 7 -1 13 16 19 21
45 33 -1 34 49 34 17
5 7 -1 13 16 19 21
47 34 -1 34 48 32 15
5 7 -1 13 16 19 21
48 36 -1 34 46 30 12
5 7 -1 13 16 19 21
50 37 -1 33 44 27 10
5 7 -1 13 16 19 21
52 39 -1 33 43 25 8
5 7 -1 13 16 19 21
53 40 -1 33 41 23 5
30






























1
По всем вопросам касающимся приложения обращайтесь по WhatsApp +79952867503
1
09.2026

      
	
