1
For advertising or questions send us e-mail kogdanamaz@gmail.com 
31
5 7 -1 13 16 19 21
58 47 -1 37 43 25 9
6 7 -1 13 16 19 21
0 49 -1 37 41 23 7
6 7 -1 13 16 19 21
2 50 -1 37 40 21 5
6 7 -1 13 16 19 21
4 52 -1 36 38 19 2
6 7 -1 13 16 19 21
5 54 -1 36 36 16 0
6 7 -1 13 16 19 20
7 55 -1 36 35 14 58
6 7 -1 13 16 19 20
9 57 -1 35 33 12 55
6 7 -1 13 16 19 20
10 59 -1 35 31 10 53
6 8 -1 13 16 19 20
12 0 -1 35 30 7 51
6 8 -1 13 16 19 20
14 2 -1 35 28 5 49
6 8 -1 13 16 19 20
16 4 -1 34 26 3 47
6 8 -1 13 16 19 20
17 5 -1 34 25 1 44
6 8 -1 13 16 18 20
19 7 -1 34 23 59 42
6 8 -1 13 16 18 20
20 9 -1 34 21 57 40
6 8 -1 13 16 18 20
22 10 -1 33 20 55 38
6 8 -1 13 16 18 20
24 12 -1 33 18 52 36
6 8 -1 13 16 18 20
25 14 -1 33 16 50 34
6 8 -1 13 16 18 20
27 15 -1 33 15 48 32
6 8 -1 13 16 18 20
29 17 -1 33 13 46 30
6 8 -1 13 16 18 20
30 19 -1 32 11 44 28
6 8 -1 13 16 18 20
32 20 -1 32 10 42 26
6 8 -1 13 16 18 20
33 22 -1 32 8 40 24
6 8 -1 13 16 18 20
35 24 -1 32 7 38 22
6 8 -1 13 16 18 20
36 26 -1 32 5 36 21
6 8 -1 13 16 18 20
38 27 -1 32 4 34 19
6 8 -1 13 16 18 20
40 29 -1 32 2 32 17
6 8 -1 13 16 18 20
41 31 -1 31 1 30 15
5 7 -1 12 14 17 19
43 33 -1 31 59 28 14
5 7 -1 12 14 17 19
44 34 -1 31 58 27 12
5 7 -1 12 14 17 19
46 36 -1 31 56 25 10
5 7 -1 12 14 17 19
47 38 -1 31 55 23 9
31































1
По всем вопросам касающимся приложения обращайтесь по WhatsApp +79952867503
1
10.2026

      
	