1
For advertising or questions send us e-mail kogdanamaz@gmail.com 
30
4 6 -1 13 17 20 22
18 35 -1 30 12 22 32
4 6 -1 13 17 20 22
21 37 -1 29 11 20 29
4 6 -1 13 17 20 22
24 39 -1 29 9 17 25
4 6 -1 13 17 20 22
27 41 -1 29 7 14 22
4 6 -1 13 17 20 22
29 43 -1 28 6 12 18
4 6 -1 13 17 20 22
32 45 -1 28 4 9 15
4 6 -1 13 17 20 22
35 46 -1 28 2 7 12
4 6 -1 13 17 20 22
38 48 -1 27 1 4 8
4 6 -1 13 17 20 22
38 48 -1 27 1 4 8
4 6 -1 13 16 20 22
40 50 -1 27 59 2 5
4 6 -1 13 16 19 21
46 54 -1 26 56 57 59
4 6 -1 13 16 19 21
48 56 -1 26 54 54 55
4 6 -1 13 16 19 21
51 58 -1 26 52 52 52
4 7 -1 13 16 19 21
53 0 -1 25 50 49 49
4 7 -1 13 16 19 21
56 1 -1 25 49 46 46
4 7 -1 13 16 19 21
58 3 -1 25 47 44 43
5 7 -1 13 16 19 21
1 5 -1 24 45 41 40
5 7 -1 13 16 19 21
3 7 -1 24 43 39 37
5 7 -1 13 16 19 21
5 9 -1 24 41 36 34
5 7 -1 13 16 19 21
8 11 -1 23 40 34 31
5 7 -1 13 16 19 21
10 13 -1 23 38 31 28
5 7 -1 13 16 19 21
12 14 -1 22 36 28 25
5 7 -1 13 16 19 21
12 14 -1 22 36 28 25
5 7 -1 13 16 19 21
15 16 -1 22 34 26 22
5 7 -1 13 16 19 21
19 20 -1 21 30 21 16
5 7 -1 13 16 19 21
21 22 -1 21 28 18 13
5 7 -1 13 16 19 21
23 24 -1 21 27 16 10
5 7 -1 13 16 19 21
26 26 -1 20 25 13 8
5 7 -1 13 16 19 21
28 28 -1 20 23 10 5
5 7 -1 13 16 19 21
30 30 -1 20 21 8 2
30






























1
По всем вопросам касающимся приложения обращайтесь по WhatsApp +79952867503
1
09.2026

      
	
