1
For advertising or questions send us e-mail kogdanamaz@gmail.com 
30
4 6 -1 13 16 19 21
23 25 -1 13 56 59 55
4 6 -1 13 16 19 21
25 27 -1 13 54 57 52
4 6 -1 13 16 19 21
28 28 -1 13 53 55 49
4 6 -1 13 16 19 21
30 30 -1 12 51 53 47
4 6 -1 13 16 19 21
32 31 -1 12 50 50 44
4 6 -1 13 16 19 21
34 33 -1 12 49 48 41
4 6 -1 13 16 19 21
37 35 -1 11 47 46 38
4 6 -1 13 16 19 21
39 36 -1 11 46 44 35
4 6 -1 13 16 19 21
39 36 -1 11 46 44 35
4 6 -1 13 16 19 21
41 38 -1 10 44 41 32
4 6 -1 13 16 19 21
45 41 -1 10 41 37 27
4 6 -1 13 16 19 21
47 42 -1 9 39 34 24
4 6 -1 13 16 19 21
49 44 -1 9 38 32 21
4 6 -1 13 16 19 21
51 46 -1 9 36 30 19
4 6 -1 13 16 19 21
53 47 -1 8 35 27 16
4 6 -1 13 16 19 21
55 49 -1 8 33 25 13
4 6 -1 13 16 19 21
57 50 -1 8 32 23 11
4 6 -1 13 16 19 21
59 52 -1 7 30 21 8
5 6 -1 13 16 19 21
1 54 -1 7 28 18 5
5 6 -1 13 16 19 21
3 55 -1 7 27 16 3
5 6 -1 13 16 19 21
5 57 -1 6 25 14 0
5 6 -1 13 16 19 20
7 58 -1 6 23 11 58
5 6 -1 13 16 19 20
7 58 -1 6 23 11 58
5 7 -1 13 16 19 20
9 0 -1 6 22 9 55
5 7 -1 13 16 19 20
13 3 -1 5 18 4 50
5 7 -1 13 16 19 20
15 5 -1 4 17 2 48
5 7 -1 13 16 19 20
16 7 -1 4 15 0 45
5 7 -1 13 16 18 20
18 8 -1 4 13 58 43
5 7 -1 13 16 18 20
20 10 -1 3 12 55 40
5 7 -1 13 16 18 20
22 11 -1 3 10 53 38
30






























1
По всем вопросам касающимся приложения обращайтесь по WhatsApp +79952867503
1
09.2026

      
	
