1
For advertising or questions send us e-mail kogdanamaz@gmail.com 
31
5 7 -1 13 16 18 20
26 16 -1 6 11 54 39
5 7 -1 13 16 18 20
28 18 -1 6 9 51 36
5 7 -1 13 16 18 20
30 20 -1 5 8 49 34
5 7 -1 13 16 18 20
32 21 -1 5 6 47 32
5 7 -1 13 16 18 20
34 23 -1 5 4 45 29
5 7 -1 13 16 18 20
35 25 -1 4 3 42 27
5 7 -1 13 16 18 20
37 26 -1 4 1 40 25
5 7 -1 13 16 18 20
37 26 -1 4 1 40 25
5 7 -1 13 15 18 20
39 28 -1 4 59 38 22
5 7 -1 13 15 18 20
42 31 -1 3 56 34 18
5 7 -1 13 15 18 20
44 33 -1 3 54 31 16
5 7 -1 13 15 18 20
46 35 -1 3 52 29 14
5 7 -1 13 15 18 20
47 36 -1 3 51 27 11
5 7 -1 13 15 18 20
49 38 -1 2 49 25 9
5 7 -1 13 15 18 20
51 40 -1 2 47 23 7
5 7 -1 13 15 18 20
52 41 -1 2 46 21 5
5 7 -1 13 15 18 20
54 43 -1 2 44 18 3
5 7 -1 13 15 18 20
56 45 -1 1 42 16 1
5 7 -1 13 15 18 19
57 47 -1 1 41 14 59
5 7 -1 13 15 18 19
59 48 -1 1 39 12 57
6 7 -1 13 15 18 19
0 50 -1 1 38 10 55
6 7 -1 13 15 18 19
2 52 -1 1 36 8 53
6 7 -1 13 15 18 19
2 52 -1 1 36 8 53
6 7 -1 13 15 18 19
4 54 -1 1 34 6 51
6 7 -1 13 15 18 19
7 57 -1 0 31 2 48
6 7 -1 13 15 18 19
8 59 -1 0 30 0 46
6 8 -1 13 15 17 19
10 1 -1 0 28 58 44
5 7 -1 12 14 16 18
12 2 -1 0 27 56 42
5 7 -1 12 14 16 18
13 4 -1 0 25 54 41
5 7 -1 12 14 16 18
15 6 -1 0 24 52 39
5 7 -1 12 14 16 18
16 8 -1 0 22 51 37
31































1
По всем вопросам касающимся приложения обращайтесь по WhatsApp +79952867503
1
10.2026

      
	
