1
For advertising or questions send us e-mail kogdanamaz@gmail.com 
30
4 6 -1 13 16 19 21
22 24 -1 12 55 59 55
4 6 -1 13 16 19 21
24 26 -1 12 54 56 52
4 6 -1 13 16 19 21
26 27 -1 12 52 54 49
4 6 -1 13 16 19 21
29 29 -1 11 51 52 46
4 6 -1 13 16 19 21
31 30 -1 11 49 50 43
4 6 -1 13 16 19 21
33 32 -1 11 48 47 40
4 6 -1 13 16 19 21
35 34 -1 10 46 45 38
4 6 -1 13 16 19 21
38 35 -1 10 45 43 35
4 6 -1 13 16 19 21
38 35 -1 10 45 43 35
4 6 -1 13 16 19 21
40 37 -1 10 43 41 32
4 6 -1 13 16 19 21
44 40 -1 9 40 36 26
4 6 -1 13 16 19 21
46 42 -1 9 39 34 24
4 6 -1 13 16 19 21
48 43 -1 8 37 31 21
4 6 -1 13 16 19 21
50 45 -1 8 35 29 18
4 6 -1 13 16 19 21
52 46 -1 8 34 27 16
4 6 -1 13 16 19 21
54 48 -1 7 32 24 13
4 6 -1 13 16 19 21
56 50 -1 7 31 22 10
4 6 -1 13 16 19 21
58 51 -1 7 29 20 8
5 6 -1 13 16 19 21
0 53 -1 6 27 17 5
5 6 -1 13 16 19 21
2 54 -1 6 26 15 2
5 6 -1 13 16 19 21
4 56 -1 5 24 13 0
5 6 -1 13 16 19 20
6 58 -1 5 22 11 57
5 6 -1 13 16 19 20
6 58 -1 5 22 11 57
5 6 -1 13 16 19 20
8 59 -1 5 21 8 55
5 7 -1 13 16 19 20
12 2 -1 4 17 4 49
5 7 -1 13 16 19 20
14 4 -1 4 16 1 47
5 7 -1 13 16 18 20
15 6 -1 3 14 59 44
5 7 -1 13 16 18 20
17 7 -1 3 12 57 42
5 7 -1 13 16 18 20
19 9 -1 3 11 54 40
5 7 -1 13 16 18 20
21 11 -1 2 9 52 37
30






























1
По всем вопросам касающимся приложения обращайтесь по WhatsApp +79952867503
1
09.2026

      
	
