1
For advertising or questions send us e-mail kogdanamaz@gmail.com 
30
3 6 -1 13 17 20 22
59 21 -1 17 0 11 26
4 6 -1 13 16 20 22
2 23 -1 17 58 9 22
4 6 -1 13 16 20 22
5 25 -1 17 56 6 18
4 6 -1 13 16 20 22
8 27 -1 16 55 4 15
4 6 -1 13 16 20 22
11 29 -1 16 53 1 11
4 6 -1 13 16 19 22
14 31 -1 16 51 58 8
4 6 -1 13 16 19 22
17 33 -1 15 50 56 4
4 6 -1 13 16 19 22
20 35 -1 15 48 53 1
4 6 -1 13 16 19 22
20 35 -1 15 48 53 1
4 6 -1 13 16 19 21
23 37 -1 15 46 51 57
4 6 -1 13 16 19 21
29 41 -1 14 43 45 51
4 6 -1 13 16 19 21
31 43 -1 14 41 43 47
4 6 -1 13 16 19 21
34 44 -1 13 39 40 44
4 6 -1 13 16 19 21
37 46 -1 13 37 37 41
4 6 -1 13 16 19 21
39 48 -1 13 36 35 37
4 6 -1 13 16 19 21
42 50 -1 12 34 32 34
4 6 -1 13 16 19 21
44 52 -1 12 32 29 31
4 6 -1 13 16 19 21
47 54 -1 12 30 27 28
4 6 -1 13 16 19 21
49 56 -1 11 28 24 25
4 6 -1 13 16 19 21
52 58 -1 11 26 22 22
4 7 -1 13 16 19 21
54 0 -1 11 24 19 19
4 7 -1 13 16 19 21
57 2 -1 10 22 16 15
4 7 -1 13 16 19 21
57 2 -1 10 22 16 15
4 7 -1 13 16 19 21
59 4 -1 10 21 14 12
5 7 -1 13 16 19 21
4 8 -1 9 17 8 6
5 7 -1 13 16 19 21
6 10 -1 9 15 6 4
5 7 -1 13 16 19 21
8 12 -1 8 13 3 1
5 7 -1 13 16 19 20
11 14 -1 8 11 0 58
5 7 -1 13 16 18 20
13 16 -1 8 9 58 55
5 7 -1 13 16 18 20
15 18 -1 7 7 55 52
30






























1
По всем вопросам касающимся приложения обращайтесь по WhatsApp +79952867503
1
09.2026

      
	
