1
For advertising or questions send us e-mail kogdanamaz@gmail.com 
30
3 6 -1 13 16 20 22
54 17 -1 13 55 7 22
3 6 -1 13 16 20 22
57 19 -1 13 54 5 18
4 6 -1 13 16 20 22
0 21 -1 13 52 2 15
4 6 -1 13 16 20 22
4 23 -1 12 51 0 11
4 6 -1 13 16 19 22
7 25 -1 12 49 57 8
4 6 -1 13 16 19 22
10 27 -1 12 47 54 4
4 6 -1 13 16 19 22
13 29 -1 11 45 52 0
4 6 -1 13 16 19 21
15 30 -1 11 44 49 57
4 6 -1 13 16 19 21
15 30 -1 11 44 49 57
4 6 -1 13 16 19 21
18 32 -1 11 42 46 54
4 6 -1 13 16 19 21
24 36 -1 10 38 41 47
4 6 -1 13 16 19 21
27 38 -1 10 37 39 43
4 6 -1 13 16 19 21
29 40 -1 9 35 36 40
4 6 -1 13 16 19 21
32 42 -1 9 33 33 37
4 6 -1 13 16 19 21
35 44 -1 8 31 31 34
4 6 -1 13 16 19 21
37 46 -1 8 29 28 30
4 6 -1 13 16 19 21
40 48 -1 8 28 25 27
4 6 -1 13 16 19 21
42 50 -1 7 26 23 24
4 6 -1 13 16 19 21
45 52 -1 7 24 20 21
4 6 -1 13 16 19 21
47 54 -1 7 22 17 18
4 6 -1 13 16 19 21
50 56 -1 6 20 15 15
4 6 -1 13 16 19 21
52 58 -1 6 18 12 12
4 6 -1 13 16 19 21
52 58 -1 6 18 12 12
4 7 -1 13 16 19 21
55 0 -1 6 16 9 9
4 7 -1 13 16 19 21
59 4 -1 5 12 4 3
5 7 -1 13 16 19 21
2 6 -1 5 10 1 0
5 7 -1 13 16 18 20
4 7 -1 4 9 59 57
5 7 -1 13 16 18 20
6 9 -1 4 7 56 54
5 7 -1 13 16 18 20
9 11 -1 4 5 54 51
5 7 -1 13 16 18 20
11 13 -1 3 3 51 48
30






























1
По всем вопросам касающимся приложения обращайтесь по WhatsApp +79952867503
1
09.2026

      
	
