1
For advertising or questions send us e-mail kogdanamaz@gmail.com 
31
5 7 -1 13 15 18 20
10 15 -1 2 59 47 46
5 7 -1 13 15 18 20
13 17 -1 2 57 44 43
5 7 -1 13 15 18 20
15 19 -1 1 55 42 40
5 7 -1 13 15 18 20
17 21 -1 1 53 39 37
5 7 -1 13 15 18 20
19 23 -1 1 51 36 34
5 7 -1 13 15 18 20
22 25 -1 0 49 34 32
5 7 -1 13 15 18 20
24 27 -1 0 47 31 29
5 7 -1 13 15 18 20
24 27 -1 0 47 31 29
5 7 -1 13 15 18 20
26 29 -1 0 45 29 26
5 7 -1 12 15 18 20
30 33 -1 59 41 23 21
5 7 -1 12 15 18 20
32 35 -1 59 39 21 18
5 7 -1 12 15 18 20
34 37 -1 59 37 18 16
5 7 -1 12 15 18 20
37 40 -1 59 35 16 13
5 7 -1 12 15 18 20
39 42 -1 58 33 13 11
5 7 -1 12 15 18 20
41 44 -1 58 31 10 8
5 7 -1 12 15 18 20
43 46 -1 58 29 8 6
5 7 -1 12 15 18 20
45 48 -1 58 27 5 3
5 7 -1 12 15 18 20
47 50 -1 57 25 3 1
5 7 -1 12 15 18 19
49 52 -1 57 23 0 58
5 7 -1 12 15 17 19
51 54 -1 57 21 58 56
5 7 -1 12 15 17 19
53 56 -1 57 20 56 54
5 7 -1 12 15 17 19
55 59 -1 57 18 53 52
5 7 -1 12 15 17 19
55 59 -1 57 18 53 52
5 8 -1 12 15 17 19
57 1 -1 57 16 51 49
6 8 -1 12 15 17 19
1 5 -1 56 12 46 45
6 8 -1 12 15 17 19
3 7 -1 56 10 44 43
6 8 -1 12 15 17 19
5 9 -1 56 8 41 41
5 7 -1 11 14 16 18
7 12 -1 56 7 39 39
5 7 -1 11 14 16 18
8 14 -1 56 5 37 36
5 7 -1 11 14 16 18
10 16 -1 56 3 34 34
5 7 -1 11 14 16 18
12 18 -1 56 1 32 33
31































1
По всем вопросам касающимся приложения обращайтесь по WhatsApp +79952867503
1
10.2026

      
	