1
For advertising or questions send us e-mail kogdanamaz@gmail.com 
30
3 6 -1 13 16 20 22
40 10 -1 9 51 5 27
3 6 -1 13 16 20 22
43 12 -1 9 49 3 23
3 6 -1 13 16 20 22
47 14 -1 8 47 0 19
3 6 -1 13 16 19 22
50 16 -1 8 46 57 15
3 6 -1 13 16 19 22
54 18 -1 8 44 55 11
3 6 -1 13 16 19 22
57 20 -1 7 42 52 7
4 6 -1 13 16 19 22
0 22 -1 7 40 49 3
4 6 -1 13 16 19 22
3 24 -1 7 39 46 0
4 6 -1 13 16 19 22
3 24 -1 7 39 46 0
4 6 -1 13 16 19 21
6 26 -1 6 37 44 56
4 6 -1 13 16 19 21
13 30 -1 5 33 38 49
4 6 -1 13 16 19 21
16 33 -1 5 31 35 45
4 6 -1 13 16 19 21
18 35 -1 5 29 33 42
4 6 -1 13 16 19 21
21 37 -1 4 28 30 38
4 6 -1 13 16 19 21
24 39 -1 4 26 27 35
4 6 -1 13 16 19 21
27 41 -1 4 24 24 31
4 6 -1 13 16 19 21
30 43 -1 3 22 22 28
4 6 -1 13 16 19 21
32 45 -1 3 20 19 25
4 6 -1 13 16 19 21
35 47 -1 3 18 16 21
4 6 -1 13 16 19 21
38 49 -1 2 16 13 18
4 6 -1 13 16 19 21
40 51 -1 2 14 11 15
4 6 -1 13 16 19 21
43 53 -1 2 12 8 12
4 6 -1 13 16 19 21
43 53 -1 2 12 8 12
4 6 -1 13 16 19 21
46 55 -1 1 10 5 8
4 6 -1 13 16 19 21
51 59 -1 1 6 0 2
4 7 -1 13 16 18 20
53 1 -1 0 4 57 59
4 7 -1 13 16 18 20
56 3 -1 0 2 54 56
4 7 -1 12 16 18 20
58 5 -1 59 0 51 53
5 7 -1 12 15 18 20
0 8 -1 59 58 49 50
5 7 -1 12 15 18 20
3 10 -1 59 56 46 47
30






























1
По всем вопросам касающимся приложения обращайтесь по WhatsApp +79952867503
1
09.2026

      
	
