1
For advertising or questions send us e-mail kogdanamaz@gmail.com 
31
5 7 -1 12 16 18 20
16 8 -1 58 2 45 32
5 7 -1 12 16 18 20
18 10 -1 57 0 43 30
5 7 -1 12 15 18 20
20 12 -1 57 58 40 27
5 7 -1 12 15 18 20
22 14 -1 57 56 38 25
5 7 -1 12 15 18 20
24 15 -1 57 55 36 22
5 7 -1 12 15 18 20
26 17 -1 56 53 34 20
5 7 -1 12 15 18 20
27 19 -1 56 51 31 18
5 7 -1 12 15 18 20
27 19 -1 56 51 31 18
5 7 -1 12 15 18 20
29 20 -1 56 49 29 15
5 7 -1 12 15 18 20
33 24 -1 55 46 24 11
5 7 -1 12 15 18 20
35 26 -1 55 44 22 8
5 7 -1 12 15 18 20
36 27 -1 55 42 20 6
5 7 -1 12 15 18 20
38 29 -1 54 41 18 4
5 7 -1 12 15 18 20
40 31 -1 54 39 15 2
5 7 -1 12 15 18 20
42 33 -1 54 37 13 0
5 7 -1 12 15 18 19
43 35 -1 54 36 11 58
5 7 -1 12 15 18 19
45 36 -1 53 34 9 55
5 7 -1 12 15 18 19
47 38 -1 53 32 7 53
5 7 -1 12 15 18 19
48 40 -1 53 30 5 51
5 7 -1 12 15 18 19
50 42 -1 53 29 2 49
5 7 -1 12 15 18 19
52 43 -1 53 27 0 47
5 7 -1 12 15 17 19
53 45 -1 53 26 58 45
5 7 -1 12 15 17 19
53 45 -1 53 26 58 45
5 7 -1 12 15 17 19
55 47 -1 52 24 56 43
5 7 -1 12 15 17 19
58 51 -1 52 21 52 40
6 7 -1 12 15 17 19
0 53 -1 52 19 50 38
6 7 -1 12 15 17 19
2 54 -1 52 17 48 36
5 6 -1 11 14 16 18
3 56 -1 52 16 46 34
5 6 -1 11 14 16 18
5 58 -1 52 14 44 32
5 7 -1 11 14 16 18
7 0 -1 52 13 42 31
5 7 -1 11 14 16 18
8 2 -1 52 11 40 29
31































1
По всем вопросам касающимся приложения обращайтесь по WhatsApp +79952867503
1
10.2026

      
	