1
For advertising or questions send us e-mail kogdanamaz@gmail.com 
31
5 7 -1 12 15 18 20
12 8 -1 56 58 43 34
5 7 -1 12 15 18 20
14 10 -1 56 56 41 31
5 7 -1 12 15 18 20
16 11 -1 56 55 38 28
5 7 -1 12 15 18 20
18 13 -1 55 53 36 26
5 7 -1 12 15 18 20
20 15 -1 55 51 33 23
5 7 -1 12 15 18 20
22 17 -1 55 49 31 21
5 7 -1 12 15 18 20
24 19 -1 55 47 29 18
5 7 -1 12 15 18 20
24 19 -1 55 47 29 18
5 7 -1 12 15 18 20
26 21 -1 54 45 26 16
5 7 -1 12 15 18 20
29 24 -1 54 42 21 11
5 7 -1 12 15 18 20
31 26 -1 54 40 19 9
5 7 -1 12 15 18 20
33 28 -1 53 38 17 6
5 7 -1 12 15 18 20
35 30 -1 53 36 14 4
5 7 -1 12 15 18 20
37 32 -1 53 35 12 2
5 7 -1 12 15 18 20
39 34 -1 53 33 10 0
5 7 -1 12 15 18 19
41 35 -1 52 31 7 57
5 7 -1 12 15 18 19
42 37 -1 52 29 5 55
5 7 -1 12 15 18 19
44 39 -1 52 27 3 53
5 7 -1 12 15 18 19
46 41 -1 52 26 1 51
5 7 -1 12 15 17 19
48 43 -1 52 24 58 49
5 7 -1 12 15 17 19
49 45 -1 51 22 56 47
5 7 -1 12 15 17 19
51 47 -1 51 20 54 45
5 7 -1 12 15 17 19
51 47 -1 51 20 54 45
5 7 -1 12 15 17 19
53 49 -1 51 19 52 42
5 7 -1 12 15 17 19
56 53 -1 51 15 47 39
5 7 -1 12 15 17 19
58 54 -1 51 14 45 37
6 7 -1 12 15 17 19
0 56 -1 51 12 43 35
5 6 -1 11 14 16 18
2 58 -1 51 10 41 33
5 7 -1 11 14 16 18
3 0 -1 51 9 39 31
5 7 -1 11 14 16 18
5 2 -1 50 7 37 29
5 7 -1 11 14 16 18
7 4 -1 50 6 35 27
31































1
По всем вопросам касающимся приложения обращайтесь по WhatsApp +79952867503
1
10.2026

      
	
