1
For advertising or questions send us e-mail kogdanamaz@gmail.com 
30
4 6 -1 13 16 19 21
5 15 -1 6 49 56 59
4 6 -1 13 16 19 21
8 17 -1 6 47 53 55
4 6 -1 13 16 19 21
11 18 -1 6 46 51 52
4 6 -1 13 16 19 21
13 20 -1 5 44 49 49
4 6 -1 13 16 19 21
16 22 -1 5 43 46 46
4 6 -1 13 16 19 21
18 24 -1 5 41 44 43
4 6 -1 13 16 19 21
21 25 -1 4 40 41 40
4 6 -1 13 16 19 21
23 27 -1 4 38 39 37
4 6 -1 13 16 19 21
23 27 -1 4 38 39 37
4 6 -1 13 16 19 21
26 29 -1 4 37 37 34
4 6 -1 13 16 19 21
30 32 -1 3 33 32 28
4 6 -1 13 16 19 21
33 34 -1 3 32 29 25
4 6 -1 13 16 19 21
35 36 -1 2 30 27 22
4 6 -1 13 16 19 21
37 38 -1 2 28 24 19
4 6 -1 13 16 19 21
39 39 -1 2 27 22 16
4 6 -1 13 16 19 21
42 41 -1 1 25 20 13
4 6 -1 13 16 19 21
44 43 -1 1 23 17 10
4 6 -1 13 16 19 21
46 44 -1 1 22 15 7
4 6 -1 13 16 19 21
48 46 -1 0 20 12 5
4 6 -1 13 16 19 21
50 48 -1 0 18 10 2
4 6 -1 13 16 19 20
53 50 -1 0 16 7 59
4 6 -1 12 16 19 20
55 51 -1 59 15 5 56
4 6 -1 12 16 19 20
55 51 -1 59 15 5 56
4 6 -1 12 16 19 20
57 53 -1 59 13 2 54
5 6 -1 12 16 18 20
1 57 -1 58 9 58 48
5 6 -1 12 16 18 20
3 58 -1 58 8 55 45
5 7 -1 12 16 18 20
5 0 -1 57 6 53 43
5 7 -1 12 16 18 20
7 2 -1 57 4 50 40
5 7 -1 12 16 18 20
9 4 -1 57 2 48 38
5 7 -1 12 16 18 20
11 5 -1 56 0 45 35
30






























1
По всем вопросам касающимся приложения обращайтесь по WhatsApp +79952867503
1
09.2026

      
	
