1
For advertising or questions send us e-mail kogdanamaz@gmail.com 
30
4 6 -1 13 16 19 21
6 14 -1 5 48 54 55
4 6 -1 13 16 19 21
9 16 -1 5 46 51 52
4 6 -1 13 16 19 21
12 18 -1 4 45 49 49
4 6 -1 13 16 19 21
14 19 -1 4 43 47 46
4 6 -1 13 16 19 21
17 21 -1 4 42 44 43
4 6 -1 13 16 19 21
19 23 -1 3 40 42 40
4 6 -1 13 16 19 21
21 25 -1 3 39 40 37
4 6 -1 13 16 19 21
24 26 -1 3 37 37 34
4 6 -1 13 16 19 21
24 26 -1 3 37 37 34
4 6 -1 13 16 19 21
26 28 -1 2 35 35 31
4 6 -1 13 16 19 21
31 31 -1 2 32 30 25
4 6 -1 13 16 19 21
33 33 -1 1 31 28 22
4 6 -1 13 16 19 21
35 35 -1 1 29 25 19
4 6 -1 13 16 19 21
38 36 -1 1 27 23 16
4 6 -1 13 16 19 21
40 38 -1 0 26 20 13
4 6 -1 13 16 19 21
42 40 -1 0 24 18 10
4 6 -1 13 16 19 21
44 42 -1 0 22 16 8
4 6 -1 12 16 19 21
46 43 -1 59 21 13 5
4 6 -1 12 16 19 21
48 45 -1 59 19 11 2
4 6 -1 12 16 19 20
50 47 -1 59 17 8 59
4 6 -1 12 16 19 20
53 48 -1 58 15 6 56
4 6 -1 12 16 19 20
55 50 -1 58 14 3 54
4 6 -1 12 16 19 20
55 50 -1 58 14 3 54
4 6 -1 12 16 19 20
57 52 -1 57 12 1 51
5 6 -1 12 16 18 20
1 55 -1 57 8 56 46
5 6 -1 12 16 18 20
3 57 -1 56 7 54 43
5 6 -1 12 16 18 20
5 59 -1 56 5 51 40
5 7 -1 12 16 18 20
7 0 -1 56 3 49 38
5 7 -1 12 16 18 20
9 2 -1 55 1 47 35
5 7 -1 12 16 18 20
10 4 -1 55 0 44 33
30






























1
По всем вопросам касающимся приложения обращайтесь по WhatsApp +79952867503
1
09.2026

      
	
