1
For advertising or questions send us e-mail kogdanamaz@gmail.com 
30
3 4 -1 11 16 18 20
10 40 -1 57 22 41 11
3 4 -1 11 16 18 20
12 42 -1 56 20 38 8
3 4 -1 11 16 18 20
15 45 -1 56 18 35 5
3 4 -1 11 16 18 20
17 47 -1 56 16 32 2
3 4 -1 11 16 18 19
19 49 -1 55 14 29 59
3 4 -1 11 16 18 19
21 51 -1 55 12 26 56
3 4 -1 11 16 18 19
23 53 -1 55 10 24 54
3 4 -1 11 16 18 19
26 56 -1 55 8 21 51
3 4 -1 11 16 18 19
28 58 -1 54 6 19 49
3 5 -1 11 16 18 19
30 0 -1 54 4 15 45
3 5 -1 11 16 18 19
32 2 -1 53 2 12 42
3 5 -1 11 16 18 19
34 4 -1 53 0 9 39
3 5 -1 11 15 18 19
37 7 -1 53 58 6 36
3 5 -1 11 15 18 19
39 9 -1 52 56 3 33
3 5 -1 11 15 18 19
41 11 -1 52 53 0 30
3 5 -1 11 15 17 19
43 13 -1 51 51 57 27
3 5 -1 11 15 17 19
45 15 -1 51 49 55 25
3 5 -1 11 15 17 19
48 18 -1 51 47 52 22
3 5 -1 11 15 17 19
50 20 -1 50 45 49 19
3 5 -1 11 15 17 19
52 22 -1 50 43 46 16
3 5 -1 11 15 17 19
54 24 -1 50 41 43 13
3 5 -1 11 15 17 19
56 26 -1 50 39 40 10
3 5 -1 11 15 17 19
59 29 -1 49 38 37 7
4 5 -1 11 15 17 19
1 31 -1 49 36 34 4
4 5 -1 11 15 17 19
3 33 -1 48 34 31 1
4 5 -1 11 15 17 18
5 35 -1 48 32 29 59
4 5 -1 11 15 17 18
7 37 -1 48 30 26 56
4 5 -1 11 15 17 18
10 40 -1 47 27 23 53
4 5 -1 11 15 17 18
12 42 -1 47 25 20 50
4 5 -1 11 15 17 18
14 44 -1 47 23 17 48
30






























1
По всем вопросам касающимся приложения обращайтесь по WhatsApp +79952867503
1
09.2026

      
	
