1
For advertising or questions send us e-mail kogdanamaz@gmail.com 
31
5 7 -1 12 15 18 20
9 9 -1 57 56 43 36
5 7 -1 12 15 18 20
11 10 -1 56 54 40 34
5 7 -1 12 15 18 20
13 12 -1 56 52 38 31
5 7 -1 12 15 18 20
16 14 -1 56 51 35 28
5 7 -1 12 15 18 20
18 16 -1 55 49 32 26
5 7 -1 12 15 18 20
20 18 -1 55 47 30 23
5 7 -1 12 15 18 20
22 20 -1 55 45 27 21
5 7 -1 12 15 18 20
22 20 -1 55 45 27 21
5 7 -1 12 15 18 20
24 22 -1 54 43 25 18
5 7 -1 12 15 18 20
28 26 -1 54 39 20 13
5 7 -1 12 15 18 20
30 28 -1 54 37 18 11
5 7 -1 12 15 18 20
32 30 -1 53 35 15 8
5 7 -1 12 15 18 20
34 32 -1 53 34 13 6
5 7 -1 12 15 18 20
35 34 -1 53 32 10 3
5 7 -1 12 15 18 20
37 36 -1 53 30 8 1
5 7 -1 12 15 18 19
39 38 -1 53 28 5 59
5 7 -1 12 15 18 19
41 40 -1 52 26 3 56
5 7 -1 12 15 18 19
43 42 -1 52 24 1 54
5 7 -1 12 15 17 19
45 44 -1 52 22 58 52
5 7 -1 12 15 17 19
47 46 -1 52 21 56 50
5 7 -1 12 15 17 19
49 48 -1 52 19 54 47
5 7 -1 12 15 17 19
51 50 -1 51 17 51 45
5 7 -1 12 15 17 19
51 50 -1 51 17 51 45
5 7 -1 12 15 17 19
52 52 -1 51 15 49 43
5 7 -1 12 15 17 19
56 56 -1 51 12 45 39
5 7 -1 12 15 17 19
58 58 -1 51 10 42 37
6 8 -1 12 15 17 19
0 0 -1 51 8 40 35
5 7 -1 11 14 16 18
2 2 -1 51 7 38 33
5 7 -1 11 14 16 18
3 4 -1 51 5 36 31
5 7 -1 11 14 16 18
5 6 -1 51 3 34 29
5 7 -1 11 14 16 18
7 8 -1 51 2 32 27
31































1
По всем вопросам касающимся приложения обращайтесь по WhatsApp +79952867503
1
10.2026

      
	
