1
For advertising or questions send us e-mail kogdanamaz@gmail.com 
30
4 6 -1 13 16 20 22
11 21 -1 12 55 2 5
4 6 -1 13 16 19 22
14 23 -1 12 53 59 2
4 6 -1 13 16 19 21
16 24 -1 12 52 57 59
4 6 -1 13 16 19 21
19 26 -1 11 50 55 55
4 6 -1 13 16 19 21
21 28 -1 11 49 52 52
4 6 -1 13 16 19 21
24 30 -1 11 47 50 49
4 6 -1 13 16 19 21
26 31 -1 10 46 47 46
4 6 -1 13 16 19 21
29 33 -1 10 44 45 43
4 6 -1 13 16 19 21
29 33 -1 10 44 45 43
4 6 -1 13 16 19 21
31 35 -1 10 43 43 40
4 6 -1 13 16 19 21
36 38 -1 9 39 38 34
4 6 -1 13 16 19 21
38 40 -1 9 38 35 31
4 6 -1 13 16 19 21
41 42 -1 8 36 33 28
4 6 -1 13 16 19 21
43 43 -1 8 34 30 25
4 6 -1 13 16 19 21
45 45 -1 8 33 28 22
4 6 -1 13 16 19 21
48 47 -1 7 31 26 19
4 6 -1 13 16 19 21
50 49 -1 7 29 23 16
4 6 -1 13 16 19 21
52 50 -1 7 28 21 14
4 6 -1 13 16 19 21
54 52 -1 6 26 18 11
4 6 -1 13 16 19 21
56 54 -1 6 24 16 8
4 6 -1 13 16 19 21
58 56 -1 6 22 13 5
5 6 -1 13 16 19 21
0 57 -1 5 21 11 2
5 6 -1 13 16 19 21
0 57 -1 5 21 11 2
5 6 -1 13 16 19 21
3 59 -1 5 19 8 0
5 7 -1 13 16 19 20
7 3 -1 4 15 4 54
5 7 -1 13 16 19 20
9 4 -1 4 13 1 52
5 7 -1 13 16 18 20
11 6 -1 3 12 59 49
5 7 -1 13 16 18 20
13 8 -1 3 10 56 46
5 7 -1 13 16 18 20
15 10 -1 3 8 54 44
5 7 -1 13 16 18 20
17 11 -1 2 6 51 41
30






























1
По всем вопросам касающимся приложения обращайтесь по WhatsApp +79952867503
1
09.2026

      
	
