1
For advertising or questions send us e-mail kogdanamaz@gmail.com 
30
4 6 -1 13 16 19 22
7 18 -1 9 52 59 2
4 6 -1 13 16 19 21
10 19 -1 9 50 56 59
4 6 -1 13 16 19 21
13 21 -1 9 49 54 56
4 6 -1 13 16 19 21
15 23 -1 8 47 52 53
4 6 -1 13 16 19 21
18 25 -1 8 46 49 50
4 6 -1 13 16 19 21
20 26 -1 8 44 47 46
4 6 -1 13 16 19 21
23 28 -1 7 43 44 43
4 6 -1 13 16 19 21
25 30 -1 7 41 42 40
4 6 -1 13 16 19 21
25 30 -1 7 41 42 40
4 6 -1 13 16 19 21
28 32 -1 7 39 40 37
4 6 -1 13 16 19 21
33 35 -1 6 36 35 31
4 6 -1 13 16 19 21
35 37 -1 6 34 32 28
4 6 -1 13 16 19 21
37 39 -1 5 33 30 25
4 6 -1 13 16 19 21
40 40 -1 5 31 27 22
4 6 -1 13 16 19 21
42 42 -1 5 29 25 19
4 6 -1 13 16 19 21
44 44 -1 4 28 22 17
4 6 -1 13 16 19 21
46 45 -1 4 26 20 14
4 6 -1 13 16 19 21
48 47 -1 3 24 18 11
4 6 -1 13 16 19 21
51 49 -1 3 23 15 8
4 6 -1 13 16 19 21
53 51 -1 3 21 13 5
4 6 -1 13 16 19 21
55 52 -1 2 19 10 2
4 6 -1 13 16 19 21
57 54 -1 2 17 8 0
4 6 -1 13 16 19 21
57 54 -1 2 17 8 0
4 6 -1 13 16 19 20
59 56 -1 2 16 5 57
5 6 -1 13 16 19 20
3 59 -1 1 12 0 51
5 7 -1 13 16 18 20
5 1 -1 1 10 58 49
5 7 -1 13 16 18 20
7 3 -1 0 8 56 46
5 7 -1 13 16 18 20
9 5 -1 0 7 53 43
5 7 -1 13 16 18 20
11 7 -1 0 5 51 41
5 7 -1 12 16 18 20
13 8 -1 59 3 48 38
30






























1
По всем вопросам касающимся приложения обращайтесь по WhatsApp +79952867503
1
09.2026

      
	
