1
For advertising or questions send us e-mail kogdanamaz@gmail.com 
30
4 6 -1 13 16 19 21
8 15 -1 5 48 53 53
4 6 -1 13 16 19 21
11 16 -1 5 46 51 50
4 6 -1 13 16 19 21
13 18 -1 4 45 48 47
4 6 -1 13 16 19 21
16 20 -1 4 43 46 44
4 6 -1 13 16 19 21
18 22 -1 4 42 44 41
4 6 -1 13 16 19 21
21 23 -1 3 40 41 38
4 6 -1 13 16 19 21
23 25 -1 3 39 39 35
4 6 -1 13 16 19 21
25 27 -1 3 37 37 32
4 6 -1 13 16 19 21
25 27 -1 3 37 37 32
4 6 -1 13 16 19 21
28 28 -1 2 35 34 29
4 6 -1 13 16 19 21
32 32 -1 2 32 30 23
4 6 -1 13 16 19 21
34 33 -1 1 31 27 20
4 6 -1 13 16 19 21
37 35 -1 1 29 25 18
4 6 -1 13 16 19 21
39 37 -1 1 27 22 15
4 6 -1 13 16 19 21
41 38 -1 0 26 20 12
4 6 -1 13 16 19 21
43 40 -1 0 24 18 9
4 6 -1 12 16 19 21
45 42 -1 59 22 15 6
4 6 -1 12 16 19 21
47 43 -1 59 21 13 4
4 6 -1 12 16 19 21
49 45 -1 59 19 10 1
4 6 -1 12 16 19 20
51 47 -1 58 17 8 58
4 6 -1 12 16 19 20
53 48 -1 58 16 6 55
4 6 -1 12 16 19 20
55 50 -1 58 14 3 53
4 6 -1 12 16 19 20
55 50 -1 58 14 3 53
4 6 -1 12 16 19 20
57 52 -1 57 12 1 50
5 6 -1 12 16 18 20
1 55 -1 57 9 56 45
5 6 -1 12 16 18 20
3 57 -1 56 7 54 42
5 6 -1 12 16 18 20
5 59 -1 56 5 51 40
5 7 -1 12 16 18 20
7 0 -1 56 4 49 37
5 7 -1 12 16 18 20
9 2 -1 55 2 47 34
5 7 -1 12 16 18 20
11 4 -1 55 0 44 32
30






























1
По всем вопросам касающимся приложения обращайтесь по WhatsApp +79952867503
1
09.2026

      
	
