1
For advertising or questions send us e-mail kogdanamaz@gmail.com 
31
5 6 -1 13 16 19 20
13 32 -1 5 23 37 53
5 6 -1 13 16 19 20
14 32 -1 5 23 37 52
5 6 -1 13 16 19 20
14 32 -1 5 23 37 52
5 6 -1 13 16 19 20
14 33 -1 5 23 36 51
5 6 -1 13 16 19 20
15 34 -1 5 24 35 50
5 6 -1 13 16 19 20
16 34 -1 5 24 34 49
5 6 -1 13 16 19 20
16 34 -1 5 24 34 48
5 6 -1 13 16 19 20
17 35 -1 5 24 33 47
5 6 -1 13 16 19 20
17 35 -1 4 24 33 47
5 6 -1 13 16 19 20
18 35 -1 4 24 32 46
5 6 -1 13 16 19 20
19 36 -1 4 25 31 45
5 6 -1 13 16 19 20
19 36 -1 4 25 31 44
5 6 -1 13 16 19 20
20 36 -1 4 25 30 43
5 6 -1 13 16 19 20
20 37 -1 4 25 29 42
5 6 -1 13 16 19 20
21 37 -1 3 25 29 42
5 6 -1 13 16 19 20
21 37 -1 3 25 28 41
5 6 -1 13 16 19 20
21 37 -1 3 25 28 41
5 6 -1 13 16 19 20
21 38 -1 3 25 27 40
5 6 -1 13 16 19 20
22 38 -1 2 25 26 38
5 6 -1 13 16 19 20
23 38 -1 2 25 25 37
5 6 -1 13 16 19 20
23 39 -1 2 25 24 36
5 6 -1 13 16 19 20
24 39 -1 2 25 23 35
5 6 -1 13 16 19 20
24 39 -1 1 25 22 34
5 6 -1 13 16 19 20
25 40 -1 1 24 21 33
5 6 -1 13 16 19 20
25 40 -1 1 24 21 32
5 6 -1 13 16 19 20
25 40 -1 1 24 20 31
5 6 -1 13 16 19 20
26 40 -1 0 24 19 30
5 6 -1 13 16 19 20
26 41 -1 0 24 18 29
5 6 -1 13 16 19 20
27 41 -1 0 24 17 28
5 6 -1 12 16 19 20
27 41 -1 59 24 16 27
5 6 -1 12 16 19 20
27 42 -1 59 23 15 26
31































1
По всем вопросам касающимся приложения обращайтесь по WhatsApp +79952867503
1
08.2026

      
	
