1
For advertising or questions send us e-mail kogdanamaz@gmail.com 
31
5 6 -1 13 16 19 20
36 52 -1 19 30 45 58
5 6 -1 13 16 19 20
37 53 -1 19 29 45 57
5 6 -1 13 16 19 20
37 53 -1 19 29 45 57
5 6 -1 13 16 19 20
37 53 -1 19 29 44 57
5 6 -1 13 16 19 20
38 53 -1 19 28 43 55
5 6 -1 13 16 19 20
38 54 -1 19 28 43 55
5 6 -1 13 16 19 20
39 54 -1 19 28 42 54
5 6 -1 13 16 19 20
39 54 -1 19 28 42 53
5 6 -1 13 16 19 20
39 54 -1 18 29 41 53
5 6 -1 13 16 19 20
40 55 -1 18 29 41 52
5 6 -1 13 16 19 20
40 55 -1 18 29 40 51
5 6 -1 13 16 19 20
41 55 -1 18 29 40 51
5 6 -1 13 16 19 20
41 55 -1 18 30 39 50
5 6 -1 13 16 19 20
41 56 -1 18 30 38 49
5 6 -1 13 16 19 20
42 56 -1 17 30 38 49
5 6 -1 13 16 19 20
42 56 -1 17 30 37 48
5 6 -1 13 16 19 20
42 56 -1 17 30 37 48
5 6 -1 13 16 19 20
42 56 -1 17 30 37 47
5 6 -1 13 16 19 20
43 57 -1 16 31 35 46
5 6 -1 13 16 19 20
43 57 -1 16 31 35 45
5 6 -1 13 16 19 20
44 57 -1 16 31 34 44
5 6 -1 13 16 19 20
44 57 -1 16 31 33 43
5 6 -1 13 16 19 20
44 57 -1 15 31 33 42
5 6 -1 13 16 19 20
45 57 -1 15 31 32 41
5 6 -1 13 16 19 20
45 58 -1 15 31 31 41
5 6 -1 13 16 19 20
45 58 -1 15 31 30 40
5 6 -1 13 16 19 20
45 58 -1 14 31 30 39
5 6 -1 13 16 19 20
46 58 -1 14 31 29 38
5 6 -1 13 16 19 20
46 58 -1 14 31 28 37
5 6 -1 13 16 19 20
46 58 -1 13 31 27 36
5 6 -1 13 16 19 20
46 58 -1 13 31 27 36
31































1
По всем вопросам касающимся приложения обращайтесь по WhatsApp +79952867503
1
08.2026

      
	
