1
For advertising or questions send us e-mail kogdanamaz@gmail.com 
31
5 7 -1 14 17 21 22
51 21 -1 13 53 3 29
5 7 -1 14 17 21 22
52 22 -1 13 53 2 27
5 7 -1 14 17 21 22
52 22 -1 13 53 2 27
5 7 -1 14 17 21 22
53 23 -1 13 52 1 26
5 7 -1 14 17 20 22
55 24 -1 12 52 59 24
5 7 -1 14 17 20 22
56 25 -1 12 52 58 23
5 7 -1 14 17 20 22
57 25 -1 12 52 57 22
5 7 -1 14 17 20 22
58 26 -1 12 52 57 21
5 7 -1 14 17 20 22
59 27 -1 12 51 56 19
6 7 -1 14 17 20 22
0 27 -1 12 51 55 18
6 7 -1 14 17 20 22
1 28 -1 12 51 54 17
6 7 -1 14 17 20 22
2 29 -1 11 51 53 16
6 7 -1 14 17 20 22
2 29 -1 11 50 52 15
6 7 -1 14 17 20 22
3 30 -1 11 50 51 13
6 7 -1 14 17 20 22
4 31 -1 11 50 50 12
6 7 -1 14 17 20 22
5 31 -1 11 49 49 11
6 7 -1 14 17 20 22
5 31 -1 11 49 49 11
6 7 -1 14 17 20 22
6 32 -1 10 49 47 9
6 7 -1 14 17 20 22
8 33 -1 10 48 45 7
6 7 -1 14 17 20 22
9 34 -1 10 48 44 5
6 7 -1 14 17 20 22
10 34 -1 9 47 43 4
6 7 -1 14 17 20 22
10 35 -1 9 47 42 3
6 7 -1 14 17 20 22
11 36 -1 9 46 41 1
6 7 -1 14 17 20 22
12 36 -1 9 46 40 0
6 7 -1 14 17 20 21
13 37 -1 8 45 38 59
6 7 -1 14 17 20 21
14 38 -1 8 45 37 57
6 7 -1 14 17 20 21
15 38 -1 8 44 36 56
6 7 -1 14 17 20 21
16 39 -1 8 44 35 54
6 7 -1 14 17 20 21
16 39 -1 7 43 34 53
6 7 -1 14 17 20 21
17 40 -1 7 43 32 52
6 7 -1 14 17 20 21
18 41 -1 7 42 31 50
31































1
По всем вопросам касающимся приложения обращайтесь по WhatsApp +79952867503
1
08.2026

      
	
