1
For advertising or questions send us e-mail kogdanamaz@gmail.com 
31
5 6 -1 12 16 18 20
40 57 -1 54 18 50 4
5 6 -1 12 16 18 20
41 58 -1 54 17 49 3
5 6 -1 12 16 18 20
41 58 -1 54 16 48 2
5 6 -1 12 16 18 20
42 59 -1 53 15 47 0
5 6 -1 12 16 18 19
42 59 -1 53 15 46 59
5 7 -1 12 16 18 19
43 0 -1 53 14 45 58
5 7 -1 12 16 18 19
43 0 -1 53 13 43 57
5 7 -1 12 16 18 19
44 1 -1 52 12 42 56
5 7 -1 12 16 18 19
45 1 -1 52 12 41 55
5 7 -1 12 16 18 19
45 2 -1 52 11 40 54
5 7 -1 12 16 18 19
46 3 -1 51 10 39 53
5 7 -1 12 16 18 19
46 3 -1 51 10 38 52
5 7 -1 12 16 18 19
47 4 -1 51 9 37 51
5 7 -1 12 16 18 19
47 4 -1 51 8 36 50
5 7 -1 12 16 18 19
48 5 -1 51 7 35 49
5 7 -1 12 16 18 19
48 6 -1 50 7 34 48
5 7 -1 12 16 18 19
49 6 -1 50 6 33 47
5 7 -1 12 16 18 19
49 7 -1 50 5 32 46
5 7 -1 12 16 18 19
50 7 -1 50 4 31 45
5 7 -1 12 16 18 19
51 8 -1 50 4 30 44
5 7 -1 12 16 18 19
51 9 -1 49 3 29 43
5 7 -1 12 16 18 19
52 9 -1 49 2 28 42
5 7 -1 12 16 18 19
52 10 -1 49 2 27 41
5 7 -1 12 16 18 19
53 11 -1 49 1 26 41
5 7 -1 12 16 18 19
53 11 -1 49 0 25 40
5 7 -1 12 16 18 19
54 12 -1 49 0 24 39
4 6 -1 11 14 17 18
55 13 -1 49 59 23 38
4 6 -1 11 14 17 18
55 13 -1 49 58 23 37
4 6 -1 11 14 17 18
56 14 -1 49 58 22 37
4 6 -1 11 14 17 18
56 15 -1 48 57 21 36
4 6 -1 11 14 17 18
57 15 -1 48 57 20 35
31































1
По всем вопросам касающимся приложения обращайтесь по WhatsApp +79952867503
1
10.2026

      
	
