1
For advertising or questions send us e-mail kogdanamaz@gmail.com 
30
6 7 -1 13 16 19 20
4 17 -1 33 55 48 58
6 7 -1 13 16 19 20
4 17 -1 33 55 48 57
6 7 -1 13 16 19 20
5 18 -1 32 55 46 56
6 7 -1 13 16 19 20
5 18 -1 32 54 45 55
6 7 -1 13 16 19 20
5 18 -1 32 54 44 54
6 7 -1 13 16 19 20
6 18 -1 31 54 43 53
6 7 -1 13 16 19 20
6 18 -1 31 54 42 52
6 7 -1 13 16 19 20
6 19 -1 31 54 42 51
6 7 -1 13 16 19 20
6 19 -1 30 53 41 50
6 7 -1 13 16 19 20
7 19 -1 30 53 40 49
6 7 -1 13 16 19 20
7 19 -1 30 53 39 48
6 7 -1 13 16 19 20
7 19 -1 29 53 38 47
6 7 -1 13 16 19 20
8 20 -1 29 52 37 46
6 7 -1 13 16 19 20
8 20 -1 29 52 36 45
6 7 -1 13 16 19 20
8 20 -1 28 52 35 44
6 7 -1 13 16 19 20
8 20 -1 28 52 35 44
6 7 -1 13 16 19 20
8 20 -1 28 51 34 43
6 7 -1 13 16 19 20
9 20 -1 27 51 33 41
6 7 -1 13 16 19 20
9 21 -1 27 50 32 40
6 7 -1 13 16 19 20
9 21 -1 26 50 31 39
6 7 -1 13 16 19 20
9 21 -1 26 50 30 39
6 7 -1 13 16 19 20
10 21 -1 26 49 29 38
6 7 -1 13 16 19 20
10 21 -1 25 49 28 37
6 7 -1 13 16 19 20
10 22 -1 25 48 27 36
6 7 -1 13 16 19 20
10 22 -1 25 48 26 35
6 7 -1 13 16 19 20
10 22 -1 24 48 26 34
6 7 -1 13 16 19 20
11 22 -1 24 47 25 33
6 7 -1 13 16 19 20
11 22 -1 24 47 24 32
6 7 -1 13 16 19 20
11 23 -1 23 46 23 31
6 7 -1 13 16 19 20
11 23 -1 23 46 22 31
30






























1
По всем вопросам касающимся приложения обращайтесь по WhatsApp +79952867503
1
09.2026

      
	
