1
For advertising or questions send us e-mail kogdanamaz@gmail.com 
31
4 5 -1 12 15 17 19
27 57 -1 15 30 30 0
4 5 -1 12 15 17 18
29 59 -1 15 27 27 57
4 6 -1 12 15 17 18
32 2 -1 15 25 23 53
4 6 -1 12 15 17 18
34 4 -1 15 22 20 50
4 6 -1 12 15 17 18
37 7 -1 15 19 17 47
4 6 -1 12 15 17 18
39 9 -1 15 17 14 44
4 6 -1 12 15 17 18
42 12 -1 15 14 11 41
4 6 -1 12 15 17 18
44 14 -1 15 11 8 38
4 6 -1 12 15 17 18
47 17 -1 15 9 5 35
4 6 -1 12 15 17 18
49 19 -1 15 6 2 32
4 6 -1 12 15 16 18
52 22 -1 15 3 59 29
4 6 -1 12 15 16 18
54 24 -1 15 0 56 26
4 6 -1 12 14 16 18
57 27 -1 15 58 53 23
4 6 -1 12 14 16 18
59 29 -1 15 55 50 20
5 6 -1 12 14 16 18
2 32 -1 15 52 47 17
5 6 -1 12 14 16 18
5 35 -1 15 50 44 14
5 6 -1 12 14 16 18
7 37 -1 15 47 41 11
5 6 -1 12 14 16 18
10 40 -1 15 44 38 8
5 6 -1 12 14 16 18
12 42 -1 15 42 35 5
5 6 -1 12 14 16 18
15 45 -1 15 39 32 2
5 6 -1 12 14 16 17
18 48 -1 15 36 29 59
5 6 -1 12 14 16 17
20 50 -1 15 34 26 56
5 6 -1 12 14 16 17
23 53 -1 15 31 23 53
5 6 -1 12 14 16 17
25 55 -1 15 28 20 50
5 6 -1 12 14 16 17
28 58 -1 15 26 17 47
5 7 -1 12 14 16 17
31 1 -1 15 23 14 44
5 7 -1 12 14 16 17
33 3 -1 15 21 12 42
5 7 -1 12 14 16 17
36 6 -1 15 18 9 39
5 7 -1 12 14 16 17
39 9 -1 15 16 6 36
5 7 -1 12 14 16 17
41 11 -1 15 13 3 33
5 7 -1 12 14 16 17
44 14 -1 15 11 0 30
31































1
По всем вопросам касающимся приложения обращайтесь по WhatsApp +79952867503
1
10.2026

      
	
