1
For advertising or questions send us e-mail kogdanamaz@gmail.com 
30
6 7 -1 13 17 19 21
2 18 -1 37 5 55 8
6 7 -1 13 17 19 21
2 18 -1 37 5 55 7
6 7 -1 13 17 19 21
3 19 -1 36 4 53 5
6 7 -1 13 17 19 21
4 19 -1 36 4 52 4
6 7 -1 13 17 19 21
4 19 -1 36 3 51 3
6 7 -1 13 17 19 21
4 20 -1 35 3 50 1
6 7 -1 13 17 19 21
5 20 -1 35 2 49 0
6 7 -1 13 17 19 20
5 20 -1 35 2 48 59
6 7 -1 13 17 19 20
6 21 -1 34 2 46 58
6 7 -1 13 17 19 20
6 21 -1 34 1 45 57
6 7 -1 13 17 19 20
7 21 -1 34 1 44 56
6 7 -1 13 17 19 20
7 22 -1 33 0 43 55
6 7 -1 13 17 19 20
7 22 -1 33 0 42 54
6 7 -1 13 16 19 20
8 22 -1 32 59 41 53
6 7 -1 13 16 19 20
8 23 -1 32 59 40 51
6 7 -1 13 16 19 20
8 23 -1 32 59 40 51
6 7 -1 13 16 19 20
9 23 -1 32 58 39 50
6 7 -1 13 16 19 20
9 24 -1 31 57 37 48
6 7 -1 13 16 19 20
10 24 -1 31 57 36 47
6 7 -1 13 16 19 20
10 24 -1 30 56 35 46
6 7 -1 13 16 19 20
11 24 -1 30 56 34 45
6 7 -1 13 16 19 20
11 25 -1 30 55 33 44
6 7 -1 13 16 19 20
11 25 -1 29 55 32 43
6 7 -1 13 16 19 20
12 25 -1 29 54 31 42
6 7 -1 13 16 19 20
12 26 -1 29 54 30 41
6 7 -1 13 16 19 20
12 26 -1 28 53 29 40
6 7 -1 13 16 19 20
13 27 -1 28 53 28 39
6 7 -1 13 16 19 20
13 27 -1 28 52 27 38
6 7 -1 13 16 19 20
14 27 -1 27 51 26 37
6 7 -1 13 16 19 20
14 28 -1 27 51 25 35
30






























1
По всем вопросам касающимся приложения обращайтесь по WhatsApp +79952867503
1
09.2026

      
	
