1
For advertising or questions send us e-mail kogdanamaz@gmail.com 
30
5 7 -1 13 17 19 21
55 12 -1 34 4 54 8
5 7 -1 13 17 19 21
55 13 -1 33 4 53 7
5 7 -1 13 17 19 21
57 14 -1 33 3 51 4
5 7 -1 13 17 19 21
57 14 -1 33 2 50 3
5 7 -1 13 17 19 21
58 14 -1 32 2 49 2
5 7 -1 13 17 19 21
58 15 -1 32 1 47 1
5 7 -1 13 17 19 21
59 15 -1 31 1 46 0
5 7 -1 13 17 19 20
59 16 -1 31 1 45 58
6 7 -1 13 17 19 20
0 16 -1 31 0 44 57
6 7 -1 13 17 19 20
0 16 -1 30 0 43 56
6 7 -1 13 16 19 20
1 17 -1 30 59 42 55
6 7 -1 13 16 19 20
1 17 -1 30 58 41 54
6 7 -1 13 16 19 20
2 18 -1 29 58 40 53
6 7 -1 13 16 19 20
2 18 -1 29 57 39 51
6 7 -1 13 16 19 20
3 18 -1 29 57 38 50
6 7 -1 13 16 19 20
3 18 -1 29 57 38 50
6 7 -1 13 16 19 20
3 19 -1 28 56 36 49
6 7 -1 13 16 19 20
4 20 -1 28 55 34 47
6 7 -1 13 16 19 20
5 20 -1 27 54 33 45
6 7 -1 13 16 19 20
5 21 -1 27 54 32 44
6 7 -1 13 16 19 20
6 21 -1 27 53 31 43
6 7 -1 13 16 19 20
6 21 -1 26 53 30 42
6 7 -1 13 16 19 20
6 22 -1 26 52 29 41
6 7 -1 13 16 19 20
7 22 -1 25 51 27 40
6 7 -1 13 16 19 20
7 23 -1 25 51 26 38
6 7 -1 13 16 19 20
8 23 -1 25 50 25 37
6 7 -1 13 16 19 20
8 23 -1 24 49 24 36
6 7 -1 13 16 19 20
9 24 -1 24 49 23 35
6 7 -1 13 16 19 20
9 24 -1 24 48 22 34
6 7 -1 13 16 19 20
10 25 -1 23 48 21 33
30






























1
По всем вопросам касающимся приложения обращайтесь по WhatsApp +79952867503
1
09.2026

      
	
