1
For advertising or questions send us e-mail kogdanamaz@gmail.com 
31
5 6 -1 13 16 19 20
33 50 -1 18 29 46 59
5 6 -1 13 16 19 20
33 50 -1 18 29 46 59
5 6 -1 13 16 19 20
33 50 -1 18 29 46 59
5 6 -1 13 16 19 20
34 50 -1 18 29 45 58
5 6 -1 13 16 19 20
35 51 -1 18 30 44 57
5 6 -1 13 16 19 20
35 51 -1 18 30 44 56
5 6 -1 13 16 19 20
36 51 -1 18 30 43 56
5 6 -1 13 16 19 20
36 52 -1 18 31 43 55
5 6 -1 13 16 19 20
36 52 -1 18 31 42 54
5 6 -1 13 16 19 20
37 52 -1 17 31 41 53
5 6 -1 13 16 19 20
37 53 -1 17 31 41 53
5 6 -1 13 16 19 20
38 53 -1 17 32 40 52
5 6 -1 13 16 19 20
38 53 -1 17 32 40 51
5 6 -1 13 16 19 20
38 53 -1 17 32 39 51
5 6 -1 13 16 19 20
39 54 -1 17 32 38 50
5 6 -1 13 16 19 20
39 54 -1 16 32 38 49
5 6 -1 13 16 19 20
39 54 -1 16 32 38 49
5 6 -1 13 16 19 20
40 54 -1 16 32 37 48
5 6 -1 13 16 19 20
40 54 -1 16 32 36 47
5 6 -1 13 16 19 20
41 55 -1 15 33 35 46
5 6 -1 13 16 19 20
41 55 -1 15 33 34 45
5 6 -1 13 16 19 20
41 55 -1 15 33 34 44
5 6 -1 13 16 19 20
42 55 -1 15 33 33 43
5 6 -1 13 16 19 20
42 56 -1 14 33 32 42
5 6 -1 13 16 19 20
42 56 -1 14 33 31 41
5 6 -1 13 16 19 20
43 56 -1 14 33 31 41
5 6 -1 13 16 19 20
43 56 -1 14 33 30 40
5 6 -1 13 16 19 20
43 56 -1 13 33 29 39
5 6 -1 13 16 19 20
44 56 -1 13 33 28 38
5 6 -1 13 16 19 20
44 57 -1 13 32 27 37
5 6 -1 13 16 19 20
44 57 -1 12 32 27 36
31































1
По всем вопросам касающимся приложения обращайтесь по WhatsApp +79952867503
1
08.2026

      
	
