1
For advertising or questions send us e-mail kogdanamaz@gmail.com 
30
4 6 -1 12 15 18 20
42 1 -1 24 57 46 2
4 6 -1 12 15 18 20
42 2 -1 24 57 45 1
4 6 -1 12 15 18 19
43 2 -1 24 56 43 59
4 6 -1 12 15 18 19
44 3 -1 23 56 42 58
4 6 -1 12 15 18 19
44 3 -1 23 55 41 57
4 6 -1 12 15 18 19
45 4 -1 23 54 40 55
4 6 -1 12 15 18 19
45 4 -1 22 54 39 54
4 6 -1 12 15 18 19
46 5 -1 22 53 37 53
4 6 -1 12 15 18 19
47 5 -1 22 53 36 52
4 6 -1 12 15 18 19
47 6 -1 21 52 35 50
4 6 -1 12 15 18 19
48 6 -1 21 51 34 49
4 6 -1 12 15 18 19
49 7 -1 20 51 33 48
4 6 -1 12 15 18 19
49 7 -1 20 50 31 46
4 6 -1 12 15 18 19
50 8 -1 20 49 30 45
4 6 -1 12 15 18 19
50 8 -1 19 49 29 44
4 6 -1 12 15 18 19
51 9 -1 19 48 28 42
4 6 -1 12 15 18 19
52 9 -1 19 47 27 41
4 6 -1 12 15 18 19
52 10 -1 18 47 25 40
4 6 -1 12 15 18 19
53 10 -1 18 46 24 39
4 6 -1 12 15 18 19
53 11 -1 18 45 23 37
4 6 -1 12 15 18 19
54 11 -1 17 45 22 36
4 6 -1 12 15 18 19
54 12 -1 17 44 20 35
4 6 -1 12 15 18 19
55 12 -1 17 43 19 33
4 6 -1 12 15 18 19
56 13 -1 16 42 18 32
4 6 -1 12 15 18 19
56 13 -1 16 42 17 31
4 6 -1 12 15 18 19
57 14 -1 16 41 16 30
4 6 -1 12 15 18 19
57 15 -1 15 40 14 28
4 6 -1 12 15 18 19
58 15 -1 15 39 13 27
4 6 -1 12 15 18 19
58 16 -1 15 39 12 26
4 6 -1 12 15 18 19
59 16 -1 14 38 11 25
30






























1
По всем вопросам касающимся приложения обращайтесь по WhatsApp +79952867503
1
09.2026

      
	
