1
For advertising or questions send us e-mail kogdanamaz@gmail.com 
30
5 6 -1 13 16 19 20
34 50 -1 10 39 28 41
5 6 -1 13 16 19 20
34 51 -1 10 38 27 40
5 6 -1 13 16 19 20
35 51 -1 9 38 26 39
5 6 -1 13 16 19 20
35 51 -1 9 38 25 38
5 6 -1 13 16 19 20
36 52 -1 9 37 24 37
5 6 -1 13 16 19 20
36 52 -1 8 37 23 36
5 6 -1 13 16 19 20
37 52 -1 8 36 22 35
5 6 -1 13 16 19 20
37 53 -1 8 36 21 33
5 6 -1 13 16 19 20
38 53 -1 7 35 20 32
5 6 -1 13 16 19 20
38 53 -1 7 35 19 31
5 6 -1 13 16 19 20
39 54 -1 7 35 18 30
5 6 -1 13 16 19 20
39 54 -1 6 34 17 29
5 6 -1 13 16 19 20
39 54 -1 6 34 17 29
5 6 -1 13 16 19 20
40 55 -1 5 33 15 27
5 6 -1 13 16 19 20
40 55 -1 5 33 14 25
5 6 -1 13 16 19 20
41 56 -1 5 32 12 24
5 6 -1 13 16 19 20
41 56 -1 4 31 11 23
5 6 -1 13 16 19 20
42 56 -1 4 31 10 22
5 6 -1 13 16 19 20
42 57 -1 4 30 9 21
5 6 -1 13 16 19 20
42 57 -1 3 30 8 20
5 6 -1 13 16 19 20
43 57 -1 3 29 7 19
5 6 -1 13 16 19 20
43 58 -1 3 29 6 17
5 6 -1 13 16 19 20
44 58 -1 2 28 5 16
5 6 -1 13 16 19 20
44 59 -1 2 28 4 15
5 6 -1 13 16 19 20
45 59 -1 2 27 3 14
5 6 -1 13 16 19 20
45 59 -1 1 26 2 13
5 7 -1 13 16 19 20
45 0 -1 1 26 1 12
5 7 -1 13 16 19 20
45 0 -1 1 26 1 12
5 7 -1 13 16 18 20
46 0 -1 0 25 59 10
5 7 -1 13 16 18 20
47 1 -1 0 24 58 9
30






























1
По всем вопросам касающимся приложения обращайтесь по WhatsApp +79952867503
1
09.2026

      
	
