1
For advertising or questions send us e-mail kogdanamaz@gmail.com 
30
6 7 -1 13 17 20 21
11 26 -1 45 10 2 13
6 7 -1 13 17 20 21
12 26 -1 44 10 1 12
6 7 -1 13 17 19 21
13 27 -1 44 10 59 10
6 7 -1 13 17 19 21
13 27 -1 43 9 58 9
6 7 -1 13 17 19 21
13 28 -1 43 9 57 8
6 7 -1 13 17 19 21
14 28 -1 43 9 56 7
6 7 -1 13 17 19 21
14 28 -1 42 8 55 6
6 7 -1 13 17 19 21
14 28 -1 42 8 54 5
6 7 -1 13 17 19 21
15 29 -1 42 8 53 4
6 7 -1 13 17 19 21
15 29 -1 41 7 52 3
6 7 -1 13 17 19 21
16 29 -1 41 7 51 2
6 7 -1 13 17 19 21
16 30 -1 41 6 50 1
6 7 -1 13 17 19 21
16 30 -1 40 6 49 0
6 7 -1 13 17 19 20
17 30 -1 40 6 48 59
6 7 -1 13 17 19 20
17 30 -1 39 5 47 58
6 7 -1 13 17 19 20
17 30 -1 39 5 47 58
6 7 -1 13 17 19 20
17 31 -1 39 5 46 57
6 7 -1 13 17 19 20
18 31 -1 38 4 44 54
6 7 -1 13 17 19 20
18 31 -1 38 3 43 53
6 7 -1 13 17 19 20
19 32 -1 38 3 42 52
6 7 -1 13 17 19 20
19 32 -1 37 3 41 51
6 7 -1 13 17 19 20
19 32 -1 37 2 40 50
6 7 -1 13 17 19 20
20 33 -1 37 2 39 49
6 7 -1 13 17 19 20
20 33 -1 36 1 38 48
6 7 -1 13 17 19 20
20 33 -1 36 1 37 47
6 7 -1 13 17 19 20
21 33 -1 36 0 36 46
6 7 -1 13 17 19 20
21 34 -1 35 0 35 45
6 7 -1 13 16 19 20
21 34 -1 35 59 35 44
6 7 -1 13 16 19 20
21 34 -1 35 59 34 43
6 7 -1 13 16 19 20
22 35 -1 34 58 33 42
30






























1
По всем вопросам касающимся приложения обращайтесь по WhatsApp +79952867503
1
09.2026

      
	
