1
For advertising or questions send us e-mail kogdanamaz@gmail.com 
30
6 7 -1 13 17 20 21
18 33 -1 52 19 10 22
6 7 -1 13 17 20 21
18 33 -1 52 19 9 21
6 7 -1 13 17 20 21
19 34 -1 51 18 7 19
6 7 -1 13 17 20 21
19 34 -1 51 18 6 18
6 7 -1 13 17 20 21
20 35 -1 51 18 5 17
6 7 -1 13 17 20 21
20 35 -1 50 17 4 16
6 7 -1 13 17 20 21
21 35 -1 50 17 3 15
6 7 -1 13 17 20 21
21 36 -1 50 17 2 14
6 7 -1 13 17 20 21
21 36 -1 49 16 1 13
6 7 -1 13 17 20 21
22 36 -1 49 16 0 11
6 7 -1 13 17 19 21
22 36 -1 49 15 59 10
6 7 -1 13 17 19 21
23 37 -1 48 15 58 9
6 7 -1 13 17 19 21
23 37 -1 48 14 57 8
6 7 -1 13 17 19 21
23 37 -1 47 14 56 7
6 7 -1 13 17 19 21
24 38 -1 47 14 55 6
6 7 -1 13 17 19 21
24 38 -1 47 14 55 6
6 7 -1 13 17 19 21
24 38 -1 47 13 54 5
6 7 -1 13 17 19 21
25 39 -1 46 12 52 3
6 7 -1 13 17 19 21
25 39 -1 46 12 51 2
6 7 -1 13 17 19 21
26 39 -1 45 11 50 1
6 7 -1 13 17 19 21
26 40 -1 45 11 49 0
6 7 -1 13 17 19 20
26 40 -1 45 10 48 59
6 7 -1 13 17 19 20
27 40 -1 44 10 47 57
6 7 -1 13 17 19 20
27 40 -1 44 9 46 56
6 7 -1 13 17 19 20
27 41 -1 44 9 45 55
6 7 -1 13 17 19 20
28 41 -1 43 8 44 54
6 7 -1 13 17 19 20
28 41 -1 43 7 43 53
6 7 -1 13 17 19 20
28 42 -1 43 7 42 52
6 7 -1 13 17 19 20
29 42 -1 42 6 41 51
6 7 -1 13 17 19 20
29 42 -1 42 6 40 50
30






























1
По всем вопросам касающимся приложения обращайтесь по WhatsApp +79952867503
1
09.2026

      
	
