1
For advertising or questions send us e-mail kogdanamaz@gmail.com 
31
6 7 -1 13 16 19 20
6 16 -1 17 39 17 24
6 7 -1 13 16 19 20
6 17 -1 17 39 15 23
6 7 -1 13 16 19 20
6 17 -1 16 38 14 22
6 7 -1 13 16 19 20
6 17 -1 16 38 14 21
6 7 -1 13 16 19 20
7 17 -1 16 38 13 21
6 7 -1 13 16 19 20
7 17 -1 15 37 12 20
6 7 -1 13 16 19 20
7 18 -1 15 37 11 19
6 7 -1 13 16 19 20
7 18 -1 15 37 11 18
6 7 -1 13 16 19 20
7 18 -1 15 36 10 18
6 7 -1 13 16 19 20
7 18 -1 14 36 9 17
6 7 -1 13 16 19 20
8 18 -1 14 36 8 16
6 7 -1 13 16 19 20
8 19 -1 14 35 8 16
6 7 -1 13 16 19 20
8 19 -1 14 35 7 15
6 7 -1 13 16 19 20
8 19 -1 13 35 6 14
6 7 -1 13 16 19 20
8 19 -1 13 35 6 14
6 7 -1 13 16 19 20
8 19 -1 13 34 6 14
6 7 -1 13 16 19 20
9 20 -1 13 34 4 12
6 7 -1 13 16 19 20
9 20 -1 12 33 4 12
6 7 -1 13 16 19 20
9 20 -1 12 33 3 11
6 7 -1 13 16 19 20
9 21 -1 12 32 2 11
6 7 -1 13 16 19 20
9 21 -1 12 32 2 10
6 7 -1 13 16 19 20
10 21 -1 12 32 1 10
6 7 -1 13 16 19 20
10 22 -1 12 32 1 9
6 7 -1 13 16 19 20
10 22 -1 12 31 0 9
6 7 -1 13 16 18 20
10 22 -1 11 31 59 8
6 7 -1 13 16 18 20
11 22 -1 11 31 59 8
5 6 -1 12 15 17 19
11 22 -1 11 31 59 8
5 6 -1 12 15 17 19
11 23 -1 11 30 58 7
5 6 -1 12 15 17 19
11 24 -1 11 30 57 6
5 6 -1 12 15 17 19
12 24 -1 11 30 57 6
5 6 -1 12 15 17 19
12 24 -1 11 29 56 6
31































1
По всем вопросам касающимся приложения обращайтесь по WhatsApp +79952867503
1
10.2026

      
	