1
For advertising or questions send us e-mail kogdanamaz@gmail.com 
31
4 5 -1 12 16 19 21
24 56 -1 49 30 40 7
4 5 -1 12 16 19 21
25 56 -1 49 30 39 6
4 5 -1 12 16 19 21
26 57 -1 49 30 39 5
4 5 -1 12 16 19 21
27 58 -1 48 30 38 4
4 5 -1 12 16 19 21
28 58 -1 48 30 37 3
4 5 -1 12 16 19 21
29 59 -1 48 29 36 2
4 6 -1 12 16 19 21
30 0 -1 48 29 35 0
4 6 -1 12 16 19 20
31 0 -1 48 29 34 59
4 6 -1 12 16 19 20
32 1 -1 48 29 33 58
4 6 -1 12 16 19 20
33 2 -1 48 28 32 57
4 6 -1 12 16 19 20
34 3 -1 47 28 31 55
4 6 -1 12 16 19 20
35 3 -1 47 28 30 54
4 6 -1 12 16 19 20
36 4 -1 47 27 29 53
4 6 -1 12 16 19 20
37 5 -1 47 27 28 52
4 6 -1 12 16 19 20
38 5 -1 47 27 27 50
4 6 -1 12 16 19 20
39 6 -1 47 26 26 49
4 6 -1 12 16 19 20
40 7 -1 46 26 25 48
4 6 -1 12 16 19 20
41 7 -1 46 25 24 46
4 6 -1 12 16 19 20
42 8 -1 46 25 22 45
4 6 -1 12 16 19 20
42 9 -1 46 25 21 43
4 6 -1 12 16 19 20
43 9 -1 45 24 20 42
4 6 -1 12 16 19 20
44 10 -1 45 24 19 41
4 6 -1 12 16 19 20
45 11 -1 45 23 18 39
4 6 -1 12 16 19 20
46 11 -1 45 23 17 38
4 6 -1 12 16 19 20
47 12 -1 44 22 15 36
4 6 -1 12 16 19 20
48 12 -1 44 22 14 35
4 6 -1 12 16 19 20
49 13 -1 44 21 13 34
4 6 -1 12 16 19 20
50 14 -1 43 20 12 32
4 6 -1 12 16 19 20
50 14 -1 43 20 10 31
4 6 -1 12 16 19 20
51 15 -1 43 19 9 29
4 6 -1 12 16 19 20
52 16 -1 43 19 8 28
31































1
По всем вопросам касающимся приложения обращайтесь по WhatsApp +79952867503
1
08.2026

      
	
