1
For advertising or questions send us e-mail kogdanamaz@gmail.com 
31
5 6 -1 13 16 18 20
16 56 -1 15 39 40 20
5 6 -1 13 16 18 20
17 57 -1 15 38 38 18
5 6 -1 13 16 18 20
19 59 -1 15 36 36 16
5 7 -1 13 16 18 20
20 0 -1 15 34 33 13
5 7 -1 13 16 18 20
22 2 -1 15 32 31 11
5 7 -1 13 16 18 20
24 4 -1 15 31 29 9
5 7 -1 13 16 18 20
25 5 -1 15 29 27 7
5 7 -1 13 16 18 20
27 7 -1 15 27 24 4
5 7 -1 13 16 18 20
29 9 -1 15 25 22 2
5 7 -1 13 16 18 20
30 10 -1 15 24 20 0
5 7 -1 13 16 18 19
32 12 -1 15 23 18 58
5 7 -1 13 16 18 19
34 14 -1 15 22 15 55
5 7 -1 13 16 18 19
35 15 -1 15 20 13 53
5 7 -1 13 16 18 19
37 17 -1 15 18 11 51
5 7 -1 13 16 18 19
39 19 -1 15 17 9 49
5 7 -1 13 16 18 19
41 21 -1 15 16 7 47
5 7 -1 13 16 18 19
42 22 -1 15 14 5 45
5 7 -1 13 16 18 19
44 24 -1 15 12 3 43
5 7 -1 13 16 18 19
46 26 -1 15 10 1 41
5 7 -1 13 16 17 19
47 27 -1 15 9 58 38
5 7 -1 13 16 17 19
49 29 -1 15 7 56 36
5 7 -1 13 16 17 19
50 31 -1 15 5 54 34
5 7 -1 13 16 17 19
53 33 -1 15 3 52 32
5 7 -1 13 16 17 19
54 34 -1 15 1 50 30
5 7 -1 13 15 17 19
56 36 -1 15 59 48 28
5 7 -1 13 15 17 19
58 38 -1 15 57 46 26
6 7 -1 13 15 17 19
0 40 -1 15 55 44 24
6 7 -1 13 15 17 19
1 41 -1 15 53 42 22
6 7 -1 13 15 17 19
3 43 -1 15 51 41 21
6 7 -1 13 15 17 19
5 45 -1 15 49 39 19
6 7 -1 13 15 17 19
7 47 -1 15 47 37 17
31































1
По всем вопросам касающимся приложения обращайтесь по WhatsApp +79952867503
1
10.2026

      
	
