1
For advertising or questions send us e-mail kogdanamaz@gmail.com 
31
4 6 -1 12 16 19 21
31 2 -1 55 36 46 13
4 6 -1 12 16 19 21
32 3 -1 55 36 45 12
4 6 -1 12 16 19 21
33 3 -1 55 36 45 11
4 6 -1 12 16 19 21
34 4 -1 55 36 44 10
4 6 -1 12 16 19 21
35 5 -1 55 36 43 9
4 6 -1 12 16 19 21
36 6 -1 54 35 42 7
4 6 -1 12 16 19 21
37 6 -1 54 35 41 6
4 6 -1 12 16 19 21
38 7 -1 54 35 40 5
4 6 -1 12 16 19 21
39 8 -1 54 35 39 4
4 6 -1 12 16 19 21
40 8 -1 54 34 38 3
4 6 -1 12 16 19 21
41 9 -1 54 34 37 1
4 6 -1 12 16 19 21
41 10 -1 54 34 36 0
4 6 -1 12 16 19 20
42 10 -1 53 33 35 59
4 6 -1 12 16 19 20
43 11 -1 53 33 34 57
4 6 -1 12 16 19 20
44 12 -1 53 33 33 56
4 6 -1 12 16 19 20
45 12 -1 53 32 32 55
4 6 -1 12 16 19 20
46 13 -1 53 32 31 53
4 6 -1 12 16 19 20
47 14 -1 52 32 30 52
4 6 -1 12 16 19 20
48 14 -1 52 31 28 51
4 6 -1 12 16 19 20
49 15 -1 52 31 27 49
4 6 -1 12 16 19 20
50 16 -1 52 30 26 48
4 6 -1 12 16 19 20
51 16 -1 51 30 25 47
4 6 -1 12 16 19 20
52 17 -1 51 29 24 45
4 6 -1 12 16 19 20
53 18 -1 51 29 23 44
4 6 -1 12 16 19 20
53 18 -1 51 28 21 42
4 6 -1 12 16 19 20
54 19 -1 50 28 20 41
4 6 -1 12 16 19 20
55 19 -1 50 27 19 39
4 6 -1 12 16 19 20
56 20 -1 50 27 18 38
4 6 -1 12 16 19 20
57 21 -1 49 26 16 37
4 6 -1 12 16 19 20
58 21 -1 49 25 15 35
4 6 -1 12 16 19 20
59 22 -1 49 25 14 34
31































1
По всем вопросам касающимся приложения обращайтесь по WhatsApp +79952867503
1
08.2026

      
	
