1
For advertising or questions send us e-mail kogdanamaz@gmail.com 
30
5 6 -1 13 16 19 20
28 43 -1 0 25 16 27
5 6 -1 13 16 19 20
29 43 -1 0 25 15 26
5 6 -1 12 16 19 20
29 43 -1 59 24 14 25
5 6 -1 12 16 19 20
29 43 -1 59 24 13 24
5 6 -1 12 16 19 20
30 44 -1 59 24 12 23
5 6 -1 12 16 19 20
30 44 -1 58 24 11 22
5 6 -1 12 16 19 20
30 44 -1 58 23 10 21
5 6 -1 12 16 19 20
31 44 -1 58 23 10 20
5 6 -1 12 16 19 20
31 45 -1 57 23 9 19
5 6 -1 12 16 19 20
32 45 -1 57 22 8 18
5 6 -1 12 16 19 20
32 45 -1 57 22 7 17
5 6 -1 12 16 19 20
32 45 -1 56 22 6 16
5 6 -1 12 16 19 20
32 45 -1 56 22 6 16
5 6 -1 12 16 19 20
33 46 -1 56 21 4 14
5 6 -1 12 16 19 20
33 46 -1 55 20 3 13
5 6 -1 12 16 19 20
33 46 -1 55 20 2 12
5 6 -1 12 16 19 20
34 47 -1 54 20 1 11
5 6 -1 12 16 19 20
34 47 -1 54 19 0 10
5 6 -1 12 16 18 20
34 47 -1 54 19 59 9
5 6 -1 12 16 18 20
35 47 -1 53 18 58 8
5 6 -1 12 16 18 20
35 48 -1 53 18 57 7
5 6 -1 12 16 18 20
35 48 -1 53 17 56 6
5 6 -1 12 16 18 20
36 48 -1 52 17 55 5
5 6 -1 12 16 18 20
36 48 -1 52 17 54 4
5 6 -1 12 16 18 20
36 49 -1 52 16 53 3
5 6 -1 12 16 18 20
36 49 -1 51 16 52 2
5 6 -1 12 16 18 20
37 49 -1 51 15 51 1
5 6 -1 12 16 18 20
37 49 -1 51 15 51 1
5 6 -1 12 16 18 19
37 50 -1 50 14 49 59
5 6 -1 12 16 18 19
38 50 -1 50 14 48 58
30






























1
По всем вопросам касающимся приложения обращайтесь по WhatsApp +79952867503
1
09.2026

      
	
