1
For advertising or questions send us e-mail kogdanamaz@gmail.com 
30
6 7 -1 13 16 19 21
8 21 -1 38 59 53 3
6 7 -1 13 16 19 21
9 22 -1 37 59 52 2
6 7 -1 13 16 19 21
9 22 -1 37 59 50 0
6 7 -1 13 16 19 20
10 22 -1 36 58 49 59
6 7 -1 13 16 19 20
10 22 -1 36 58 48 58
6 7 -1 13 16 19 20
10 23 -1 36 58 48 57
6 7 -1 13 16 19 20
10 23 -1 35 58 47 56
6 7 -1 13 16 19 20
11 23 -1 35 58 46 55
6 7 -1 13 16 19 20
11 23 -1 35 57 45 54
6 7 -1 13 16 19 20
11 23 -1 34 57 44 53
6 7 -1 13 16 19 20
11 24 -1 34 57 43 52
6 7 -1 13 16 19 20
12 24 -1 34 57 42 51
6 7 -1 13 16 19 20
12 24 -1 33 56 41 50
6 7 -1 13 16 19 20
12 24 -1 33 56 41 49
6 7 -1 13 16 19 20
12 24 -1 33 56 40 48
6 7 -1 13 16 19 20
12 24 -1 33 56 40 48
6 7 -1 13 16 19 20
13 24 -1 32 55 39 47
6 7 -1 13 16 19 20
13 25 -1 31 55 37 46
6 7 -1 13 16 19 20
13 25 -1 31 54 36 45
6 7 -1 13 16 19 20
14 25 -1 31 54 35 44
6 7 -1 13 16 19 20
14 25 -1 30 54 34 43
6 7 -1 13 16 19 20
14 25 -1 30 53 33 42
6 7 -1 13 16 19 20
14 26 -1 30 53 33 41
6 7 -1 13 16 19 20
14 26 -1 29 53 32 40
6 7 -1 13 16 19 20
15 26 -1 29 52 31 39
6 7 -1 13 16 19 20
15 26 -1 29 52 30 38
6 7 -1 13 16 19 20
15 26 -1 28 52 29 37
6 7 -1 13 16 19 20
15 27 -1 28 51 28 37
6 7 -1 13 16 19 20
15 27 -1 28 51 27 36
6 7 -1 13 16 19 20
16 27 -1 27 50 26 35
30






























1
По всем вопросам касающимся приложения обращайтесь по WhatsApp +79952867503
1
09.2026

      
	
