1
For advertising or questions send us e-mail kogdanamaz@gmail.com 
31
6 7 -1 13 17 20 21
2 20 -1 52 6 22 36
6 7 -1 13 17 20 21
3 21 -1 51 6 21 35
6 7 -1 13 17 20 21
3 21 -1 51 6 21 35
6 7 -1 13 17 20 21
3 21 -1 51 7 21 35
6 7 -1 13 17 20 21
4 22 -1 51 7 20 33
6 7 -1 13 17 20 21
5 22 -1 51 7 19 33
6 7 -1 13 17 20 21
5 22 -1 51 8 18 32
6 7 -1 13 17 20 21
6 23 -1 51 8 18 31
6 7 -1 13 17 20 21
6 23 -1 51 8 17 30
6 7 -1 13 17 20 21
7 23 -1 51 8 17 30
6 7 -1 13 17 20 21
7 24 -1 50 8 16 29
6 7 -1 13 17 20 21
8 24 -1 50 8 15 28
6 7 -1 13 17 20 21
8 24 -1 50 8 15 27
6 7 -1 13 17 20 21
9 24 -1 50 9 14 27
6 7 -1 13 17 20 21
9 25 -1 50 9 13 26
6 7 -1 13 17 20 21
9 25 -1 49 9 13 25
6 7 -1 13 17 20 21
9 25 -1 49 9 13 25
6 7 -1 13 17 20 21
10 25 -1 49 9 12 24
6 7 -1 13 17 20 21
11 26 -1 49 9 10 22
6 7 -1 13 17 20 21
11 26 -1 49 9 10 21
6 7 -1 13 17 20 21
12 26 -1 48 9 9 20
6 7 -1 13 17 20 21
12 27 -1 48 9 8 20
6 7 -1 13 17 20 21
12 27 -1 48 9 7 19
6 7 -1 13 17 20 21
13 27 -1 47 9 7 18
6 7 -1 13 17 20 21
13 27 -1 47 9 6 17
6 7 -1 13 17 20 21
13 28 -1 47 9 5 16
6 7 -1 13 17 20 21
14 28 -1 47 8 4 15
6 7 -1 13 17 20 21
14 28 -1 46 8 3 14
6 7 -1 13 17 20 21
15 28 -1 46 8 3 13
6 7 -1 13 17 20 21
15 28 -1 46 8 2 12
6 7 -1 13 17 20 21
15 29 -1 45 8 1 11
31































1
По всем вопросам касающимся приложения обращайтесь по WhatsApp +79952867503
1
08.2026

      
	
