1
For advertising or questions send us e-mail kogdanamaz@gmail.com 
31
6 7 -1 13 16 20 21
3 19 -1 46 57 12 25
6 7 -1 13 16 20 21
4 20 -1 46 57 12 25
6 7 -1 13 16 20 21
4 20 -1 46 57 12 25
6 7 -1 13 16 20 21
4 20 -1 46 56 12 24
6 7 -1 13 16 20 21
5 20 -1 46 55 11 23
6 7 -1 13 16 20 21
5 21 -1 46 55 10 22
6 7 -1 13 16 20 21
6 21 -1 46 56 10 22
6 7 -1 13 16 20 21
6 21 -1 46 56 9 21
6 7 -1 13 16 20 21
6 21 -1 46 56 9 20
6 7 -1 13 16 20 21
7 22 -1 45 56 8 20
6 7 -1 13 16 20 21
7 22 -1 45 57 7 19
6 7 -1 13 16 20 21
8 22 -1 45 57 7 18
6 7 -1 13 16 20 21
8 22 -1 45 57 6 17
6 7 -1 13 16 20 21
8 23 -1 45 57 6 17
6 7 -1 13 16 20 21
9 23 -1 45 58 5 16
6 7 -1 13 16 20 21
9 23 -1 44 58 4 15
6 7 -1 13 16 20 21
9 23 -1 44 58 4 15
6 7 -1 13 16 20 21
9 23 -1 44 58 4 14
6 7 -1 13 16 20 21
10 24 -1 44 58 3 13
6 7 -1 13 16 20 21
10 24 -1 43 58 2 12
6 7 -1 13 16 20 21
11 24 -1 43 58 1 11
6 7 -1 13 16 20 21
11 24 -1 43 58 0 10
6 7 -1 13 16 20 21
11 24 -1 43 59 0 10
6 7 -1 13 16 19 21
12 25 -1 42 59 59 9
6 7 -1 13 16 19 21
12 25 -1 42 59 58 8
6 7 -1 13 16 19 21
12 25 -1 42 59 58 7
6 7 -1 13 16 19 21
12 25 -1 42 59 57 6
6 7 -1 13 16 19 21
13 25 -1 41 59 56 5
6 7 -1 13 16 19 21
13 25 -1 41 59 55 5
6 7 -1 13 16 19 21
13 25 -1 41 59 55 4
6 7 -1 13 16 19 21
13 26 -1 40 59 54 3
31































1
По всем вопросам касающимся приложения обращайтесь по WhatsApp +79952867503
1
08.2026

      
	
