1
For advertising or questions send us e-mail kogdanamaz@gmail.com 
31
6 7 -1 13 17 20 21
2 21 -1 56 16 29 45
6 7 -1 13 17 20 21
2 22 -1 56 16 29 45
6 7 -1 13 17 20 21
2 22 -1 56 16 29 45
6 7 -1 13 17 20 21
3 22 -1 56 16 28 44
6 7 -1 13 17 20 21
4 23 -1 56 17 27 42
6 7 -1 13 17 20 21
5 23 -1 55 17 26 42
6 7 -1 13 17 20 21
5 24 -1 55 17 26 41
6 7 -1 13 17 20 21
6 24 -1 55 17 25 40
6 7 -1 13 17 20 21
6 24 -1 55 17 24 39
6 7 -1 13 17 20 21
7 25 -1 55 17 24 38
6 7 -1 13 17 20 21
7 25 -1 55 17 23 37
6 7 -1 13 17 20 21
8 26 -1 55 17 22 37
6 7 -1 13 17 20 21
8 26 -1 54 17 22 36
6 7 -1 13 17 20 21
9 26 -1 54 17 21 35
6 7 -1 13 17 20 21
9 27 -1 54 17 20 34
6 7 -1 13 17 20 21
10 27 -1 54 17 19 33
6 7 -1 13 17 20 21
10 27 -1 54 17 19 33
6 7 -1 13 17 20 21
10 27 -1 54 17 19 32
6 7 -1 13 17 20 21
11 28 -1 53 17 17 30
6 7 -1 13 17 20 21
12 28 -1 53 17 16 29
6 7 -1 13 17 20 21
12 29 -1 53 17 15 28
6 7 -1 13 17 20 21
13 29 -1 52 17 15 27
6 7 -1 13 17 20 21
13 29 -1 52 17 14 26
6 7 -1 13 17 20 21
14 29 -1 52 17 13 25
6 7 -1 13 17 20 21
14 30 -1 52 16 12 24
6 7 -1 13 17 20 21
15 30 -1 51 16 11 23
6 7 -1 13 17 20 21
15 30 -1 51 16 10 22
6 7 -1 13 17 20 21
16 31 -1 51 16 9 21
6 7 -1 13 17 20 21
16 31 -1 50 16 9 20
6 7 -1 13 17 20 21
16 31 -1 50 15 8 19
6 7 -1 13 17 20 21
17 32 -1 50 15 7 18
31































1
По всем вопросам касающимся приложения обращайтесь по WhatsApp +79952867503
1
08.2026

      
	
