1
For advertising or questions send us e-mail kogdanamaz@gmail.com 
31
6 7 -1 13 17 19 20
25 37 -1 37 1 36 45
6 7 -1 13 17 19 20
25 38 -1 36 0 34 43
6 7 -1 13 16 19 20
26 38 -1 36 59 33 42
6 7 -1 13 16 19 20
26 38 -1 36 59 32 41
6 7 -1 13 16 19 20
26 39 -1 35 58 31 40
6 7 -1 13 16 19 20
26 39 -1 35 58 30 40
6 7 -1 13 16 19 20
27 39 -1 35 57 29 39
6 7 -1 13 16 19 20
27 39 -1 35 57 28 38
6 7 -1 13 16 19 20
27 40 -1 34 56 28 37
6 7 -1 13 16 19 20
28 40 -1 34 56 27 36
6 7 -1 13 16 19 20
28 40 -1 34 55 26 35
6 7 -1 13 16 19 20
28 41 -1 34 55 25 35
6 7 -1 13 16 19 20
29 41 -1 33 54 24 34
6 7 -1 13 16 19 20
29 41 -1 33 54 23 33
6 7 -1 13 16 19 20
29 41 -1 33 54 23 33
6 7 -1 13 16 19 20
29 42 -1 33 53 23 32
6 7 -1 13 16 19 20
30 43 -1 32 52 21 31
6 7 -1 13 16 19 20
30 43 -1 32 52 20 30
6 7 -1 13 16 19 20
30 43 -1 32 51 20 29
6 7 -1 13 16 19 20
31 44 -1 32 51 19 29
6 7 -1 13 16 19 20
31 44 -1 32 50 18 28
6 7 -1 13 16 19 20
31 45 -1 32 50 17 27
6 7 -1 13 16 19 20
32 45 -1 31 50 17 27
6 7 -1 13 16 19 20
32 45 -1 31 49 16 26
6 7 -1 13 16 19 20
32 46 -1 31 49 15 26
6 7 -1 13 16 19 20
33 46 -1 31 48 15 25
5 6 -1 12 15 18 19
33 46 -1 31 48 15 25
5 6 -1 12 15 18 19
34 47 -1 31 48 13 24
5 6 -1 12 15 18 19
34 48 -1 31 47 13 23
5 6 -1 12 15 18 19
34 48 -1 31 47 12 23
5 6 -1 12 15 18 19
35 49 -1 31 46 12 23
31































1
По всем вопросам касающимся приложения обращайтесь по WhatsApp +79952867503
1
10.2026

      
	
