1
For advertising or questions send us e-mail kogdanamaz@gmail.com 
31
6 7 -1 13 17 19 20
36 50 -1 49 13 47 58
6 7 -1 13 17 19 20
37 51 -1 48 12 45 56
6 7 -1 13 17 19 20
37 51 -1 48 11 44 55
6 7 -1 13 17 19 20
37 51 -1 48 11 43 54
6 7 -1 13 17 19 20
38 52 -1 47 10 42 53
6 7 -1 13 17 19 20
38 52 -1 47 9 41 52
6 7 -1 13 17 19 20
39 52 -1 47 9 40 51
6 7 -1 13 17 19 20
39 53 -1 47 8 39 50
6 7 -1 13 17 19 20
39 53 -1 46 8 38 49
6 7 -1 13 17 19 20
40 54 -1 46 7 37 48
6 7 -1 13 17 19 20
40 54 -1 46 7 36 47
6 7 -1 13 17 19 20
40 55 -1 46 6 35 46
6 7 -1 13 17 19 20
41 55 -1 45 5 34 45
6 7 -1 13 17 19 20
41 55 -1 45 5 33 45
6 7 -1 13 17 19 20
41 55 -1 45 5 33 45
6 7 -1 13 17 19 20
42 56 -1 45 4 33 44
6 7 -1 13 17 19 20
42 57 -1 44 3 31 42
6 7 -1 13 17 19 20
43 57 -1 44 3 30 41
6 7 -1 13 17 19 20
43 58 -1 44 2 29 40
6 7 -1 13 17 19 20
44 58 -1 44 1 28 40
6 7 -1 13 17 19 20
44 59 -1 44 1 27 39
6 7 -1 13 17 19 20
45 59 -1 44 0 27 38
6 8 -1 13 17 19 20
45 0 -1 43 0 26 38
6 8 -1 13 16 19 20
45 0 -1 43 59 25 37
6 8 -1 13 16 19 20
46 1 -1 43 59 24 36
6 8 -1 13 16 19 20
46 1 -1 43 58 24 36
5 7 -1 12 15 18 19
46 1 -1 43 58 24 35
5 7 -1 12 15 18 19
47 2 -1 43 57 22 34
5 7 -1 12 15 18 19
48 3 -1 43 57 22 34
5 7 -1 12 15 18 19
48 3 -1 43 56 21 33
5 7 -1 12 15 18 19
49 4 -1 43 56 20 33
31































1
По всем вопросам касающимся приложения обращайтесь по WhatsApp +79952867503
1
10.2026

      
	
