1
For advertising or questions send us e-mail kogdanamaz@gmail.com 
31
6 7 -1 13 16 19 20
13 25 -1 25 49 24 33
6 7 -1 13 16 19 20
14 26 -1 25 48 22 31
6 7 -1 13 16 19 20
14 26 -1 24 47 21 30
6 7 -1 13 16 19 20
14 26 -1 24 47 21 29
6 7 -1 13 16 19 20
15 26 -1 24 46 20 29
6 7 -1 13 16 19 20
15 27 -1 23 46 19 28
6 7 -1 13 16 19 20
15 27 -1 23 45 18 27
6 7 -1 13 16 19 20
15 27 -1 23 45 17 26
6 7 -1 13 16 19 20
16 28 -1 23 45 16 25
6 7 -1 13 16 19 20
16 28 -1 22 44 16 25
6 7 -1 13 16 19 20
16 28 -1 22 44 15 24
6 7 -1 13 16 19 20
16 28 -1 22 43 14 23
6 7 -1 13 16 19 20
17 29 -1 22 43 13 22
6 7 -1 13 16 19 20
17 29 -1 21 42 12 22
6 7 -1 13 16 19 20
17 29 -1 21 42 12 22
6 7 -1 13 16 19 20
17 29 -1 21 42 12 21
6 7 -1 13 16 19 20
18 30 -1 21 41 10 19
6 7 -1 13 16 19 20
18 30 -1 21 40 9 19
6 7 -1 13 16 19 20
18 31 -1 20 40 9 18
6 7 -1 13 16 19 20
19 31 -1 20 40 8 17
6 7 -1 13 16 19 20
19 32 -1 20 39 7 17
6 7 -1 13 16 19 20
19 32 -1 20 39 7 16
6 7 -1 13 16 19 20
20 32 -1 20 38 6 16
6 7 -1 13 16 19 20
20 33 -1 20 38 5 15
6 7 -1 13 16 19 20
20 33 -1 19 38 5 14
6 7 -1 13 16 19 20
20 34 -1 19 37 4 14
5 6 -1 12 15 18 19
20 34 -1 19 37 4 14
5 6 -1 12 15 18 19
21 34 -1 19 36 3 13
5 6 -1 12 15 18 19
22 35 -1 19 36 2 12
5 6 -1 12 15 18 19
22 35 -1 19 36 2 12
5 6 -1 12 15 18 19
22 36 -1 19 35 1 12
31































1
По всем вопросам касающимся приложения обращайтесь по WhatsApp +79952867503
1
10.2026

      
	