1
For advertising or questions send us e-mail kogdanamaz@gmail.com 
31
4 6 -1 12 15 18 19
47 16 -1 41 27 2 29
4 6 -1 12 15 18 19
49 17 -1 41 26 1 26
4 6 -1 12 15 18 19
50 18 -1 41 24 0 24
4 6 -1 12 15 17 19
52 20 -1 41 23 58 22
4 6 -1 12 15 17 19
54 21 -1 41 22 56 19
4 6 -1 12 15 17 19
56 22 -1 41 20 53 17
4 6 -1 12 15 17 19
58 24 -1 41 19 51 15
5 6 -1 12 15 17 19
0 26 -1 41 18 49 13
5 6 -1 12 15 17 19
2 29 -1 40 16 47 11
5 6 -1 12 15 17 19
5 31 -1 40 15 45 9
5 6 -1 12 15 17 19
7 33 -1 40 13 43 7
5 6 -1 12 15 17 19
9 35 -1 40 12 40 5
5 6 -1 12 15 17 19
10 37 -1 40 11 38 4
5 6 -1 12 15 17 19
11 38 -1 40 9 36 2
5 6 -1 12 15 17 19
12 39 -1 40 8 34 1
5 6 -1 12 15 17 18
13 40 -1 40 7 32 59
5 6 -1 12 15 17 18
15 40 -1 39 5 30 57
5 6 -1 12 15 17 18
16 41 -1 39 4 29 55
5 6 -1 12 15 17 18
17 41 -1 39 3 28 53
5 6 -1 12 15 17 18
19 42 -1 39 1 27 51
5 6 -1 12 15 17 18
20 42 -1 39 0 26 49
5 6 -1 12 14 17 18
21 43 -1 39 59 25 47
5 6 -1 12 14 17 18
23 44 -1 39 58 24 45
5 6 -1 12 14 17 18
25 46 -1 39 56 22 44
5 6 -1 12 14 17 18
27 47 -1 38 55 20 43
5 6 -1 12 14 17 18
28 49 -1 38 54 19 42
5 6 -1 12 14 17 18
29 51 -1 38 53 17 41
5 6 -1 12 14 17 18
30 53 -1 38 51 16 40
5 6 -1 12 14 17 18
31 55 -1 38 50 14 39
5 6 -1 12 14 17 18
32 57 -1 38 49 13 38
5 6 -1 12 14 17 18
33 58 -1 38 48 12 37
31































1
По всем вопросам касающимся приложения обращайтесь по WhatsApp +79952867503
1
10.2026

      
	
