1
For advertising or questions send us e-mail kogdanamaz@gmail.com 
30
5 6 -1 13 16 19 20
32 46 -1 3 26 18 29
5 6 -1 13 16 19 20
33 46 -1 2 25 18 28
5 6 -1 13 16 19 20
33 47 -1 2 25 16 26
5 6 -1 13 16 19 20
34 47 -1 2 25 15 25
5 6 -1 13 16 19 20
34 47 -1 1 25 14 24
5 6 -1 13 16 19 20
34 47 -1 1 24 13 23
5 6 -1 13 16 19 20
35 47 -1 1 24 12 22
5 6 -1 13 16 19 20
35 48 -1 0 24 11 21
5 6 -1 13 16 19 20
35 48 -1 0 24 10 20
5 6 -1 12 16 19 20
36 48 -1 59 23 10 19
5 6 -1 12 16 19 20
36 48 -1 59 23 9 18
5 6 -1 12 16 19 20
36 49 -1 59 23 8 17
5 6 -1 12 16 19 20
36 49 -1 58 22 7 16
5 6 -1 12 16 19 20
37 49 -1 58 22 6 15
5 6 -1 12 16 19 20
37 49 -1 58 22 5 14
5 6 -1 12 16 19 20
37 49 -1 58 22 5 14
5 6 -1 12 16 19 20
37 49 -1 57 21 4 13
5 6 -1 12 16 19 20
38 50 -1 57 21 2 11
5 6 -1 12 16 19 20
38 50 -1 56 20 1 10
5 6 -1 12 16 19 20
38 50 -1 56 20 0 9
5 6 -1 12 16 18 20
38 50 -1 56 20 59 8
5 6 -1 12 16 18 20
39 51 -1 55 19 59 7
5 6 -1 12 16 18 20
39 51 -1 55 19 58 6
5 6 -1 12 16 18 20
39 51 -1 54 18 57 6
5 6 -1 12 16 18 20
39 51 -1 54 18 56 5
5 6 -1 12 16 18 20
40 51 -1 54 17 55 4
5 6 -1 12 16 18 20
40 52 -1 53 17 54 3
5 6 -1 12 16 18 20
40 52 -1 53 17 53 2
5 6 -1 12 16 18 20
40 52 -1 53 16 52 1
5 6 -1 12 16 18 20
41 52 -1 52 16 51 0
30






























1
По всем вопросам касающимся приложения обращайтесь по WhatsApp +79952867503
1
09.2026

      
	
