1
For advertising or questions send us e-mail kogdanamaz@gmail.com 
31
6 7 -1 13 16 19 20
20 32 -1 32 55 31 40
6 7 -1 13 16 19 20
20 32 -1 31 54 29 38
6 7 -1 13 16 19 20
21 33 -1 31 54 28 37
6 7 -1 13 16 19 20
21 33 -1 31 54 27 36
6 7 -1 13 16 19 20
21 33 -1 30 53 26 35
6 7 -1 13 16 19 20
21 34 -1 30 53 25 34
6 7 -1 13 16 19 20
22 34 -1 30 52 24 34
6 7 -1 13 16 19 20
22 34 -1 30 52 24 33
6 7 -1 13 16 19 20
22 34 -1 29 51 23 32
6 7 -1 13 16 19 20
23 35 -1 29 51 22 31
6 7 -1 13 16 19 20
23 35 -1 29 50 21 30
6 7 -1 13 16 19 20
23 35 -1 28 50 20 30
6 7 -1 13 16 19 20
23 36 -1 28 49 19 29
6 7 -1 13 16 19 20
24 36 -1 28 49 19 28
6 7 -1 13 16 19 20
24 36 -1 28 49 19 28
6 7 -1 13 16 19 20
24 36 -1 28 48 18 27
6 7 -1 13 16 19 20
25 37 -1 27 47 16 26
6 7 -1 13 16 19 20
25 37 -1 27 47 16 25
6 7 -1 13 16 19 20
25 38 -1 27 47 15 25
6 7 -1 13 16 19 20
25 38 -1 27 46 14 24
6 7 -1 13 16 19 20
26 39 -1 27 46 13 23
6 7 -1 13 16 19 20
26 39 -1 27 45 13 23
6 7 -1 13 16 19 20
26 39 -1 26 45 12 22
6 7 -1 13 16 19 20
27 40 -1 26 44 11 21
6 7 -1 13 16 19 20
27 40 -1 26 44 11 21
6 7 -1 13 16 19 20
27 41 -1 26 44 10 20
5 6 -1 12 15 18 19
27 41 -1 26 44 10 20
5 6 -1 12 15 18 19
28 42 -1 26 43 9 19
5 6 -1 12 15 18 19
29 42 -1 26 42 8 19
5 6 -1 12 15 18 19
29 42 -1 26 42 8 18
5 6 -1 12 15 18 19
29 43 -1 26 42 7 18
31































1
По всем вопросам касающимся приложения обращайтесь по WhatsApp +79952867503
1
10.2026

      
	