1
For advertising or questions send us e-mail kogdanamaz@gmail.com 
31
5 6 -1 12 16 18 19
25 38 -1 38 1 36 46
5 6 -1 12 16 18 19
26 38 -1 37 0 34 44
5 6 -1 12 16 18 19
26 39 -1 37 0 34 43
5 6 -1 12 15 18 19
27 39 -1 36 59 33 42
5 6 -1 12 15 18 19
27 39 -1 36 59 32 41
5 6 -1 12 15 18 19
27 40 -1 36 58 31 40
5 6 -1 12 15 18 19
27 40 -1 36 58 30 39
5 6 -1 12 15 18 19
28 40 -1 35 57 29 39
5 6 -1 12 15 18 19
28 40 -1 35 57 28 38
5 6 -1 12 15 18 19
28 41 -1 35 56 27 37
5 6 -1 12 15 18 19
29 41 -1 34 56 27 36
5 6 -1 12 15 18 19
29 41 -1 34 55 26 35
5 6 -1 12 15 18 19
29 42 -1 34 55 25 34
5 6 -1 12 15 18 19
29 42 -1 34 54 24 34
5 6 -1 12 15 18 19
29 42 -1 34 54 24 34
5 6 -1 12 15 18 19
30 43 -1 34 54 23 33
5 6 -1 12 15 18 19
30 43 -1 33 53 22 32
5 6 -1 12 15 18 19
31 44 -1 33 52 21 31
5 6 -1 12 15 18 19
31 44 -1 33 52 20 30
5 6 -1 12 15 18 19
31 44 -1 33 52 19 29
5 6 -1 12 15 18 19
32 45 -1 32 51 19 29
5 6 -1 12 15 18 19
32 45 -1 32 51 18 28
5 6 -1 12 15 18 19
32 46 -1 32 50 17 28
5 6 -1 12 15 18 19
33 46 -1 32 50 17 27
5 6 -1 12 15 18 19
33 47 -1 32 49 16 26
5 6 -1 12 15 18 19
33 47 -1 32 49 15 26
4 5 -1 11 14 17 18
33 47 -1 32 49 15 26
4 5 -1 11 14 17 18
34 48 -1 32 48 14 25
4 5 -1 11 14 17 18
35 48 -1 32 48 13 24
4 5 -1 11 14 17 18
35 49 -1 31 47 13 24
4 5 -1 11 14 17 18
35 49 -1 31 47 12 23
31































1
По всем вопросам касающимся приложения обращайтесь по WhatsApp +79952867503
1
10.2026

      
	
