1
For advertising or questions send us e-mail kogdanamaz@gmail.com 
31
6 7 -1 14 17 20 21
13 31 -1 2 15 31 45
6 7 -1 14 17 20 21
14 31 -1 2 15 31 45
6 7 -1 14 17 20 21
14 31 -1 2 15 31 45
6 7 -1 14 17 20 21
14 32 -1 2 16 30 44
6 7 -1 14 17 20 21
15 32 -1 1 16 29 43
6 7 -1 14 17 20 21
16 33 -1 1 16 28 42
6 7 -1 14 17 20 21
16 33 -1 1 17 28 41
6 7 -1 14 17 20 21
17 33 -1 1 17 27 40
6 7 -1 14 17 20 21
17 34 -1 1 17 27 40
6 7 -1 14 17 20 21
18 34 -1 1 17 26 39
6 7 -1 14 17 20 21
18 34 -1 0 17 26 38
6 7 -1 14 17 20 21
19 35 -1 0 17 25 37
6 7 -1 14 17 20 21
19 35 -1 0 18 24 37
6 7 -1 14 17 20 21
20 35 -1 0 18 24 36
6 7 -1 14 17 20 21
20 35 -1 0 18 23 35
6 7 -1 14 17 20 21
20 36 -1 0 18 22 34
6 7 -1 14 17 20 21
20 36 -1 0 18 22 34
6 7 -1 13 17 20 21
21 36 -1 59 18 22 33
6 7 -1 13 17 20 21
22 36 -1 59 18 20 32
6 7 -1 13 17 20 21
22 37 -1 59 18 19 31
6 7 -1 13 17 20 21
22 37 -1 58 18 19 30
6 7 -1 13 17 20 21
23 37 -1 58 18 18 29
6 7 -1 13 17 20 21
23 37 -1 58 18 17 28
6 7 -1 13 17 20 21
24 38 -1 58 18 16 27
6 7 -1 13 17 20 21
24 38 -1 57 18 16 26
6 7 -1 13 17 20 21
24 38 -1 57 18 15 25
6 7 -1 13 17 20 21
25 38 -1 57 18 14 24
6 7 -1 13 17 20 21
25 39 -1 56 18 13 24
6 7 -1 13 17 20 21
25 39 -1 56 18 12 23
6 7 -1 13 17 20 21
26 39 -1 56 18 11 22
6 7 -1 13 17 20 21
26 39 -1 56 17 11 21
31































1
По всем вопросам касающимся приложения обращайтесь по WhatsApp +79952867503
1
08.2026

      
	
