1
For advertising or questions send us e-mail kogdanamaz@gmail.com 
30
4 5 -1 11 15 18 19
32 43 -1 56 11 8 16
4 5 -1 11 15 18 19
32 43 -1 56 11 8 16
4 5 -1 11 15 18 19
33 43 -1 56 11 7 15
4 5 -1 11 15 18 19
33 44 -1 55 11 6 14
4 5 -1 11 15 18 19
33 44 -1 55 11 5 13
4 5 -1 11 15 18 19
33 44 -1 55 11 5 12
4 5 -1 11 15 18 19
33 44 -1 54 11 4 12
4 5 -1 11 15 18 19
33 44 -1 54 11 3 11
4 5 -1 11 15 18 19
33 44 -1 54 11 3 10
4 5 -1 11 15 18 19
33 44 -1 53 11 2 9
4 5 -1 11 15 18 19
34 44 -1 53 11 1 8
4 5 -1 11 15 18 19
34 44 -1 53 11 0 8
4 5 -1 11 15 18 19
34 44 -1 52 11 0 7
4 5 -1 11 15 17 19
34 44 -1 52 11 59 6
4 5 -1 11 15 17 19
34 44 -1 52 10 58 5
4 5 -1 11 15 17 19
34 44 -1 51 10 57 4
4 5 -1 11 15 17 19
34 44 -1 51 10 56 4
4 5 -1 11 15 17 19
34 44 -1 51 10 56 3
4 5 -1 11 15 17 19
34 44 -1 50 10 55 2
4 5 -1 11 15 17 19
34 44 -1 50 10 54 1
4 5 -1 11 15 17 19
35 44 -1 50 9 53 0
4 5 -1 11 15 17 19
35 44 -1 49 9 53 0
4 5 -1 11 15 17 18
35 44 -1 49 9 52 59
4 5 -1 11 15 17 18
35 45 -1 48 9 51 58
4 5 -1 11 15 17 18
35 45 -1 48 9 50 57
4 5 -1 11 15 17 18
35 45 -1 48 8 50 56
4 5 -1 11 15 17 18
35 45 -1 47 8 49 56
4 5 -1 11 15 17 18
35 45 -1 47 8 48 55
4 5 -1 11 15 17 18
35 45 -1 47 8 47 54
4 5 -1 11 15 17 18
35 45 -1 46 7 47 54
30






























1
По всем вопросам касающимся приложения обращайтесь по WhatsApp +79952867503
1
09.2026

      
	
