1
For advertising or questions send us e-mail kogdanamaz@gmail.com 
30
4 5 -1 11 14 17 18
23 32 -1 40 45 47 53
4 5 -1 11 14 17 18
23 32 -1 40 44 46 52
4 5 -1 11 14 17 18
23 32 -1 39 43 46 52
4 5 -1 11 14 17 18
23 31 -1 39 42 45 51
4 5 -1 11 14 17 18
23 31 -1 39 41 45 50
4 5 -1 11 14 17 18
23 31 -1 38 40 44 50
4 5 -1 11 14 17 18
22 31 -1 38 39 44 49
4 5 -1 11 14 17 18
22 31 -1 38 40 43 49
4 5 -1 11 14 17 18
22 31 -1 37 40 43 48
4 5 -1 11 14 17 18
22 30 -1 37 40 42 48
4 5 -1 11 14 17 18
22 30 -1 37 41 42 47
4 5 -1 11 14 17 18
22 30 -1 36 41 41 46
4 5 -1 11 14 17 18
22 30 -1 36 41 41 46
4 5 -1 11 14 17 18
21 30 -1 35 41 40 45
4 5 -1 11 14 17 18
21 30 -1 35 42 40 45
4 5 -1 11 14 17 18
21 29 -1 35 42 39 44
4 5 -1 11 14 17 18
21 29 -1 34 42 39 44
4 5 -1 11 14 17 18
21 29 -1 34 42 38 43
4 5 -1 11 14 17 18
21 29 -1 34 42 37 43
4 5 -1 11 14 17 18
20 29 -1 33 43 37 42
4 5 -1 11 14 17 18
20 28 -1 33 43 36 42
4 5 -1 11 14 17 18
20 28 -1 33 43 36 41
4 5 -1 11 14 17 18
20 28 -1 32 43 35 40
4 5 -1 11 14 17 18
20 28 -1 32 43 35 40
4 5 -1 11 14 17 18
20 28 -1 32 43 34 39
4 5 -1 11 14 17 18
19 27 -1 31 43 34 39
4 5 -1 11 14 17 18
19 27 -1 31 44 33 38
4 5 -1 11 14 17 18
19 27 -1 31 44 33 38
4 5 -1 11 14 17 18
19 27 -1 30 44 32 37
4 5 -1 11 14 17 18
19 27 -1 30 44 32 37
30






























1
По всем вопросам касающимся приложения обращайтесь по WhatsApp +79952867503
1
09.2026

      
	
