1
For advertising or questions send us e-mail kogdanamaz@gmail.com 
30
4 5 -1 13 17 19 21
13 53 -1 0 28 42 22
4 5 -1 13 17 19 21
15 55 -1 0 26 40 20
4 5 -1 13 17 19 21
17 57 -1 0 24 37 17
4 5 -1 13 17 19 21
19 59 -1 0 22 34 14
4 6 -1 13 17 19 21
21 1 -1 0 21 32 12
4 6 -1 13 17 19 21
23 3 -1 0 19 29 9
4 6 -1 13 17 19 21
25 5 -1 0 18 27 7
4 6 -1 13 17 19 21
27 7 -1 0 16 24 4
4 6 -1 13 17 19 21
29 9 -1 0 14 21 1
4 6 -1 13 17 19 20
31 11 -1 0 12 19 59
4 6 -1 13 17 19 20
33 13 -1 0 10 16 56
4 6 -1 13 17 19 20
35 15 -1 0 8 13 53
4 6 -1 13 17 19 20
37 17 -1 0 7 11 51
4 6 -1 13 17 19 20
39 19 -1 0 5 8 48
4 6 -1 13 17 19 20
41 21 -1 0 3 5 45
4 6 -1 13 17 19 20
43 23 -1 0 2 3 43
4 6 -1 13 17 19 20
45 25 -1 0 0 0 40
4 6 -1 13 16 18 20
47 27 -1 0 58 57 37
4 6 -1 13 16 18 20
49 29 -1 0 56 55 35
4 6 -1 13 16 18 20
50 30 -1 0 54 52 32
4 6 -1 13 16 18 20
52 32 -1 0 52 49 29
4 6 -1 13 16 18 20
54 34 -1 0 51 47 27
4 6 -1 13 16 18 20
56 36 -1 0 49 44 24
4 6 -1 13 16 18 20
58 38 -1 0 47 41 21
5 6 -1 13 16 18 20
0 40 -1 0 46 39 19
5 6 -1 13 16 18 20
2 42 -1 0 44 36 16
5 6 -1 13 16 18 20
4 44 -1 0 42 34 14
5 6 -1 13 16 18 20
6 46 -1 0 40 31 11
5 6 -1 13 16 18 20
8 48 -1 0 38 28 8
5 6 -1 13 16 18 20
10 50 -1 0 37 26 6
30






























1
По всем вопросам касающимся приложения обращайтесь по WhatsApp +79952867503
1
09.2026

      
	
