1
For advertising or questions send us e-mail kogdanamaz@gmail.com 
30
4 5 -1 11 14 17 18
23 33 -1 42 45 50 57
4 5 -1 11 14 17 18
23 33 -1 42 45 50 56
4 5 -1 11 14 17 18
23 32 -1 41 45 49 55
4 5 -1 11 14 17 18
23 32 -1 41 46 49 55
4 5 -1 11 14 17 18
23 32 -1 41 46 48 54
4 5 -1 11 14 17 18
23 32 -1 40 46 47 53
4 5 -1 11 14 17 18
23 32 -1 40 46 47 53
4 5 -1 11 14 17 18
23 32 -1 40 47 46 52
4 5 -1 11 14 17 18
23 32 -1 39 47 46 52
4 5 -1 11 14 17 18
23 32 -1 39 47 45 51
4 5 -1 11 14 17 18
23 32 -1 39 47 45 50
4 5 -1 11 14 17 18
23 31 -1 38 47 44 50
4 5 -1 11 14 17 18
23 31 -1 38 48 43 49
4 5 -1 11 14 17 18
23 31 -1 38 48 43 48
4 5 -1 11 14 17 18
23 31 -1 37 48 42 48
4 5 -1 11 14 17 18
22 31 -1 37 48 42 47
4 5 -1 11 14 17 18
22 31 -1 36 48 41 47
4 5 -1 11 14 17 18
22 31 -1 36 48 40 46
4 5 -1 11 14 17 18
22 31 -1 36 48 40 45
4 5 -1 11 14 17 18
22 30 -1 35 48 39 45
4 5 -1 11 14 17 18
22 30 -1 35 48 39 44
4 5 -1 11 14 17 18
22 30 -1 35 48 38 44
4 5 -1 11 14 17 18
22 30 -1 34 48 37 43
4 5 -1 11 14 17 18
22 30 -1 34 48 37 42
4 5 -1 11 14 17 18
21 30 -1 34 48 36 42
4 5 -1 11 14 17 18
21 30 -1 33 48 36 41
4 5 -1 11 14 17 18
21 30 -1 33 48 35 41
4 5 -1 11 14 17 18
21 30 -1 33 48 35 40
4 5 -1 11 14 17 18
21 29 -1 32 48 34 39
4 5 -1 11 14 17 18
21 29 -1 32 48 33 39
30






























1
По всем вопросам касающимся приложения обращайтесь по WhatsApp +79952867503
1
09.2026

      
	
