1
For advertising or questions send us e-mail kogdanamaz@gmail.com 
30
4 5 -1 11 14 17 18
19 28 -1 37 39 44 50
4 5 -1 11 14 17 18
19 28 -1 36 38 44 50
4 5 -1 11 14 17 18
19 28 -1 36 38 43 49
4 5 -1 11 14 17 18
18 27 -1 36 38 43 49
4 5 -1 11 14 17 18
18 27 -1 35 38 42 48
4 5 -1 11 14 17 18
18 27 -1 35 39 42 47
4 5 -1 11 14 17 18
18 27 -1 35 39 41 47
4 5 -1 11 14 17 18
18 27 -1 34 39 40 46
4 5 -1 11 14 17 18
18 27 -1 34 40 40 46
4 5 -1 11 14 17 18
18 27 -1 34 40 39 45
4 5 -1 11 14 17 18
18 26 -1 33 40 39 44
4 5 -1 11 14 17 18
18 26 -1 33 40 38 44
4 5 -1 11 14 17 18
18 26 -1 32 40 38 43
4 5 -1 11 14 17 18
18 26 -1 32 41 37 43
4 5 -1 11 14 17 18
17 26 -1 32 41 37 42
4 5 -1 11 14 17 18
17 26 -1 31 41 36 41
4 5 -1 11 14 17 18
17 26 -1 31 41 35 41
4 5 -1 11 14 17 18
17 25 -1 31 41 35 40
4 5 -1 11 14 17 18
17 25 -1 30 41 34 40
4 5 -1 11 14 17 18
17 25 -1 30 41 34 39
4 5 -1 11 14 17 18
17 25 -1 30 41 33 38
4 5 -1 11 14 17 18
17 25 -1 29 42 33 38
4 5 -1 11 14 17 18
16 25 -1 29 42 32 37
4 5 -1 11 14 17 18
16 25 -1 29 42 32 37
4 5 -1 11 14 17 18
16 24 -1 28 42 31 36
4 5 -1 11 14 17 18
16 24 -1 28 42 30 36
4 5 -1 11 14 17 18
16 24 -1 28 42 30 35
4 5 -1 11 14 17 18
16 24 -1 27 42 29 35
4 5 -1 11 14 17 18
16 24 -1 27 42 29 34
4 5 -1 11 14 17 18
15 24 -1 27 42 28 34
30






























1
По всем вопросам касающимся приложения обращайтесь по WhatsApp +79952867503
1
09.2026

      
	
