1
For advertising or questions send us e-mail kogdanamaz@gmail.com 
31
4 5 -1 11 14 17 18
31 39 -1 42 57 44 49
4 5 -1 11 14 17 18
31 39 -1 42 57 43 48
4 5 -1 11 14 17 18
31 39 -1 41 57 43 48
4 5 -1 11 14 17 18
31 39 -1 41 57 42 47
4 5 -1 11 14 17 18
30 39 -1 41 57 42 47
4 5 -1 11 14 17 18
30 39 -1 40 57 41 47
4 5 -1 11 14 17 18
30 38 -1 40 57 41 46
4 5 -1 11 14 17 18
30 38 -1 40 57 40 46
4 5 -1 11 14 17 18
30 38 -1 40 57 40 45
4 5 -1 11 14 17 18
30 38 -1 39 57 39 45
4 5 -1 11 14 17 18
30 38 -1 39 57 39 44
4 5 -1 11 14 17 18
29 38 -1 39 57 38 44
4 5 -1 11 14 17 18
29 38 -1 39 57 38 44
4 5 -1 11 14 17 18
29 38 -1 38 57 38 43
4 5 -1 11 14 17 18
29 38 -1 38 57 37 43
4 5 -1 11 14 17 18
29 38 -1 38 57 37 43
4 5 -1 11 14 17 18
29 38 -1 38 57 36 42
4 5 -1 11 14 17 18
29 38 -1 37 57 36 42
4 5 -1 11 14 17 18
29 38 -1 37 57 36 42
4 5 -1 11 14 17 18
29 38 -1 37 57 35 41
4 5 -1 11 14 17 18
29 38 -1 37 57 35 41
4 5 -1 11 14 17 18
29 38 -1 37 57 35 41
4 5 -1 11 14 17 18
28 38 -1 37 57 34 41
4 5 -1 11 14 17 18
28 38 -1 36 57 34 40
4 5 -1 11 14 17 18
28 38 -1 36 57 34 40
4 5 -1 11 14 17 18
28 38 -1 36 57 33 40
4 5 -1 11 14 17 18
28 38 -1 36 57 33 40
4 5 -1 11 14 17 18
28 38 -1 36 57 33 40
4 5 -1 11 14 17 18
28 38 -1 36 57 33 39
4 5 -1 11 14 17 18
28 38 -1 36 57 32 39
4 5 -1 11 14 17 18
28 38 -1 36 57 32 39
31































1
По всем вопросам касающимся приложения обращайтесь по WhatsApp +79952867503
1
10.2026

      
	
