1
For advertising or questions send us e-mail kogdanamaz@gmail.com 
30
4 5 -1 11 14 17 19
25 35 -1 45 52 54 1
4 5 -1 11 14 17 19
25 35 -1 45 52 54 0
4 5 -1 11 14 17 19
25 35 -1 44 52 53 0
4 5 -1 11 14 17 18
25 34 -1 44 52 53 59
4 5 -1 11 14 17 18
25 34 -1 44 53 52 58
4 5 -1 11 14 17 18
25 34 -1 43 53 51 58
4 5 -1 11 14 17 18
25 34 -1 43 53 51 57
4 5 -1 11 14 17 18
25 34 -1 43 53 50 56
4 5 -1 11 14 17 18
25 34 -1 42 53 49 56
4 5 -1 11 14 17 18
25 34 -1 42 53 49 55
4 5 -1 11 14 17 18
25 34 -1 42 53 48 54
4 5 -1 11 14 17 18
25 34 -1 41 53 48 54
4 5 -1 11 14 17 18
25 34 -1 41 53 47 53
4 5 -1 11 14 17 18
25 34 -1 41 53 46 52
4 5 -1 11 14 17 18
25 34 -1 40 54 46 52
4 5 -1 11 14 17 18
25 34 -1 40 54 45 51
4 5 -1 11 14 17 18
25 34 -1 40 54 44 50
4 5 -1 11 14 17 18
25 33 -1 39 54 44 50
4 5 -1 11 14 17 18
25 33 -1 39 54 43 49
4 5 -1 11 14 17 18
25 33 -1 38 54 42 48
4 5 -1 11 14 17 18
25 33 -1 38 54 42 48
4 5 -1 11 14 17 18
24 33 -1 38 54 41 47
4 5 -1 11 14 17 18
24 33 -1 37 53 41 46
4 5 -1 11 14 17 18
24 33 -1 37 53 40 46
4 5 -1 11 14 17 18
24 33 -1 37 53 39 45
4 5 -1 11 14 17 18
24 33 -1 36 53 39 44
4 5 -1 11 14 17 18
24 33 -1 36 53 38 44
4 5 -1 11 14 17 18
24 33 -1 36 53 37 43
4 5 -1 11 14 17 18
24 33 -1 35 53 37 43
4 5 -1 11 14 17 18
24 33 -1 35 53 36 42
30






























1
По всем вопросам касающимся приложения обращайтесь по WhatsApp +79952867503
1
09.2026

      
	
