1
For advertising or questions send us e-mail kogdanamaz@gmail.com 
30
3 5 -1 12 16 19 20
53 46 -1 30 12 12 58
3 5 -1 12 16 19 20
55 47 -1 29 11 9 56
3 5 -1 12 16 19 20
57 49 -1 29 10 7 53
3 5 -1 12 16 19 20
59 50 -1 29 8 5 51
4 5 -1 12 16 19 20
1 51 -1 28 7 3 48
4 5 -1 12 16 19 20
3 53 -1 28 6 1 46
4 5 -1 12 16 18 20
5 54 -1 28 4 59 43
4 5 -1 12 16 18 20
7 56 -1 27 3 57 41
4 5 -1 12 16 18 20
9 57 -1 27 2 55 38
4 5 -1 12 16 18 20
10 58 -1 27 0 53 36
4 6 -1 12 15 18 20
12 0 -1 26 59 51 33
4 6 -1 12 15 18 20
14 1 -1 26 57 49 31
4 6 -1 12 15 18 20
16 3 -1 26 56 47 28
4 6 -1 12 15 18 20
18 4 -1 25 55 45 26
4 6 -1 12 15 18 20
19 5 -1 25 53 42 24
4 6 -1 12 15 18 20
21 7 -1 24 52 40 21
4 6 -1 12 15 18 20
21 7 -1 24 52 40 21
4 6 -1 12 15 18 20
24 10 -1 24 49 36 16
4 6 -1 12 15 18 20
26 11 -1 23 47 34 14
4 6 -1 12 15 18 20
28 12 -1 23 46 32 12
4 6 -1 12 15 18 20
29 14 -1 23 44 30 9
4 6 -1 12 15 18 20
31 15 -1 22 43 28 7
4 6 -1 12 15 18 20
33 17 -1 22 41 26 5
4 6 -1 12 15 18 20
34 18 -1 22 40 23 2
4 6 -1 12 15 18 20
36 19 -1 21 38 21 0
4 6 -1 12 15 18 19
38 21 -1 21 37 19 58
4 6 -1 12 15 18 19
39 22 -1 21 35 17 56
4 6 -1 12 15 18 19
41 24 -1 20 34 15 53
4 6 -1 12 15 18 19
42 25 -1 20 32 13 51
4 6 -1 12 15 18 19
44 26 -1 20 30 11 49
30






























1
По всем вопросам касающимся приложения обращайтесь по WhatsApp +79952867503
1
09.2026

      
	
