1
For advertising or questions send us e-mail kogdanamaz@gmail.com 
30
3 5 -1 11 15 18 19
39 13 -1 56 35 31 49
3 5 -1 11 15 18 19
40 14 -1 56 34 29 47
3 5 -1 11 15 18 19
42 15 -1 55 33 28 45
3 5 -1 11 15 18 19
43 16 -1 54 32 26 43
3 5 -1 11 15 18 19
44 18 -1 54 31 24 41
3 5 -1 11 15 18 19
46 19 -1 54 30 23 39
3 5 -1 11 15 18 19
47 20 -1 54 29 21 37
3 5 -1 11 15 18 19
48 21 -1 54 28 19 35
3 5 -1 11 15 18 19
50 22 -1 53 27 17 33
3 5 -1 11 15 18 19
51 23 -1 53 26 15 31
3 5 -1 11 15 18 19
52 24 -1 53 24 14 29
3 5 -1 11 15 18 19
54 25 -1 52 23 12 27
3 5 -1 11 15 18 19
55 26 -1 52 22 10 25
3 5 -1 11 15 18 19
56 27 -1 52 21 8 23
3 5 -1 11 15 18 19
58 28 -1 51 20 7 21
3 5 -1 11 15 18 19
59 29 -1 51 19 5 19
4 5 -1 11 15 18 19
0 30 -1 51 17 3 17
4 5 -1 11 15 18 19
2 32 -1 50 16 1 15
4 5 -1 11 15 17 19
3 33 -1 50 15 59 14
4 5 -1 11 15 17 19
4 34 -1 50 14 58 12
4 5 -1 11 15 17 19
5 35 -1 49 13 56 10
4 5 -1 11 15 17 19
7 36 -1 49 11 54 8
4 5 -1 11 15 17 19
8 37 -1 48 10 52 6
4 5 -1 11 15 17 19
9 38 -1 48 9 50 4
4 5 -1 11 15 17 19
10 39 -1 48 8 49 2
4 5 -1 11 15 17 19
11 40 -1 47 6 47 0
4 5 -1 11 15 17 18
13 41 -1 47 5 45 58
4 5 -1 11 15 17 18
14 42 -1 47 4 43 57
4 5 -1 11 15 17 18
15 44 -1 46 3 42 55
4 5 -1 11 15 17 18
16 45 -1 46 1 40 53
30






























1
По всем вопросам касающимся приложения обращайтесь по WhatsApp +79952867503
1
09.2026

      
	
