1
For advertising or questions send us e-mail kogdanamaz@gmail.com 
30
4 5 -1 13 16 20 21
8 55 -1 9 33 4 44
4 5 -1 13 16 20 21
10 57 -1 9 32 1 41
4 5 -1 13 16 19 21
13 59 -1 9 30 58 38
4 6 -1 13 16 19 21
15 2 -1 8 28 55 35
4 6 -1 13 16 19 21
18 4 -1 8 27 52 32
4 6 -1 13 16 19 21
20 6 -1 8 25 49 29
4 6 -1 13 16 19 21
22 9 -1 7 23 46 26
4 6 -1 13 16 19 21
25 11 -1 7 21 43 23
4 6 -1 13 16 19 21
27 13 -1 6 19 40 20
4 6 -1 13 16 19 21
30 16 -1 6 17 37 17
4 6 -1 13 16 19 21
33 18 -1 6 15 34 14
4 6 -1 13 16 19 21
35 20 -1 5 13 31 11
4 6 -1 13 16 19 21
37 23 -1 5 11 27 8
4 6 -1 13 16 19 21
39 25 -1 5 10 25 5
4 6 -1 13 16 19 21
41 27 -1 4 9 22 2
4 6 -1 13 16 19 20
43 30 -1 4 7 19 59
4 6 -1 13 16 19 20
45 32 -1 4 6 15 57
4 6 -1 13 16 19 20
47 34 -1 3 4 12 54
4 6 -1 13 16 19 20
49 37 -1 3 2 9 51
4 6 -1 13 16 19 20
51 39 -1 3 1 6 48
4 6 -1 13 15 19 20
53 41 -1 2 59 3 45
4 6 -1 13 15 19 20
55 44 -1 2 57 0 42
4 6 -1 13 15 18 20
57 47 -1 2 55 57 39
5 6 -1 13 15 18 20
0 49 -1 1 53 54 36
5 6 -1 13 15 18 20
2 51 -1 1 52 51 33
5 6 -1 13 15 18 20
4 53 -1 0 50 48 30
5 6 -1 13 15 18 20
6 55 -1 0 48 45 28
5 6 -1 13 15 18 20
8 58 -1 0 47 42 25
5 7 -1 12 15 18 20
10 1 -1 59 45 39 22
5 7 -1 12 15 18 20
12 3 -1 59 43 36 19
30






























1
По всем вопросам касающимся приложения обращайтесь по WhatsApp +79952867503
1
09.2026

      
	
