1
For advertising or questions send us e-mail kogdanamaz@gmail.com 
31
4 6 -1 11 15 17 19
32 2 -1 53 53 43 13
4 6 -1 11 15 17 19
33 3 -1 52 51 41 11
4 6 -1 11 15 17 19
34 4 -1 52 49 39 9
4 6 -1 11 15 17 19
36 6 -1 52 48 37 7
4 6 -1 11 15 17 19
37 7 -1 51 46 35 5
4 6 -1 11 15 17 19
38 8 -1 51 44 33 3
4 6 -1 11 15 17 19
40 10 -1 51 43 31 1
4 6 -1 11 15 17 18
41 11 -1 50 41 29 59
4 6 -1 11 15 17 18
42 12 -1 50 39 27 57
4 6 -1 11 15 17 18
44 14 -1 50 38 25 55
4 6 -1 11 15 17 18
45 15 -1 50 36 24 54
4 6 -1 11 15 17 18
46 16 -1 49 34 22 52
4 6 -1 11 15 17 18
48 18 -1 49 33 20 50
4 6 -1 11 15 17 18
49 19 -1 49 31 18 48
4 6 -1 11 15 17 18
50 20 -1 49 29 16 46
4 6 -1 11 15 17 18
52 22 -1 48 28 14 44
4 6 -1 11 15 17 18
53 23 -1 48 26 13 43
4 6 -1 11 15 17 18
55 25 -1 48 24 11 41
4 6 -1 11 15 17 18
56 26 -1 48 23 9 39
4 6 -1 11 15 17 18
57 27 -1 48 21 7 37
4 6 -1 11 15 17 18
59 29 -1 48 19 6 36
5 6 -1 11 15 17 18
0 30 -1 47 18 4 34
5 6 -1 11 15 17 18
2 32 -1 47 16 2 32
5 6 -1 11 15 17 18
3 33 -1 47 15 1 31
5 6 -1 11 15 16 18
4 34 -1 47 13 59 29
5 6 -1 11 15 16 18
6 36 -1 47 12 57 27
5 6 -1 11 15 16 18
7 37 -1 47 10 56 26
5 6 -1 11 15 16 18
9 39 -1 47 9 54 24
5 6 -1 11 15 16 18
10 40 -1 47 7 53 23
5 6 -1 11 15 16 18
12 42 -1 47 6 51 21
5 6 -1 11 15 16 18
13 43 -1 47 4 50 20
31































1
По всем вопросам касающимся приложения обращайтесь по WhatsApp +79952867503
1
10.2026

      
	
