1
For advertising or questions send us e-mail kogdanamaz@gmail.com 
30
3 5 -1 11 15 18 19
30 11 -1 51 33 26 56
3 5 -1 11 15 18 19
31 12 -1 51 32 24 54
3 5 -1 11 15 18 19
33 13 -1 50 31 23 53
3 5 -1 11 15 18 19
34 14 -1 50 30 21 51
3 5 -1 11 15 18 19
35 15 -1 50 29 19 49
3 5 -1 11 15 18 19
37 17 -1 49 28 17 47
3 5 -1 11 15 18 19
38 18 -1 49 27 16 46
3 5 -1 11 15 18 19
40 19 -1 49 26 14 44
3 5 -1 11 15 18 19
41 20 -1 48 25 12 42
3 5 -1 11 15 18 19
42 21 -1 48 23 10 40
3 5 -1 11 15 18 19
44 22 -1 48 22 9 39
3 5 -1 11 15 18 19
45 23 -1 47 21 7 37
3 5 -1 11 15 18 19
46 24 -1 47 20 5 35
3 5 -1 11 15 18 19
48 25 -1 47 19 3 33
3 5 -1 11 15 18 19
49 26 -1 46 18 1 31
3 5 -1 11 15 18 19
50 27 -1 46 17 0 30
3 5 -1 11 15 17 19
52 28 -1 45 15 58 28
3 5 -1 11 15 17 19
53 29 -1 45 14 56 26
3 5 -1 11 15 17 19
54 31 -1 45 13 54 24
3 5 -1 11 15 17 19
55 32 -1 44 12 53 23
3 5 -1 11 15 17 19
57 33 -1 44 10 51 21
3 5 -1 11 15 17 19
58 34 -1 44 9 49 19
3 5 -1 11 15 17 19
59 35 -1 43 8 47 17
4 5 -1 11 15 17 19
0 36 -1 43 7 45 15
4 5 -1 11 15 17 19
2 37 -1 43 5 44 14
4 5 -1 11 15 17 19
3 38 -1 42 4 42 12
4 5 -1 11 15 17 19
4 39 -1 42 3 40 10
4 5 -1 11 15 17 19
5 40 -1 42 2 38 8
4 5 -1 11 15 17 19
7 42 -1 41 0 36 6
4 5 -1 11 14 17 19
8 43 -1 41 59 35 5
30






























1
По всем вопросам касающимся приложения обращайтесь по WhatsApp +79952867503
1
09.2026

      
	
