1
For advertising or questions send us e-mail kogdanamaz@gmail.com 
31
3 6 -1 11 14 17 19
19 2 -1 44 22 23 58
3 6 -1 11 14 17 19
22 5 -1 43 19 20 54
3 6 -1 11 14 17 19
26 8 -1 43 17 16 50
3 6 -1 11 14 17 19
29 11 -1 43 14 12 46
3 6 -1 11 14 17 19
33 14 -1 42 12 9 42
3 6 -1 11 14 17 19
36 17 -1 42 9 5 38
3 6 -1 11 14 17 19
40 20 -1 42 7 2 34
3 6 -1 11 14 16 19
43 23 -1 42 4 58 30
3 6 -1 11 14 16 19
46 26 -1 41 1 55 27
3 6 -1 11 13 16 19
49 29 -1 41 59 51 23
3 6 -1 11 13 16 19
53 32 -1 41 56 48 19
3 6 -1 11 13 16 19
56 35 -1 41 54 44 16
3 6 -1 11 13 16 19
56 35 -1 41 54 44 16
4 6 -1 11 13 16 19
2 41 -1 40 49 37 8
4 6 -1 11 13 16 19
5 44 -1 40 46 34 5
4 6 -1 11 13 16 19
8 47 -1 40 43 30 2
4 6 -1 11 13 16 18
11 50 -1 39 41 27 58
4 6 -1 11 13 16 18
14 53 -1 39 38 23 55
4 6 -1 11 13 16 18
17 56 -1 39 36 20 52
4 6 -1 11 13 16 18
20 59 -1 39 33 16 48
4 7 -1 11 13 16 18
23 2 -1 39 31 13 45
4 7 -1 11 13 16 18
26 6 -1 39 28 9 42
4 7 -1 11 13 16 18
28 9 -1 38 26 6 39
4 7 -1 11 13 16 18
31 12 -1 38 23 2 36
4 7 -1 11 13 15 18
34 15 -1 38 21 59 33
4 7 -1 11 13 15 18
37 18 -1 38 19 56 30
4 7 -1 11 13 15 18
40 22 -1 38 16 52 27
4 7 -1 11 13 15 18
40 22 -1 38 16 52 27
4 7 -1 11 13 15 18
45 28 -1 38 11 45 21
4 7 -1 11 13 15 18
48 31 -1 38 9 42 18
4 7 -1 11 13 15 18
50 34 -1 38 7 39 16
31































1
По всем вопросам касающимся приложения обращайтесь по WhatsApp +79952867503
1
10.2026

      
	
