1
For advertising or questions send us e-mail kogdanamaz@gmail.com 
30
2 4 -1 12 16 18 20
12 40 -1 0 15 30 26
2 4 -1 12 16 18 20
16 42 -1 0 13 28 23
2 4 -1 12 16 18 20
19 44 -1 0 11 25 19
2 4 -1 12 16 18 20
22 46 -1 0 9 22 16
2 4 -1 12 16 18 20
25 48 -1 0 7 20 13
2 4 -1 12 16 18 20
28 50 -1 0 5 17 9
2 4 -1 12 16 18 20
31 52 -1 0 3 14 6
2 4 -1 12 16 18 20
34 54 -1 0 1 12 3
2 4 -1 12 15 18 19
37 56 -1 0 59 9 59
2 4 -1 12 15 18 19
40 58 -1 0 57 6 56
2 5 -1 12 15 18 19
43 0 -1 0 55 4 53
2 5 -1 12 15 18 19
46 2 -1 0 52 1 50
2 5 -1 12 15 17 19
49 4 -1 0 50 59 47
2 5 -1 12 15 17 19
52 6 -1 0 48 56 43
2 5 -1 12 15 17 19
54 8 -1 0 46 53 40
2 5 -1 12 15 17 19
57 10 -1 0 44 51 37
3 5 -1 12 15 17 19
0 12 -1 0 41 48 34
3 5 -1 12 15 17 19
2 14 -1 0 39 45 31
3 5 -1 12 15 17 19
5 15 -1 0 37 42 28
3 5 -1 12 15 17 19
7 17 -1 0 35 40 25
3 5 -1 12 15 17 19
10 19 -1 0 32 37 22
3 5 -1 12 15 17 19
12 21 -1 0 30 34 19
3 5 -1 12 15 17 19
15 23 -1 0 28 32 16
3 5 -1 12 15 17 19
17 25 -1 0 26 29 13
3 5 -1 12 15 17 19
19 27 -1 0 23 26 10
3 5 -1 12 15 17 19
22 29 -1 0 21 24 7
3 5 -1 12 15 17 19
24 31 -1 0 19 21 4
3 5 -1 12 15 17 19
27 33 -1 0 17 18 2
3 5 -1 12 15 17 18
29 35 -1 0 14 16 59
3 5 -1 12 15 17 18
31 37 -1 0 12 13 56
30






























1
По всем вопросам касающимся приложения обращайтесь по WhatsApp +79952867503
1
09.2026

      
	
