1
For advertising or questions send us e-mail kogdanamaz@gmail.com 
30
2 4 -1 12 16 18 20
32 53 -1 15 26 38 29
2 4 -1 12 16 18 20
35 55 -1 15 24 36 26
2 4 -1 12 16 18 20
38 57 -1 15 22 33 23
2 4 -1 12 16 18 20
41 59 -1 15 20 31 20
2 5 -1 12 16 18 20
44 0 -1 15 18 28 17
2 5 -1 12 16 18 20
47 2 -1 15 16 26 13
2 5 -1 12 16 18 20
50 4 -1 15 14 23 10
2 5 -1 12 16 18 20
52 6 -1 15 12 21 7
2 5 -1 12 16 18 20
55 8 -1 15 10 18 4
2 5 -1 12 16 18 20
58 10 -1 15 8 15 1
3 5 -1 12 16 18 19
0 12 -1 15 6 13 58
3 5 -1 12 16 18 19
3 13 -1 15 4 10 55
3 5 -1 12 16 18 19
6 15 -1 15 2 8 52
3 5 -1 12 15 18 19
8 17 -1 15 59 5 49
3 5 -1 12 15 18 19
11 19 -1 15 57 3 46
3 5 -1 12 15 18 19
13 21 -1 15 55 0 43
3 5 -1 12 15 17 19
16 23 -1 15 53 58 40
3 5 -1 12 15 17 19
18 25 -1 15 51 55 37
3 5 -1 12 15 17 19
20 26 -1 15 49 52 34
3 5 -1 12 15 17 19
23 28 -1 15 47 50 31
3 5 -1 12 15 17 19
25 30 -1 15 44 47 29
3 5 -1 12 15 17 19
27 32 -1 15 42 45 26
3 5 -1 12 15 17 19
30 34 -1 15 40 42 23
3 5 -1 12 15 17 19
32 36 -1 15 38 40 20
3 5 -1 12 15 17 19
34 38 -1 15 36 37 17
3 5 -1 12 15 17 19
36 40 -1 15 34 34 15
3 5 -1 12 15 17 19
39 41 -1 15 31 32 12
3 5 -1 12 15 17 19
41 43 -1 15 29 29 9
3 5 -1 12 15 17 19
43 45 -1 15 27 27 6
3 5 -1 12 15 17 19
45 47 -1 15 25 24 4
30






























1
По всем вопросам касающимся приложения обращайтесь по WhatsApp +79952867503
1
09.2026

      
	
