1
For advertising or questions send us e-mail kogdanamaz@gmail.com 
30
2 4 -1 10 14 17 19
17 1 -1 45 28 25 3
2 4 -1 10 14 17 19
19 2 -1 45 27 23 1
2 4 -1 10 14 17 18
20 3 -1 45 26 21 58
2 4 -1 10 14 17 18
22 4 -1 44 25 20 56
2 4 -1 10 14 17 18
24 6 -1 44 23 18 54
2 4 -1 10 14 17 18
25 7 -1 44 22 16 52
2 4 -1 10 14 17 18
27 8 -1 43 21 14 50
2 4 -1 10 14 17 18
28 9 -1 43 20 12 47
2 4 -1 10 14 17 18
30 10 -1 43 19 10 45
2 4 -1 10 14 17 18
31 12 -1 42 18 8 43
2 4 -1 10 14 17 18
33 13 -1 42 16 6 41
2 4 -1 10 14 17 18
34 14 -1 42 15 5 39
2 4 -1 10 14 17 18
36 15 -1 41 14 3 37
2 4 -1 10 14 17 18
37 16 -1 41 13 1 34
2 4 -1 10 14 16 18
39 18 -1 41 11 59 32
2 4 -1 10 14 16 18
40 19 -1 40 10 57 30
2 4 -1 10 14 16 18
42 20 -1 40 9 55 28
2 4 -1 10 14 16 18
43 21 -1 39 7 53 26
2 4 -1 10 14 16 18
44 22 -1 39 6 51 24
2 4 -1 10 14 16 18
46 24 -1 39 5 49 22
2 4 -1 10 14 16 18
47 25 -1 38 3 47 20
2 4 -1 10 14 16 18
49 26 -1 38 2 45 18
2 4 -1 10 14 16 18
50 27 -1 38 1 44 15
2 4 -1 10 13 16 18
51 28 -1 37 59 42 13
2 4 -1 10 13 16 18
53 30 -1 37 58 40 11
2 4 -1 10 13 16 18
54 31 -1 37 57 38 9
2 4 -1 10 13 16 18
56 32 -1 36 55 36 7
2 4 -1 10 13 16 18
57 33 -1 36 54 34 5
2 4 -1 10 13 16 18
58 34 -1 36 53 32 3
3 4 -1 10 13 16 18
0 36 -1 35 51 30 1
30






























1
По всем вопросам касающимся приложения обращайтесь по WhatsApp +79952867503
1
09.2026

      
	
