1
For advertising or questions send us e-mail kogdanamaz@gmail.com 
31
3 7 -1 12 15 18 20
46 14 -1 57 21 48 18
3 7 -1 12 15 18 20
52 22 -1 56 18 44 14
3 7 -1 12 15 18 20
57 34 -1 56 15 40 10
4 7 -1 12 15 18 20
2 18 -1 56 12 35 5
4 7 -1 12 15 18 20
7 30 -1 55 9 30 0
4 7 -1 12 15 18 19
22 26 -1 55 6 26 56
4 7 -1 12 15 18 19
12 36 -1 55 3 22 52
4 7 -1 12 15 18 19
27 41 -1 54 0 18 48
4 7 -1 12 14 18 19
17 45 -1 54 57 13 43
4 7 -1 12 14 18 19
31 48 -1 54 53 9 39
4 7 -1 12 14 18 19
36 52 -1 54 50 4 34
4 7 -1 12 14 18 19
40 56 -1 53 47 0 30
4 8 -1 12 14 17 19
45 0 -1 53 44 55 25
4 8 -1 12 14 17 19
49 5 -1 53 41 51 21
4 8 -1 12 14 17 19
53 9 -1 53 38 46 16
4 8 -1 12 14 17 19
57 12 -1 52 35 42 12
5 8 -1 12 14 17 19
2 16 -1 52 32 37 7
5 8 -1 12 14 17 19
6 20 -1 52 29 33 3
5 8 -1 12 14 17 18
10 24 -1 52 26 29 59
5 8 -1 12 14 17 18
13 28 -1 51 23 25 55
5 8 -1 12 14 17 18
17 32 -1 51 20 20 50
5 8 -1 12 14 17 18
21 37 -1 51 17 16 46
5 8 -1 12 14 17 18
25 41 -1 51 14 11 41
5 8 -1 12 14 17 18
29 45 -1 51 11 6 36
5 8 -1 12 14 17 18
32 49 -1 51 8 2 32
5 8 -1 12 14 16 18
36 53 -1 51 5 58 28
5 8 -1 12 14 16 18
40 58 -1 51 2 54 24
5 9 -1 12 13 16 18
43 3 -1 50 59 49 19
5 9 -1 12 13 16 18
47 8 -1 50 56 44 14
5 9 -1 12 13 16 18
50 13 -1 50 54 39 9
5 9 -1 12 13 16 18
54 17 -1 50 51 35 5
31































1
По всем вопросам касающимся приложения обращайтесь по WhatsApp +79952867503
1
10.2026

      
	
