1
For advertising or questions send us e-mail kogdanamaz@gmail.com 
30
3 4 -1 12 17 19 21
15 45 -1 20 45 15 17
3 4 -1 12 17 19 21
18 48 -1 20 42 12 15
3 4 -1 12 17 19 21
21 51 -1 20 39 9 13
3 4 -1 12 17 19 21
23 53 -1 20 35 5 10
3 4 -1 12 17 19 21
26 56 -1 20 32 2 8
3 4 -1 12 17 18 21
29 59 -1 20 29 59 6
3 5 -1 12 17 18 21
32 2 -1 20 25 55 3
3 5 -1 12 17 18 21
34 4 -1 20 22 52 1
3 5 -1 12 17 18 20
37 7 -1 20 18 48 58
3 5 -1 12 17 18 20
40 10 -1 20 15 45 55
3 5 -1 12 17 18 20
43 13 -1 20 11 41 51
3 5 -1 12 17 18 20
45 15 -1 20 8 38 48
3 5 -1 12 17 18 20
48 18 -1 20 5 35 45
3 5 -1 12 17 18 20
51 21 -1 20 1 31 41
3 5 -1 12 16 18 20
54 24 -1 20 58 28 38
3 5 -1 12 16 18 20
56 26 -1 20 54 24 34
3 5 -1 12 16 18 20
59 29 -1 20 50 20 30
4 5 -1 12 16 18 20
1 31 -1 20 47 17 27
4 5 -1 12 16 18 20
4 34 -1 20 44 14 24
4 5 -1 12 16 18 20
7 37 -1 20 40 10 20
4 5 -1 12 16 18 20
10 40 -1 20 37 7 17
4 5 -1 12 16 18 20
12 42 -1 20 33 3 13
4 5 -1 12 16 18 20
15 45 -1 20 30 0 10
4 5 -1 12 16 17 20
18 48 -1 20 27 57 7
4 5 -1 12 16 17 20
21 51 -1 20 23 53 3
4 5 -1 12 16 17 20
23 53 -1 20 20 50 0
4 5 -1 12 16 17 19
26 56 -1 20 16 46 56
4 5 -1 12 16 17 19
29 59 -1 20 13 43 53
4 6 -1 12 16 17 19
32 2 -1 20 10 40 50
4 6 -1 12 16 17 19
34 4 -1 20 6 36 46
30






























1
По всем вопросам касающимся приложения обращайтесь по WhatsApp +79952867503
1
09.2026

      
	
