1
For advertising or questions send us e-mail kogdanamaz@gmail.com 
30
4 5 -1 11 15 18 19
23 37 -1 54 18 10 21
4 5 -1 11 15 18 19
23 37 -1 54 18 10 21
4 5 -1 11 15 18 19
23 37 -1 53 18 8 19
4 5 -1 11 15 18 19
24 37 -1 53 17 7 18
4 5 -1 11 15 18 19
24 38 -1 53 17 6 17
4 5 -1 11 15 18 19
24 38 -1 52 17 5 16
4 5 -1 11 15 18 19
25 38 -1 52 16 4 15
4 5 -1 11 15 18 19
25 38 -1 51 16 3 14
4 5 -1 11 15 18 19
25 38 -1 51 16 3 13
4 5 -1 11 15 18 19
26 39 -1 51 16 2 12
4 5 -1 11 15 18 19
26 39 -1 50 15 1 11
4 5 -1 11 15 18 19
26 39 -1 50 15 0 10
4 5 -1 11 15 17 19
27 39 -1 50 15 59 9
4 5 -1 11 15 17 19
27 40 -1 49 14 58 8
4 5 -1 11 15 17 19
27 40 -1 49 14 57 7
4 5 -1 11 15 17 19
27 40 -1 49 14 57 7
4 5 -1 11 15 17 19
27 40 -1 49 13 56 6
4 5 -1 11 15 17 19
28 41 -1 48 13 54 4
4 5 -1 11 15 17 19
28 41 -1 48 12 53 3
4 5 -1 11 15 17 19
29 41 -1 47 12 52 2
4 5 -1 11 15 17 19
29 41 -1 47 11 51 1
4 5 -1 11 15 17 19
29 42 -1 47 11 50 0
4 5 -1 11 15 17 18
29 42 -1 46 11 49 59
4 5 -1 11 15 17 18
30 42 -1 46 10 48 58
4 5 -1 11 15 17 18
30 42 -1 45 10 47 57
4 5 -1 11 15 17 18
30 43 -1 45 9 46 56
4 5 -1 11 15 17 18
31 43 -1 45 9 46 55
4 5 -1 11 15 17 18
31 43 -1 44 8 45 54
4 5 -1 11 15 17 18
31 43 -1 44 8 44 53
4 5 -1 11 15 17 18
31 44 -1 44 7 43 52
30






























1
По всем вопросам касающимся приложения обращайтесь по WhatsApp +79952867503
1
09.2026

      
	
