1
For advertising or questions send us e-mail kogdanamaz@gmail.com 
31
4 5 -1 11 15 17 18
36 45 -1 47 5 49 54
4 5 -1 11 15 17 18
36 45 -1 47 5 48 54
4 5 -1 11 15 17 18
36 45 -1 46 5 47 53
4 5 -1 11 15 17 18
36 45 -1 46 5 46 52
4 5 -1 11 15 17 18
36 45 -1 46 5 46 51
4 5 -1 11 15 17 18
36 45 -1 46 5 45 51
4 5 -1 11 15 17 18
36 45 -1 45 4 45 50
4 5 -1 11 15 17 18
36 45 -1 45 4 44 50
4 5 -1 11 15 17 18
36 45 -1 45 4 43 49
4 5 -1 11 15 17 18
36 45 -1 44 4 43 49
4 5 -1 11 15 17 18
36 45 -1 44 4 42 48
4 5 -1 11 15 17 18
36 45 -1 44 4 42 48
4 5 -1 11 15 17 18
36 45 -1 44 4 41 47
4 5 -1 11 15 17 18
36 45 -1 43 4 41 47
4 5 -1 11 15 17 18
36 45 -1 43 4 40 47
4 5 -1 11 15 17 18
36 45 -1 43 4 40 47
4 5 -1 11 15 17 18
36 45 -1 43 3 40 46
4 5 -1 11 15 17 18
36 45 -1 43 3 39 45
4 5 -1 11 15 17 18
36 45 -1 42 3 39 45
4 5 -1 11 15 17 18
36 45 -1 42 3 38 45
4 5 -1 11 15 17 18
36 45 -1 42 3 38 44
4 5 -1 11 15 17 18
36 45 -1 42 3 37 44
4 5 -1 11 15 17 18
36 45 -1 42 3 37 44
4 5 -1 11 15 17 18
36 46 -1 42 2 36 43
4 5 -1 11 15 17 18
36 46 -1 41 2 36 43
4 5 -1 11 15 17 18
36 46 -1 41 2 36 43
4 5 -1 11 15 17 18
36 46 -1 41 2 35 42
4 5 -1 11 15 17 18
36 46 -1 41 2 35 42
4 5 -1 11 15 17 18
36 46 -1 41 2 35 42
4 5 -1 11 15 17 18
36 46 -1 41 2 35 42
4 5 -1 11 15 17 18
36 47 -1 41 2 34 42
31































1
По всем вопросам касающимся приложения обращайтесь по WhatsApp +79952867503
1
10.2026

      
	
