1
For advertising or questions send us e-mail kogdanamaz@gmail.com 
30
4 5 -1 11 15 18 19
22 34 -1 48 5 1 9
4 5 -1 11 15 18 19
22 34 -1 48 5 1 9
4 5 -1 11 15 17 19
22 34 -1 47 5 59 7
4 5 -1 11 15 17 19
23 34 -1 47 5 58 7
4 5 -1 11 15 17 19
23 34 -1 46 5 57 6
4 5 -1 11 15 17 19
23 34 -1 46 5 57 5
4 5 -1 11 15 17 19
23 34 -1 46 5 56 4
4 5 -1 11 15 17 19
23 34 -1 45 4 55 3
4 5 -1 11 15 17 19
23 34 -1 45 4 54 2
4 5 -1 11 15 17 19
24 35 -1 45 4 54 1
4 5 -1 11 15 17 19
24 35 -1 44 4 53 1
4 5 -1 11 15 17 19
24 35 -1 44 4 52 0
4 5 -1 11 15 17 18
24 35 -1 44 4 51 59
4 5 -1 11 15 17 18
24 35 -1 43 4 50 58
4 5 -1 11 15 17 18
24 35 -1 43 3 50 57
4 5 -1 11 15 17 18
24 35 -1 43 3 50 57
4 5 -1 11 15 17 18
25 35 -1 43 3 49 56
4 5 -1 11 15 17 18
25 35 -1 42 3 47 55
4 5 -1 11 15 17 18
25 35 -1 41 2 46 54
4 5 -1 11 15 17 18
25 35 -1 41 2 46 53
4 5 -1 11 15 17 18
25 36 -1 41 2 45 52
4 5 -1 11 15 17 18
25 36 -1 40 2 44 51
4 5 -1 11 15 17 18
25 36 -1 40 1 43 50
4 5 -1 11 15 17 18
26 36 -1 40 1 42 50
4 5 -1 11 15 17 18
26 36 -1 39 1 42 49
4 5 -1 11 15 17 18
26 36 -1 39 1 41 48
4 5 -1 11 15 17 18
26 36 -1 39 0 40 47
4 5 -1 11 15 17 18
26 36 -1 38 0 39 46
4 5 -1 11 15 17 18
26 36 -1 38 0 38 46
4 5 -1 11 14 17 18
26 36 -1 38 59 38 45
30






























1
По всем вопросам касающимся приложения обращайтесь по WhatsApp +79952867503
1
09.2026

      
	
