1
For advertising or questions send us e-mail kogdanamaz@gmail.com 
30
3 5 -1 12 15 18 20
26 9 -1 15 43 50 35
3 5 -1 12 15 18 20
29 11 -1 15 42 47 32
3 5 -1 12 15 18 20
31 13 -1 15 40 45 29
3 5 -1 12 15 18 20
33 14 -1 15 39 43 26
3 5 -1 12 15 18 20
33 14 -1 15 39 43 26
3 5 -1 12 15 18 20
36 16 -1 15 37 40 23
3 5 -1 12 15 18 20
40 19 -1 15 34 35 17
3 5 -1 12 15 18 20
42 21 -1 15 32 33 14
3 5 -1 12 15 18 20
44 23 -1 15 31 31 11
3 5 -1 12 15 18 20
47 25 -1 15 29 28 8
3 5 -1 12 15 18 20
49 26 -1 15 28 26 6
3 5 -1 12 15 18 20
51 28 -1 15 26 23 3
3 5 -1 12 15 18 20
53 30 -1 15 24 21 0
3 5 -1 12 15 18 19
55 31 -1 15 23 19 57
3 5 -1 12 15 18 19
57 33 -1 15 21 16 54
3 5 -1 12 15 18 19
59 35 -1 15 19 14 52
4 5 -1 12 15 18 19
1 37 -1 15 18 11 49
4 5 -1 12 15 18 19
3 38 -1 15 16 9 46
4 5 -1 12 15 18 19
5 40 -1 15 14 6 43
4 5 -1 12 15 18 19
5 40 -1 15 14 6 43
4 5 -1 12 15 18 19
7 42 -1 15 13 4 41
4 5 -1 12 15 17 19
11 45 -1 15 9 59 35
4 5 -1 12 15 17 19
13 47 -1 15 7 57 33
4 5 -1 12 15 17 19
15 49 -1 15 6 54 30
4 5 -1 12 15 17 19
17 50 -1 15 4 52 28
4 5 -1 12 15 17 19
19 52 -1 15 2 49 25
4 5 -1 12 15 17 19
21 54 -1 15 0 47 22
4 5 -1 12 14 17 19
22 56 -1 15 59 45 20
4 5 -1 12 14 17 19
24 57 -1 15 57 42 17
4 5 -1 12 14 17 19
26 59 -1 15 55 40 15
30






























1
По всем вопросам касающимся приложения обращайтесь по WhatsApp +79952867503
1
09.2026

      
	
