1
For advertising or questions send us e-mail kogdanamaz@gmail.com 
31
4 6 -1 12 15 18 20
54 40 -1 30 38 19 1
4 6 -1 12 15 18 19
56 41 -1 30 36 17 58
4 6 -1 12 15 18 19
57 43 -1 30 35 15 56
4 6 -1 12 15 18 19
59 45 -1 30 33 13 54
5 6 -1 12 15 18 19
0 46 -1 29 31 11 52
5 6 -1 12 15 18 19
2 48 -1 29 30 8 49
5 6 -1 12 15 18 19
4 49 -1 29 28 6 47
5 6 -1 12 15 18 19
5 51 -1 28 27 4 45
5 6 -1 12 15 18 19
7 52 -1 28 25 2 43
5 6 -1 12 15 18 19
9 54 -1 28 23 0 41
5 6 -1 12 15 17 19
10 55 -1 28 22 58 39
5 6 -1 12 15 17 19
12 57 -1 27 20 56 37
5 6 -1 12 15 17 19
13 59 -1 27 19 54 35
5 7 -1 12 15 17 19
15 0 -1 27 17 52 33
5 7 -1 12 15 17 19
16 2 -1 27 15 50 31
5 7 -1 12 15 17 19
18 3 -1 26 14 47 29
5 7 -1 12 15 17 19
19 5 -1 26 12 45 27
5 7 -1 12 15 17 19
21 7 -1 26 11 43 25
5 7 -1 12 15 17 19
23 8 -1 26 9 41 23
5 7 -1 12 15 17 19
24 10 -1 26 8 40 21
5 7 -1 12 15 17 19
26 12 -1 25 6 38 19
5 7 -1 12 15 17 19
27 13 -1 25 4 36 17
5 7 -1 12 15 17 19
29 15 -1 25 3 34 15
5 7 -1 12 15 17 19
30 16 -1 25 1 32 14
5 7 -1 12 15 17 19
32 18 -1 25 0 30 12
5 7 -1 12 14 17 19
33 20 -1 25 58 28 10
5 7 -1 12 14 17 19
35 21 -1 25 57 26 9
4 6 -1 11 13 16 18
36 23 -1 25 56 24 7
4 6 -1 11 13 16 18
38 25 -1 25 54 23 5
4 6 -1 11 13 16 18
39 26 -1 24 53 21 4
4 6 -1 11 13 16 18
41 28 -1 24 51 19 2
31































1
По всем вопросам касающимся приложения обращайтесь по WhatsApp +79952867503
1
10.2026

      
	
