1
For advertising or questions send us e-mail kogdanamaz@gmail.com 
30
3 5 -1 12 16 19 21
38 53 -1 46 28 37 44
3 5 -1 12 16 19 21
41 54 -1 46 27 35 41
3 5 -1 12 16 19 21
44 56 -1 45 25 32 37
3 5 -1 12 16 19 21
47 58 -1 45 24 30 34
3 6 -1 12 16 19 21
49 0 -1 45 22 27 31
3 6 -1 12 16 19 21
52 2 -1 44 21 25 28
3 6 -1 12 16 19 21
55 3 -1 44 19 22 24
3 6 -1 12 16 19 21
57 5 -1 44 17 20 21
4 6 -1 12 16 19 21
0 7 -1 43 16 17 18
4 6 -1 12 16 19 21
2 9 -1 43 14 15 15
4 6 -1 12 16 19 21
5 11 -1 43 12 12 12
4 6 -1 12 16 19 21
7 12 -1 42 11 10 9
4 6 -1 12 16 19 21
10 14 -1 42 9 7 6
4 6 -1 12 16 19 21
12 16 -1 41 7 5 3
4 6 -1 12 16 19 21
15 18 -1 41 5 2 0
4 6 -1 12 16 19 20
17 20 -1 41 4 0 56
4 6 -1 12 16 18 20
19 21 -1 40 2 57 54
4 6 -1 12 16 18 20
22 23 -1 40 0 55 51
4 6 -1 12 15 18 20
24 25 -1 40 58 52 48
4 6 -1 12 15 18 20
26 27 -1 39 57 50 45
4 6 -1 12 15 18 20
28 29 -1 39 55 47 42
4 6 -1 12 15 18 20
31 31 -1 39 53 45 39
4 6 -1 12 15 18 20
33 32 -1 38 51 42 36
4 6 -1 12 15 18 20
35 34 -1 38 49 40 33
4 6 -1 12 15 18 20
37 36 -1 38 48 37 30
4 6 -1 12 15 18 20
39 38 -1 37 46 35 28
4 6 -1 12 15 18 20
41 40 -1 37 44 32 25
4 6 -1 12 15 18 20
44 42 -1 37 42 30 22
4 6 -1 12 15 18 20
46 43 -1 36 40 27 19
4 6 -1 12 15 18 20
48 45 -1 36 38 25 17
30






























1
По всем вопросам касающимся приложения обращайтесь по WhatsApp +79952867503
1
09.2026

      
	
