1
For advertising or questions send us e-mail kogdanamaz@gmail.com 
30
4 6 -1 13 16 19 21
1 10 -1 2 45 52 55
4 6 -1 13 16 19 21
3 12 -1 2 43 49 51
4 6 -1 13 16 19 21
6 14 -1 1 42 47 48
4 6 -1 13 16 19 21
8 16 -1 1 40 44 45
4 6 -1 13 16 19 21
11 17 -1 1 39 42 42
4 6 -1 13 16 19 21
14 19 -1 0 37 40 39
4 6 -1 13 16 19 21
16 21 -1 0 35 37 36
4 6 -1 13 16 19 21
18 23 -1 0 34 35 33
4 6 -1 12 16 19 21
21 24 -1 59 32 32 30
4 6 -1 12 16 19 21
23 26 -1 59 31 30 27
4 6 -1 12 16 19 21
26 28 -1 59 29 28 24
4 6 -1 12 16 19 21
28 30 -1 58 27 25 21
4 6 -1 12 16 19 21
30 31 -1 58 26 23 18
4 6 -1 12 16 19 21
33 33 -1 58 24 20 15
4 6 -1 12 16 19 21
35 35 -1 57 22 18 12
4 6 -1 12 16 19 21
37 37 -1 57 21 15 9
4 6 -1 12 16 19 21
39 38 -1 57 19 13 6
4 6 -1 12 16 19 21
41 40 -1 56 17 10 3
4 6 -1 12 16 19 21
44 42 -1 56 16 8 1
4 6 -1 12 16 19 20
46 43 -1 56 14 6 58
4 6 -1 12 16 19 20
48 45 -1 55 12 3 55
4 6 -1 12 16 19 20
50 47 -1 55 10 1 52
4 6 -1 12 16 18 20
52 49 -1 54 9 58 49
4 6 -1 12 16 18 20
54 50 -1 54 7 56 47
4 6 -1 12 16 18 20
56 52 -1 54 5 53 44
4 6 -1 12 16 18 20
58 54 -1 53 3 51 41
5 6 -1 12 16 18 20
0 56 -1 53 1 48 39
5 6 -1 12 16 18 20
2 57 -1 53 0 46 36
5 6 -1 12 15 18 20
4 59 -1 52 58 44 33
5 7 -1 12 15 18 20
6 1 -1 52 56 41 31
30






























1
По всем вопросам касающимся приложения обращайтесь по WhatsApp +79952867503
1
09.2026

      
	
