1
For advertising or questions send us e-mail kogdanamaz@gmail.com 
30
4 6 -1 12 16 19 21
4 5 -1 52 35 38 33
4 6 -1 12 16 19 21
6 6 -1 52 34 36 30
4 6 -1 12 16 19 21
9 8 -1 52 32 34 27
4 6 -1 12 16 19 21
11 9 -1 51 31 31 24
4 6 -1 12 16 19 21
13 11 -1 51 29 29 21
4 6 -1 12 16 19 21
15 12 -1 51 28 27 18
4 6 -1 12 16 19 21
17 14 -1 50 26 25 16
4 6 -1 12 16 19 21
19 16 -1 50 25 22 13
4 6 -1 12 16 19 21
22 17 -1 50 23 20 10
4 6 -1 12 16 19 21
24 19 -1 49 22 18 7
4 6 -1 12 16 19 21
26 20 -1 49 20 16 5
4 6 -1 12 16 19 21
28 22 -1 49 19 13 2
4 6 -1 12 16 19 20
30 23 -1 48 17 11 59
4 6 -1 12 16 19 20
32 25 -1 48 16 9 57
4 6 -1 12 16 19 20
34 27 -1 48 14 7 54
4 6 -1 12 16 19 20
36 28 -1 47 13 4 51
4 6 -1 12 16 19 20
38 30 -1 47 11 2 49
4 6 -1 12 16 19 20
40 31 -1 46 9 0 46
4 6 -1 12 16 18 20
42 33 -1 46 8 57 44
4 6 -1 12 16 18 20
43 34 -1 46 6 55 41
4 6 -1 12 16 18 20
45 36 -1 45 5 53 38
4 6 -1 12 16 18 20
47 38 -1 45 3 51 36
4 6 -1 12 16 18 20
49 39 -1 45 1 48 33
4 6 -1 12 16 18 20
51 41 -1 44 0 46 31
4 6 -1 12 15 18 20
53 42 -1 44 58 44 28
4 6 -1 12 15 18 20
55 44 -1 44 56 41 26
4 6 -1 12 15 18 20
56 45 -1 43 55 39 23
4 6 -1 12 15 18 20
58 47 -1 43 53 37 21
5 6 -1 12 15 18 20
0 49 -1 43 51 35 19
5 6 -1 12 15 18 20
2 50 -1 42 50 32 16
30






























1
По всем вопросам касающимся приложения обращайтесь по WhatsApp +79952867503
1
09.2026

      
	
