1
For advertising or questions send us e-mail kogdanamaz@gmail.com 
30
3 5 -1 12 16 19 21
49 57 -1 48 31 37 39
3 5 -1 12 16 19 21
51 59 -1 48 30 35 36
3 6 -1 12 16 19 21
54 1 -1 48 28 33 33
3 6 -1 12 16 19 21
56 2 -1 47 27 30 30
3 6 -1 12 16 19 21
59 4 -1 47 25 28 27
4 6 -1 12 16 19 21
1 6 -1 47 23 26 24
4 6 -1 12 16 19 21
4 8 -1 46 22 23 21
4 6 -1 12 16 19 21
6 9 -1 46 20 21 18
4 6 -1 12 16 19 21
9 11 -1 46 19 18 15
4 6 -1 12 16 19 21
11 13 -1 45 17 16 12
4 6 -1 12 16 19 21
13 14 -1 45 16 14 9
4 6 -1 12 16 19 21
16 16 -1 45 14 11 6
4 6 -1 12 16 19 21
18 18 -1 44 12 9 3
4 6 -1 12 16 19 21
20 20 -1 44 11 6 0
4 6 -1 12 16 19 20
22 21 -1 44 9 4 57
4 6 -1 12 16 19 20
24 23 -1 43 7 2 54
4 6 -1 12 16 18 20
27 25 -1 43 6 59 52
4 6 -1 12 16 18 20
29 26 -1 43 4 57 49
4 6 -1 12 16 18 20
31 28 -1 42 2 54 46
4 6 -1 12 16 18 20
33 30 -1 42 0 52 43
4 6 -1 12 15 18 20
35 32 -1 42 59 49 40
4 6 -1 12 15 18 20
37 33 -1 41 57 47 38
4 6 -1 12 15 18 20
39 35 -1 41 55 45 35
4 6 -1 12 15 18 20
41 37 -1 40 53 42 32
4 6 -1 12 15 18 20
43 39 -1 40 52 40 30
4 6 -1 12 15 18 20
45 40 -1 40 50 37 27
4 6 -1 12 15 18 20
47 42 -1 39 48 35 24
4 6 -1 12 15 18 20
49 44 -1 39 46 32 22
4 6 -1 12 15 18 20
51 45 -1 39 45 30 19
4 6 -1 12 15 18 20
53 47 -1 38 43 28 17
30






























1
По всем вопросам касающимся приложения обращайтесь по WhatsApp +79952867503
1
09.2026

      
	
