1
For advertising or questions send us e-mail kogdanamaz@gmail.com 
30
3 5 -1 12 16 19 21
41 42 -1 30 13 16 11
3 5 -1 12 16 19 21
43 44 -1 30 11 14 8
3 5 -1 12 16 19 21
46 45 -1 30 10 12 5
3 5 -1 12 16 19 21
48 47 -1 29 9 9 3
3 5 -1 12 16 19 21
50 49 -1 29 7 7 0
3 5 -1 12 16 19 20
52 50 -1 29 6 5 57
3 5 -1 12 16 19 20
55 52 -1 28 4 3 54
3 5 -1 12 16 19 20
57 53 -1 28 3 0 51
3 5 -1 12 16 18 20
59 55 -1 28 1 58 49
4 5 -1 12 16 18 20
1 56 -1 27 0 56 46
4 5 -1 12 15 18 20
3 58 -1 27 58 54 43
4 6 -1 12 15 18 20
5 0 -1 26 57 51 40
4 6 -1 12 15 18 20
7 1 -1 26 55 49 38
4 6 -1 12 15 18 20
9 3 -1 26 54 47 35
4 6 -1 12 15 18 20
11 4 -1 25 52 45 32
4 6 -1 12 15 18 20
13 6 -1 25 50 42 30
4 6 -1 12 15 18 20
15 7 -1 25 49 40 27
4 6 -1 12 15 18 20
17 9 -1 24 47 38 24
4 6 -1 12 15 18 20
19 11 -1 24 46 35 22
4 6 -1 12 15 18 20
21 12 -1 24 44 33 19
4 6 -1 12 15 18 20
23 14 -1 23 42 31 17
4 6 -1 12 15 18 20
25 15 -1 23 41 28 14
4 6 -1 12 15 18 20
27 17 -1 23 39 26 12
4 6 -1 12 15 18 20
28 19 -1 22 37 24 9
4 6 -1 12 15 18 20
30 20 -1 22 36 22 7
4 6 -1 12 15 18 20
32 22 -1 22 34 19 4
4 6 -1 12 15 18 20
34 23 -1 21 32 17 2
4 6 -1 12 15 18 19
36 25 -1 21 31 15 59
4 6 -1 12 15 18 19
37 27 -1 21 29 13 57
4 6 -1 12 15 18 19
39 28 -1 20 27 10 54
30






























1
По всем вопросам касающимся приложения обращайтесь по WhatsApp +79952867503
1
09.2026

      
	
