1
For advertising or questions send us e-mail kogdanamaz@gmail.com 
31
4 6 -1 12 15 18 20
37 52 -1 38 29 21 30
4 6 -1 12 15 18 20
40 55 -1 38 27 18 27
4 6 -1 12 15 18 20
42 57 -1 37 25 15 24
4 6 -1 12 15 18 20
45 59 -1 37 22 12 21
4 7 -1 12 15 18 20
47 2 -1 37 20 9 18
4 7 -1 12 15 18 20
50 4 -1 36 18 7 14
4 7 -1 12 15 18 20
53 6 -1 36 16 4 11
4 7 -1 12 15 18 20
55 9 -1 36 14 1 8
4 7 -1 12 15 17 20
57 11 -1 36 12 58 5
5 7 -1 12 15 17 20
0 13 -1 35 9 55 2
5 7 -1 12 15 17 20
2 16 -1 35 7 52 0
5 7 -1 12 15 17 19
5 18 -1 35 5 49 57
5 7 -1 12 15 17 19
7 21 -1 35 3 46 54
5 7 -1 12 15 17 19
10 23 -1 34 1 44 51
5 7 -1 12 14 17 19
12 25 -1 34 59 41 48
5 7 -1 12 14 17 19
14 28 -1 34 56 38 45
5 7 -1 12 14 17 19
17 30 -1 34 54 35 43
5 7 -1 12 14 17 19
19 32 -1 33 52 32 40
5 7 -1 12 14 17 19
21 35 -1 33 50 30 37
5 7 -1 12 14 17 19
23 37 -1 33 48 27 35
5 7 -1 12 14 17 19
26 40 -1 33 46 24 32
5 7 -1 12 14 17 19
28 42 -1 33 44 21 30
5 7 -1 12 14 17 19
30 45 -1 33 42 19 27
5 7 -1 12 14 17 19
32 47 -1 32 40 16 25
5 7 -1 12 14 17 19
35 50 -1 32 38 13 22
5 7 -1 12 14 17 19
37 52 -1 32 36 11 20
5 7 -1 12 14 17 19
39 54 -1 32 34 8 18
4 6 -1 11 13 16 18
41 57 -1 32 32 5 15
4 6 -1 11 13 16 18
43 59 -1 32 30 3 13
4 7 -1 11 13 16 18
45 2 -1 32 28 0 11
4 7 -1 11 13 15 18
47 4 -1 32 26 58 8
31































1
По всем вопросам касающимся приложения обращайтесь по WhatsApp +79952867503
1
10.2026

      
	