1
For advertising or questions send us e-mail kogdanamaz@gmail.com 
31
5 7 -1 13 15 18 20
7 16 -1 2 57 47 50
5 7 -1 13 15 18 20
10 18 -1 2 55 44 47
5 7 -1 13 15 18 20
12 20 -1 2 53 41 44
5 7 -1 13 15 18 20
14 22 -1 2 51 39 41
5 7 -1 13 15 18 20
17 25 -1 1 49 36 38
5 7 -1 13 15 18 20
19 27 -1 1 47 33 35
5 7 -1 13 15 18 20
21 29 -1 1 45 30 32
5 7 -1 13 15 18 20
24 31 -1 0 42 28 29
5 7 -1 13 15 18 20
26 33 -1 0 40 25 26
5 7 -1 13 15 18 20
28 35 -1 0 38 22 24
5 7 -1 13 15 18 20
30 38 -1 0 36 19 21
5 7 -1 12 15 18 20
33 40 -1 59 34 17 18
5 7 -1 12 15 18 20
35 42 -1 59 32 14 16
5 7 -1 12 15 18 20
37 44 -1 59 30 11 13
5 7 -1 12 15 18 20
39 46 -1 59 28 9 10
5 7 -1 12 15 18 20
41 49 -1 58 26 6 8
5 7 -1 12 15 18 20
44 51 -1 58 24 3 5
5 7 -1 12 15 18 20
46 53 -1 58 22 1 3
5 7 -1 12 15 17 20
48 55 -1 58 20 58 0
5 7 -1 12 15 17 19
50 58 -1 58 18 56 58
5 8 -1 12 15 17 19
52 0 -1 57 16 53 55
5 8 -1 12 15 17 19
54 2 -1 57 14 50 53
5 8 -1 12 15 17 19
56 4 -1 57 12 48 51
5 8 -1 12 15 17 19
58 7 -1 57 10 45 48
6 8 -1 12 15 17 19
0 9 -1 57 8 43 46
6 8 -1 12 15 17 19
2 11 -1 57 6 40 44
6 8 -1 12 15 17 19
4 14 -1 57 5 38 41
5 7 -1 11 14 16 18
6 16 -1 57 3 36 39
5 7 -1 11 14 16 18
8 18 -1 57 1 33 37
5 7 -1 11 13 16 18
10 20 -1 56 59 31 35
5 7 -1 11 13 16 18
12 23 -1 56 57 28 33
31































1
По всем вопросам касающимся приложения обращайтесь по WhatsApp +79952867503
1
10.2026

      
	
