1
For advertising or questions send us e-mail kogdanamaz@gmail.com 
30
2 5 -1 12 16 19 22
34 32 -1 43 24 51 33
2 5 -1 12 16 19 22
34 35 -1 43 22 48 32
2 5 -1 12 16 19 22
34 35 -1 43 22 48 32
2 5 -1 12 16 19 22
36 40 -1 42 18 41 33
2 5 -1 12 16 19 22
40 43 -1 42 16 38 28
2 5 -1 12 16 19 22
46 45 -1 41 14 35 22
2 5 -1 12 16 19 22
51 48 -1 41 12 32 17
2 5 -1 12 16 19 22
56 51 -1 41 9 28 11
3 5 -1 12 16 19 22
1 53 -1 40 7 25 6
3 5 -1 12 16 19 22
1 53 -1 40 7 25 6
3 5 -1 12 16 19 22
6 56 -1 40 5 22 1
3 6 -1 12 16 19 21
14 1 -1 39 1 15 52
3 6 -1 12 15 19 21
19 3 -1 39 59 12 47
3 6 -1 12 15 19 21
23 6 -1 39 57 9 42
3 6 -1 12 15 19 21
27 8 -1 38 54 6 38
3 6 -1 12 15 19 21
31 11 -1 38 52 2 33
3 6 -1 12 15 19 21
31 11 -1 38 52 2 33
3 6 -1 12 15 18 21
35 14 -1 38 50 59 29
3 6 -1 12 15 18 21
42 19 -1 37 45 52 20
3 6 -1 12 15 18 21
46 21 -1 36 43 49 16
3 6 -1 12 15 18 21
49 24 -1 36 41 46 12
3 6 -1 12 15 18 21
53 26 -1 36 39 43 8
3 6 -1 12 15 18 21
56 29 -1 35 36 39 4
4 6 -1 12 15 18 21
0 31 -1 35 34 36 0
4 6 -1 12 15 18 21
0 31 -1 35 34 36 0
4 6 -1 12 15 18 20
6 37 -1 34 29 30 52
4 6 -1 12 15 18 20
10 39 -1 34 27 27 49
4 6 -1 12 15 18 20
13 42 -1 34 25 23 45
4 6 -1 12 15 18 20
16 44 -1 33 22 20 41
4 6 -1 12 15 18 20
19 47 -1 33 20 17 37
30






























1
По всем вопросам касающимся приложения обращайтесь по WhatsApp +79952867503
1
09.2026

      
	
