1
For advertising or questions send us e-mail kogdanamaz@gmail.com 
30
2 5 -1 12 16 19 22
52 44 -1 50 31 53 34
2 5 -1 12 16 19 22
57 47 -1 50 30 50 29
3 5 -1 12 16 19 22
1 49 -1 49 28 47 24
3 5 -1 12 16 19 22
6 51 -1 49 26 44 19
3 5 -1 12 16 19 22
10 54 -1 49 24 41 14
3 5 -1 12 16 19 22
15 56 -1 48 22 38 10
3 5 -1 12 16 19 22
19 58 -1 48 20 35 5
3 6 -1 12 16 19 22
23 1 -1 48 18 32 1
3 6 -1 12 16 19 21
27 3 -1 47 16 29 56
3 6 -1 12 16 19 21
30 5 -1 47 14 26 52
3 6 -1 12 16 19 21
34 8 -1 47 12 23 48
3 6 -1 12 16 19 21
38 10 -1 46 10 20 44
3 6 -1 12 16 19 21
41 12 -1 46 8 17 40
3 6 -1 12 16 19 21
45 15 -1 45 6 14 35
3 6 -1 12 16 19 21
48 17 -1 45 4 11 31
3 6 -1 12 16 19 21
52 19 -1 45 2 8 28
3 6 -1 12 16 19 21
55 22 -1 44 0 5 24
3 6 -1 12 15 19 21
58 24 -1 44 58 2 20
4 6 -1 12 15 18 21
2 26 -1 44 55 59 16
4 6 -1 12 15 18 21
5 29 -1 43 53 56 12
4 6 -1 12 15 18 21
8 31 -1 43 51 53 9
4 6 -1 12 15 18 21
11 33 -1 43 49 50 5
4 6 -1 12 15 18 21
14 36 -1 42 47 47 1
4 6 -1 12 15 18 20
17 38 -1 42 45 44 58
4 6 -1 12 15 18 20
20 40 -1 42 43 41 54
4 6 -1 12 15 18 20
23 43 -1 41 40 38 51
4 6 -1 12 15 18 20
26 45 -1 41 38 35 47
4 6 -1 12 15 18 20
29 47 -1 41 36 31 44
4 6 -1 12 15 18 20
31 50 -1 40 34 28 40
4 6 -1 12 15 18 20
34 52 -1 40 32 25 37
30






























1
По всем вопросам касающимся приложения обращайтесь по WhatsApp +79952867503
1
09.2026

      
	
