1
For advertising or questions send us e-mail kogdanamaz@gmail.com 
30
4 6 -1 13 17 20 22
49 30 -1 49 21 47 12
4 6 -1 13 17 20 22
49 32 -1 49 19 44 12
4 6 -1 13 17 20 22
49 34 -1 48 17 41 12
4 6 -1 13 17 20 22
49 37 -1 48 16 37 12
4 6 -1 13 17 20 22
49 39 -1 48 14 34 12
4 6 -1 13 17 20 22
49 42 -1 47 12 31 12
4 6 -1 13 17 20 22
49 44 -1 47 10 28 12
4 6 -1 13 17 20 22
49 46 -1 47 8 25 12
4 6 -1 13 17 20 22
49 49 -1 46 6 22 12
4 6 -1 13 17 20 22
49 51 -1 46 4 19 12
4 6 -1 13 17 20 22
49 53 -1 45 2 16 12
4 6 -1 13 17 20 22
49 56 -1 45 0 13 12
4 6 -1 13 16 20 22
49 58 -1 45 58 10 12
4 7 -1 13 16 20 22
49 1 -1 44 55 7 12
4 7 -1 13 16 20 22
49 3 -1 44 53 4 12
4 7 -1 13 16 20 22
49 5 -1 44 51 0 12
4 7 -1 13 16 19 22
49 8 -1 43 49 57 12
4 7 -1 13 16 19 22
49 10 -1 43 47 54 12
4 7 -1 13 16 19 22
49 13 -1 43 45 51 12
4 7 -1 13 16 19 22
49 15 -1 42 43 48 12
4 7 -1 13 16 19 22
49 17 -1 42 41 45 12
4 7 -1 13 16 19 22
53 20 -1 42 38 42 9
4 7 -1 13 16 19 22
56 22 -1 41 36 39 5
4 7 -1 13 16 19 22
59 25 -1 41 34 36 1
5 7 -1 13 16 19 21
2 27 -1 41 32 33 57
5 7 -1 13 16 19 21
5 29 -1 40 30 30 53
5 7 -1 13 16 19 21
8 32 -1 40 27 26 50
5 7 -1 13 16 19 21
11 34 -1 40 25 23 46
5 7 -1 13 16 19 21
14 37 -1 39 23 20 42
5 7 -1 13 16 19 21
17 39 -1 39 21 17 39
30






























1
По всем вопросам касающимся приложения обращайтесь по WhatsApp +79952867503
1
09.2026

      
	
