1
For advertising or questions send us e-mail kogdanamaz@gmail.com 
30
4 6 -1 13 17 20 22
56 32 -1 47 20 41 4
4 6 -1 13 17 20 22
56 34 -1 47 18 38 2
4 6 -1 13 17 20 22
56 36 -1 47 16 36 3
4 6 -1 13 17 20 22
56 38 -1 46 15 33 3
4 6 -1 13 17 20 22
56 41 -1 46 13 30 3
4 6 -1 13 17 20 22
56 43 -1 46 11 27 3
4 6 -1 13 17 20 22
56 45 -1 45 9 24 3
4 6 -1 13 17 20 22
56 47 -1 45 7 21 3
4 6 -1 13 17 20 22
56 50 -1 45 5 18 3
4 6 -1 13 17 20 22
56 52 -1 44 3 15 3
4 6 -1 13 17 20 22
56 54 -1 44 1 12 3
4 6 -1 13 16 20 22
56 56 -1 44 59 9 3
4 6 -1 13 16 20 22
56 58 -1 43 57 6 3
4 7 -1 13 16 20 22
56 1 -1 43 55 3 3
4 7 -1 13 16 20 22
56 3 -1 42 53 0 3
4 7 -1 13 16 19 22
56 5 -1 42 51 58 3
4 7 -1 13 16 19 22
56 7 -1 42 49 55 3
4 7 -1 13 16 19 22
56 10 -1 41 47 52 3
4 7 -1 13 16 19 22
56 12 -1 41 45 49 3
4 7 -1 13 16 19 22
56 14 -1 41 43 46 3
4 7 -1 13 16 19 22
56 16 -1 40 41 43 3
4 7 -1 13 16 19 21
59 19 -1 40 39 40 59
5 7 -1 13 16 19 21
2 21 -1 40 37 37 56
5 7 -1 13 16 19 21
5 23 -1 39 35 34 52
5 7 -1 13 16 19 21
8 25 -1 39 33 31 49
5 7 -1 13 16 19 21
10 28 -1 39 31 28 45
5 7 -1 13 16 19 21
13 30 -1 38 29 25 42
5 7 -1 13 16 19 21
16 32 -1 38 26 22 38
5 7 -1 13 16 19 21
19 34 -1 38 24 19 35
5 7 -1 13 16 19 21
21 37 -1 37 22 16 32
30






























1
По всем вопросам касающимся приложения обращайтесь по WhatsApp +79952867503
1
09.2026

      
	
