1
For advertising or questions send us e-mail kogdanamaz@gmail.com 
30
3 6 -1 13 17 20 23
16 10 -1 28 8 43 21
3 6 -1 13 17 20 23
17 13 -1 28 6 40 20
3 6 -1 13 17 20 23
18 16 -1 27 4 36 18
3 6 -1 13 17 20 23
18 19 -1 27 1 33 16
3 6 -1 13 16 20 23
19 22 -1 27 59 29 14
3 6 -1 13 16 20 23
19 22 -1 27 59 29 14
3 6 -1 13 16 20 23
21 27 -1 26 55 22 11
3 6 -1 13 16 20 23
22 30 -1 26 52 18 25
3 6 -1 13 16 20 23
23 33 -1 25 50 15 19
3 6 -1 13 16 20 23
24 36 -1 25 48 11 12
3 6 -1 13 16 20 23
27 39 -1 25 46 8 6
3 6 -1 13 16 20 23
33 42 -1 24 43 4 0
3 6 -1 13 16 20 22
38 45 -1 24 41 0 55
3 6 -1 13 16 19 22
44 47 -1 24 38 57 49
3 6 -1 13 16 19 22
49 50 -1 23 36 53 43
3 6 -1 13 16 19 22
54 53 -1 23 34 50 38
3 6 -1 13 16 19 22
59 56 -1 23 31 46 33
4 6 -1 13 16 19 22
3 59 -1 22 29 43 28
4 7 -1 13 16 19 22
8 2 -1 22 26 39 23
4 7 -1 13 16 19 22
12 5 -1 21 24 36 18
4 7 -1 13 16 19 22
12 5 -1 21 24 36 18
4 7 -1 13 16 19 22
21 10 -1 21 19 28 8
4 7 -1 13 16 19 22
25 13 -1 20 17 25 4
4 7 -1 13 16 19 21
29 16 -1 20 14 21 59
4 7 -1 13 16 19 21
33 19 -1 20 12 18 55
4 7 -1 13 16 19 21
37 22 -1 19 9 14 50
4 7 -1 13 16 19 21
41 25 -1 19 6 11 46
4 7 -1 13 16 19 21
45 28 -1 19 4 7 42
4 7 -1 13 16 19 21
48 31 -1 18 1 4 38
4 7 -1 13 15 19 21
52 33 -1 18 59 0 33
30






























1
По всем вопросам касающимся приложения обращайтесь по WhatsApp +79952867503
1
09.2026

      
	
