1
For advertising or questions send us e-mail kogdanamaz@gmail.com 
30
3 6 -1 13 17 20 23
13 14 -1 21 2 25 8
3 6 -1 13 17 20 23
23 17 -1 20 0 22 3
3 6 -1 13 16 20 22
28 19 -1 20 58 19 58
3 6 -1 13 16 20 22
33 21 -1 20 57 16 53
3 6 -1 13 16 20 22
37 24 -1 19 55 13 48
3 6 -1 13 16 20 22
42 26 -1 19 53 9 44
3 6 -1 13 16 20 22
46 29 -1 19 51 6 39
3 6 -1 13 16 20 22
50 31 -1 18 49 3 34
3 6 -1 13 16 20 22
54 33 -1 18 47 0 30
3 6 -1 13 16 19 22
58 36 -1 18 45 57 26
4 6 -1 13 16 19 22
2 38 -1 17 43 54 21
4 6 -1 13 16 19 22
6 40 -1 17 41 51 17
4 6 -1 13 16 19 22
10 43 -1 17 39 48 13
4 6 -1 13 16 19 22
13 45 -1 16 36 45 9
4 6 -1 13 16 19 22
17 47 -1 16 34 42 5
4 6 -1 13 16 19 22
20 50 -1 16 32 39 0
4 6 -1 13 16 19 22
20 50 -1 16 32 39 0
4 6 -1 13 16 19 21
27 55 -1 15 28 33 53
4 6 -1 13 16 19 21
30 57 -1 15 26 30 49
4 6 -1 13 16 19 21
34 59 -1 14 24 27 45
4 7 -1 13 16 19 21
37 2 -1 14 22 24 41
4 7 -1 13 16 19 21
40 4 -1 13 19 21 37
4 7 -1 13 16 19 21
43 6 -1 13 17 17 34
4 7 -1 13 16 19 21
46 9 -1 13 15 14 30
4 7 -1 13 16 19 21
49 11 -1 12 13 11 26
4 7 -1 13 16 19 21
52 13 -1 12 11 8 23
4 7 -1 13 16 19 21
55 16 -1 12 8 5 19
4 7 -1 13 16 19 21
58 18 -1 11 6 2 16
5 7 -1 13 16 18 21
1 21 -1 11 4 59 12
5 7 -1 13 16 18 21
3 23 -1 11 2 56 9
30






























1
По всем вопросам касающимся приложения обращайтесь по WhatsApp +79952867503
1
09.2026

      
	
