1
For advertising or questions send us e-mail kogdanamaz@gmail.com 
30
4 6 -1 12 16 19 20
21 0 -1 36 17 10 44
4 6 -1 12 16 19 20
23 1 -1 35 16 9 42
4 6 -1 12 16 19 20
24 2 -1 35 15 7 40
4 6 -1 12 16 19 20
26 3 -1 35 14 5 38
4 6 -1 12 16 19 20
27 4 -1 34 13 3 36
4 6 -1 12 16 19 20
28 5 -1 34 12 2 34
4 6 -1 12 16 19 20
30 6 -1 34 11 0 32
4 6 -1 12 16 18 20
31 7 -1 33 9 58 30
4 6 -1 12 16 18 20
33 8 -1 33 8 56 28
4 6 -1 12 16 18 20
34 9 -1 33 7 55 26
4 6 -1 12 16 18 20
35 10 -1 32 6 53 24
4 6 -1 12 16 18 20
37 11 -1 32 5 51 22
4 6 -1 12 16 18 20
38 12 -1 32 4 49 20
4 6 -1 12 16 18 20
39 14 -1 31 3 47 18
4 6 -1 12 16 18 20
40 15 -1 31 1 46 16
4 6 -1 12 16 18 20
42 16 -1 31 0 44 14
4 6 -1 12 15 18 20
43 17 -1 30 59 42 12
4 6 -1 12 15 18 20
44 18 -1 30 58 40 10
4 6 -1 12 15 18 20
45 19 -1 30 57 39 8
4 6 -1 12 15 18 20
47 20 -1 29 55 37 6
4 6 -1 12 15 18 20
48 21 -1 29 54 35 4
4 6 -1 12 15 18 20
49 22 -1 29 53 33 2
4 6 -1 12 15 18 20
50 23 -1 28 52 31 0
4 6 -1 12 15 18 19
52 24 -1 28 50 30 58
4 6 -1 12 15 18 19
53 25 -1 27 49 28 56
4 6 -1 12 15 18 19
54 26 -1 27 48 26 55
4 6 -1 12 15 18 19
55 28 -1 27 47 24 53
4 6 -1 12 15 18 19
56 29 -1 26 45 23 51
4 6 -1 12 15 18 19
58 30 -1 26 44 21 49
4 6 -1 12 15 18 19
59 31 -1 26 43 19 47
30






























1
По всем вопросам касающимся приложения обращайтесь по WhatsApp +79952867503
1
09.2026

      
	
