1
For advertising or questions send us e-mail kogdanamaz@gmail.com 
30
4 6 -1 12 16 19 20
31 7 -1 41 22 14 45
4 6 -1 12 16 19 20
32 8 -1 41 21 12 44
4 6 -1 12 16 19 20
34 9 -1 41 20 11 42
4 6 -1 12 16 19 20
35 10 -1 40 19 9 40
4 6 -1 12 16 19 20
36 11 -1 40 18 8 38
4 6 -1 12 16 19 20
37 12 -1 40 17 6 36
4 6 -1 12 16 19 20
39 13 -1 39 16 4 34
4 6 -1 12 16 19 20
40 14 -1 39 15 2 32
4 6 -1 12 16 19 20
41 15 -1 39 14 1 30
4 6 -1 12 16 18 20
42 16 -1 38 13 59 28
4 6 -1 12 16 18 20
44 17 -1 38 12 57 26
4 6 -1 12 16 18 20
45 18 -1 37 10 56 24
4 6 -1 12 16 18 20
46 19 -1 37 9 54 22
4 6 -1 12 16 18 20
47 20 -1 37 8 52 20
4 6 -1 12 16 18 20
49 21 -1 36 7 51 19
4 6 -1 12 16 18 20
50 22 -1 36 6 49 17
4 6 -1 12 16 18 20
51 23 -1 36 5 47 15
4 6 -1 12 16 18 20
52 24 -1 35 4 45 13
4 6 -1 12 16 18 20
53 25 -1 35 3 44 11
4 6 -1 12 16 18 20
54 26 -1 35 1 42 9
4 6 -1 12 16 18 20
56 27 -1 34 0 40 7
4 6 -1 12 15 18 20
57 28 -1 34 59 38 5
4 6 -1 12 15 18 20
58 29 -1 34 58 37 4
4 6 -1 12 15 18 20
59 30 -1 33 57 35 2
5 6 -1 12 15 18 20
0 31 -1 33 55 33 0
5 6 -1 12 15 18 19
1 32 -1 33 54 32 58
5 6 -1 12 15 18 19
2 33 -1 32 53 30 56
5 6 -1 12 15 18 19
4 34 -1 32 52 28 55
5 6 -1 12 15 18 19
5 35 -1 31 51 27 53
5 6 -1 12 15 18 19
6 36 -1 31 49 25 51
30






























1
По всем вопросам касающимся приложения обращайтесь по WhatsApp +79952867503
1
09.2026

      
	
