1
For advertising or questions send us e-mail kogdanamaz@gmail.com 
30
4 6 -1 12 16 19 20
30 7 -1 42 23 16 49
4 6 -1 12 16 19 20
31 8 -1 42 22 14 47
4 6 -1 12 16 19 20
33 9 -1 42 21 13 45
4 6 -1 12 16 19 20
34 10 -1 41 20 11 43
4 6 -1 12 16 19 20
35 11 -1 41 19 9 41
4 6 -1 12 16 19 20
37 12 -1 41 18 8 39
4 6 -1 12 16 19 20
38 13 -1 40 17 6 37
4 6 -1 12 16 19 20
39 14 -1 40 16 4 35
4 6 -1 12 16 19 20
41 15 -1 40 15 3 33
4 6 -1 12 16 19 20
42 16 -1 39 14 1 31
4 6 -1 12 16 18 20
43 17 -1 39 13 59 29
4 6 -1 12 16 18 20
45 18 -1 39 12 57 27
4 6 -1 12 16 18 20
46 19 -1 38 10 56 25
4 6 -1 12 16 18 20
47 20 -1 38 9 54 23
4 6 -1 12 16 18 20
48 21 -1 38 8 52 21
4 6 -1 12 16 18 20
50 23 -1 37 7 50 19
4 6 -1 12 16 18 20
51 24 -1 37 6 49 17
4 6 -1 12 16 18 20
52 25 -1 37 5 47 15
4 6 -1 12 16 18 20
53 26 -1 36 3 45 13
4 6 -1 12 16 18 20
54 27 -1 36 2 43 12
4 6 -1 12 16 18 20
56 28 -1 35 1 42 10
4 6 -1 12 16 18 20
57 29 -1 35 0 40 8
4 6 -1 12 15 18 20
58 30 -1 35 59 38 6
4 6 -1 12 15 18 20
59 31 -1 34 57 36 4
5 6 -1 12 15 18 20
0 32 -1 34 56 34 2
5 6 -1 12 15 18 20
2 33 -1 34 55 33 0
5 6 -1 12 15 18 19
3 34 -1 33 54 31 59
5 6 -1 12 15 18 19
4 35 -1 33 52 29 57
5 6 -1 12 15 18 19
5 36 -1 33 51 28 55
5 6 -1 12 15 18 19
6 37 -1 32 50 26 53
30






























1
По всем вопросам касающимся приложения обращайтесь по WhatsApp +79952867503
1
09.2026

      
	
