1
For advertising or questions send us e-mail kogdanamaz@gmail.com 
30
4 6 -1 12 16 19 20
35 9 -1 43 23 15 44
4 6 -1 12 16 19 20
36 10 -1 42 22 13 43
4 6 -1 12 16 19 20
37 11 -1 42 21 11 41
4 6 -1 12 16 19 20
38 12 -1 42 20 10 39
4 6 -1 12 16 19 20
40 13 -1 41 19 8 37
4 6 -1 12 16 19 20
41 14 -1 41 18 6 35
4 6 -1 12 16 19 20
42 15 -1 41 17 5 33
4 6 -1 12 16 19 20
43 16 -1 40 16 3 31
4 6 -1 12 16 19 20
45 17 -1 40 15 2 29
4 6 -1 12 16 19 20
46 17 -1 40 14 0 28
4 6 -1 12 16 18 20
47 18 -1 39 13 58 26
4 6 -1 12 16 18 20
48 19 -1 39 12 57 24
4 6 -1 12 16 18 20
49 20 -1 38 11 55 22
4 6 -1 12 16 18 20
50 21 -1 38 10 53 20
4 6 -1 12 16 18 20
52 22 -1 38 9 52 18
4 6 -1 12 16 18 20
53 23 -1 37 7 50 16
4 6 -1 12 16 18 20
54 24 -1 37 6 48 15
4 6 -1 12 16 18 20
55 25 -1 37 5 46 13
4 6 -1 12 16 18 20
56 26 -1 36 4 45 11
4 6 -1 12 16 18 20
57 27 -1 36 3 43 9
4 6 -1 12 16 18 20
58 28 -1 36 2 41 7
4 6 -1 12 16 18 20
59 29 -1 35 1 40 6
5 6 -1 12 16 18 20
1 30 -1 35 0 38 4
5 6 -1 12 15 18 20
2 31 -1 35 58 36 2
5 6 -1 12 15 18 20
3 32 -1 34 57 35 0
5 6 -1 12 15 18 19
4 33 -1 34 56 33 58
5 6 -1 12 15 18 19
5 34 -1 34 55 31 57
5 6 -1 12 15 18 19
6 35 -1 33 54 30 55
5 6 -1 12 15 18 19
7 36 -1 33 52 28 53
5 6 -1 12 15 18 19
8 37 -1 33 51 26 52
30






























1
По всем вопросам касающимся приложения обращайтесь по WhatsApp +79952867503
1
09.2026

      
	
