1
For advertising or questions send us e-mail kogdanamaz@gmail.com 
31
5 7 -1 13 16 19 20
54 20 -1 15 35 9 31
5 7 -1 13 16 19 20
54 20 -1 15 35 9 31
5 7 -1 13 16 19 20
56 22 -1 15 33 6 28
5 7 -1 13 16 19 20
57 23 -1 14 32 4 26
5 7 -1 13 16 19 20
58 24 -1 14 31 3 25
5 7 -1 13 16 19 20
59 25 -1 14 29 1 23
6 7 -1 13 16 19 20
0 26 -1 13 28 0 22
6 7 -1 13 16 18 20
1 27 -1 13 27 58 20
6 7 -1 13 16 18 20
2 27 -1 13 26 57 19
6 7 -1 13 16 18 20
3 28 -1 13 25 55 17
6 7 -1 13 16 18 20
4 29 -1 12 24 54 16
6 7 -1 13 16 18 20
5 30 -1 12 23 52 14
6 7 -1 13 16 18 20
6 31 -1 12 22 51 13
6 7 -1 13 16 18 20
6 32 -1 12 21 49 12
6 7 -1 13 16 18 20
7 33 -1 11 20 48 10
6 7 -1 13 16 18 20
8 34 -1 11 19 47 9
6 7 -1 13 16 18 20
9 35 -1 11 18 45 8
6 7 -1 13 16 18 20
10 36 -1 11 17 44 6
6 7 -1 13 16 18 20
11 37 -1 11 16 43 5
6 7 -1 13 16 18 20
12 38 -1 10 15 41 4
6 7 -1 13 16 18 20
13 39 -1 10 13 40 2
6 7 -1 13 16 18 20
14 40 -1 10 12 39 1
6 7 -1 13 16 18 20
15 41 -1 10 11 37 0
6 7 -1 13 16 18 19
16 42 -1 10 11 36 59
6 7 -1 13 16 18 19
16 43 -1 10 10 35 58
6 7 -1 13 16 18 19
17 44 -1 10 9 34 57
6 7 -1 13 16 18 19
18 45 -1 9 8 32 55
5 6 -1 12 15 17 18
19 46 -1 9 7 31 54
5 6 -1 12 15 17 18
20 47 -1 9 6 30 53
5 6 -1 12 15 17 18
21 48 -1 9 5 29 52
5 6 -1 12 15 17 18
22 49 -1 9 4 28 51
31































1
По всем вопросам касающимся приложения обращайтесь по WhatsApp +79952867503
1
10.2026

      
	