1
For advertising or questions send us e-mail kogdanamaz@gmail.com 
30
5 6 -1 13 17 20 21
20 55 -1 29 9 1 31
5 6 -1 13 17 19 21
22 56 -1 28 8 59 29
5 6 -1 13 17 19 21
23 57 -1 28 7 58 27
5 6 -1 13 17 19 21
24 58 -1 28 6 56 25
5 6 -1 13 17 19 21
25 59 -1 27 5 54 24
5 7 -1 13 17 19 21
27 0 -1 27 4 53 22
5 7 -1 13 17 19 21
28 1 -1 27 3 51 20
5 7 -1 13 17 19 21
29 2 -1 26 2 49 18
5 7 -1 13 17 19 21
30 3 -1 26 1 48 16
5 7 -1 13 17 19 21
31 4 -1 26 0 46 14
5 7 -1 13 16 19 21
33 4 -1 25 59 44 12
5 7 -1 13 16 19 21
34 5 -1 25 58 43 10
5 7 -1 13 16 19 21
35 6 -1 25 57 41 9
5 7 -1 13 16 19 21
36 7 -1 24 56 39 7
5 7 -1 13 16 19 21
37 8 -1 24 55 38 5
5 7 -1 13 16 19 21
39 9 -1 24 54 36 3
5 7 -1 13 16 19 21
39 9 -1 24 54 36 3
5 7 -1 13 16 19 20
41 11 -1 23 51 33 59
5 7 -1 13 16 19 20
42 12 -1 22 50 31 57
5 7 -1 13 16 19 20
43 13 -1 22 49 29 56
5 7 -1 13 16 19 20
44 14 -1 22 48 28 54
5 7 -1 13 16 19 20
45 15 -1 21 47 26 52
5 7 -1 13 16 19 20
46 16 -1 21 46 24 50
5 7 -1 13 16 19 20
48 17 -1 21 44 23 48
5 7 -1 13 16 19 20
49 18 -1 20 43 21 47
5 7 -1 13 16 19 20
50 19 -1 20 42 19 45
5 7 -1 13 16 19 20
51 20 -1 20 41 18 43
5 7 -1 13 16 19 20
52 21 -1 19 40 16 41
5 7 -1 13 16 19 20
53 22 -1 19 39 14 40
5 7 -1 13 16 19 20
54 23 -1 19 37 13 38
30






























1
По всем вопросам касающимся приложения обращайтесь по WhatsApp +79952867503
1
09.2026

      
	
