1
For advertising or questions send us e-mail kogdanamaz@gmail.com 
30
5 6 -1 13 16 19 21
25 51 -1 20 58 47 10
5 6 -1 13 16 19 21
26 52 -1 20 57 46 8
5 6 -1 13 16 19 21
27 53 -1 19 56 44 7
5 6 -1 13 16 19 21
28 54 -1 19 55 43 5
5 6 -1 13 16 19 21
29 54 -1 19 55 41 3
5 6 -1 13 16 19 21
30 55 -1 18 54 40 2
5 6 -1 13 16 19 21
30 56 -1 18 53 39 0
5 6 -1 13 16 19 20
31 57 -1 18 52 37 59
5 6 -1 13 16 19 20
32 57 -1 17 51 36 57
5 6 -1 13 16 19 20
33 58 -1 17 51 34 55
5 6 -1 13 16 19 20
34 59 -1 17 50 33 54
5 6 -1 13 16 19 20
35 59 -1 16 49 31 52
5 7 -1 13 16 19 20
36 0 -1 16 48 30 51
5 7 -1 13 16 19 20
37 1 -1 16 47 28 49
5 7 -1 13 16 19 20
38 2 -1 15 46 27 48
5 7 -1 13 16 19 20
39 2 -1 15 45 26 46
5 7 -1 13 16 19 20
39 2 -1 15 45 26 46
5 7 -1 13 16 19 20
40 4 -1 14 43 23 43
5 7 -1 13 16 19 20
41 5 -1 14 42 21 41
5 7 -1 13 16 19 20
42 5 -1 13 42 20 40
5 7 -1 13 16 19 20
43 6 -1 13 41 18 38
5 7 -1 13 16 19 20
44 7 -1 13 40 17 37
5 7 -1 13 16 19 20
44 8 -1 12 39 15 35
5 7 -1 13 16 19 20
45 8 -1 12 38 14 34
5 7 -1 13 16 19 20
46 9 -1 12 37 12 32
5 7 -1 13 16 19 20
47 10 -1 11 36 11 31
5 7 -1 13 16 19 20
48 11 -1 11 35 10 29
5 7 -1 13 16 19 20
49 11 -1 11 34 8 28
5 7 -1 13 16 19 20
49 12 -1 10 33 7 26
5 7 -1 13 16 19 20
50 13 -1 10 32 5 25
30






























1
По всем вопросам касающимся приложения обращайтесь по WhatsApp +79952867503
1
09.2026

      
	
