1
For advertising or questions send us e-mail kogdanamaz@gmail.com 
30
2 4 -1 11 16 18 20
40 10 -1 25 4 39 9
2 4 -1 11 16 18 20
43 13 -1 25 1 35 5
2 4 -1 11 15 18 20
46 16 -1 25 59 32 2
2 4 -1 11 15 18 19
49 19 -1 24 56 28 58
2 4 -1 11 15 18 19
51 21 -1 24 54 25 55
2 4 -1 11 15 18 19
54 24 -1 24 51 21 51
2 4 -1 11 15 18 19
57 27 -1 23 48 18 48
3 4 -1 11 15 18 19
0 30 -1 23 46 14 44
3 4 -1 11 15 18 19
3 33 -1 23 43 11 41
3 4 -1 11 15 18 19
5 35 -1 22 40 7 37
3 4 -1 11 15 18 19
8 38 -1 22 38 4 34
3 4 -1 11 15 18 19
11 41 -1 22 35 0 30
3 4 -1 11 15 17 19
14 44 -1 21 32 57 27
3 4 -1 11 15 17 19
17 47 -1 21 29 53 23
3 4 -1 11 15 17 19
19 49 -1 21 26 50 20
3 4 -1 11 15 17 19
22 52 -1 20 24 46 16
3 4 -1 11 15 17 19
25 55 -1 20 21 43 13
3 4 -1 11 15 17 19
28 58 -1 19 18 39 9
3 5 -1 11 15 17 19
31 1 -1 19 15 36 6
3 5 -1 11 15 17 19
33 3 -1 19 12 32 2
3 5 -1 11 15 17 18
36 6 -1 18 9 29 59
3 5 -1 11 15 17 18
39 9 -1 18 7 25 55
3 5 -1 11 15 17 18
42 12 -1 18 4 22 52
3 5 -1 11 15 17 18
45 15 -1 17 1 19 49
3 5 -1 11 14 17 18
47 17 -1 17 58 15 45
3 5 -1 11 14 17 18
50 20 -1 17 55 12 42
3 5 -1 11 14 17 18
53 23 -1 16 52 8 38
3 5 -1 11 14 17 18
56 26 -1 16 49 5 35
3 5 -1 11 14 17 18
59 29 -1 16 46 1 31
4 5 -1 11 14 16 18
1 31 -1 15 43 58 28
30






























1
По всем вопросам касающимся приложения обращайтесь по WhatsApp +79952867503
1
09.2026

      
	
