1
For advertising or questions send us e-mail kogdanamaz@gmail.com 
30
3 5 -1 11 15 17 19
57 17 -1 38 8 58 28
3 5 -1 11 15 17 19
58 18 -1 38 8 57 27
3 5 -1 11 15 17 19
58 18 -1 38 8 56 26
3 5 -1 11 15 17 19
59 18 -1 37 7 55 25
3 5 -1 11 15 17 19
59 19 -1 37 7 54 24
4 5 -1 11 15 17 19
0 19 -1 37 6 52 22
4 5 -1 11 15 17 19
1 20 -1 36 6 51 21
4 5 -1 11 15 17 19
1 20 -1 36 5 50 20
4 5 -1 11 15 17 19
2 20 -1 35 5 49 19
4 5 -1 11 15 17 19
2 21 -1 35 4 48 18
4 5 -1 11 15 17 19
3 21 -1 35 4 47 17
4 5 -1 11 15 17 19
3 22 -1 34 3 46 16
4 5 -1 11 15 17 19
4 22 -1 34 3 45 15
4 5 -1 11 15 17 19
4 22 -1 34 2 44 14
4 5 -1 11 15 17 19
5 23 -1 33 2 43 13
4 5 -1 11 15 17 19
5 23 -1 33 1 41 11
4 5 -1 11 15 17 19
5 23 -1 33 1 41 11
4 5 -1 11 15 17 19
6 24 -1 32 0 39 9
4 5 -1 11 14 17 19
7 24 -1 32 59 38 8
4 5 -1 11 14 17 19
7 25 -1 32 59 37 7
4 5 -1 11 14 17 19
8 25 -1 31 58 36 6
4 5 -1 11 14 17 19
8 26 -1 31 57 35 5
4 5 -1 11 14 17 19
8 26 -1 31 57 34 4
4 5 -1 11 14 17 19
9 27 -1 30 56 32 2
4 5 -1 11 14 17 19
9 27 -1 30 56 31 1
4 5 -1 11 14 17 19
10 27 -1 29 55 30 0
4 5 -1 11 14 17 18
10 28 -1 29 54 29 59
4 5 -1 11 14 17 18
11 28 -1 29 54 28 58
4 5 -1 11 14 17 18
11 29 -1 28 53 27 57
4 5 -1 11 14 17 18
12 29 -1 28 52 26 56
30






























1
По всем вопросам касающимся приложения обращайтесь по WhatsApp +79952867503
1
09.2026

      
	
