1
For advertising or questions send us e-mail kogdanamaz@gmail.com 
30
5 7 -1 13 17 20 22
14 7 -1 51 34 33 21
5 7 -1 13 17 20 22
16 8 -1 51 32 31 19
5 7 -1 13 17 20 22
18 10 -1 50 31 29 16
5 7 -1 13 17 20 22
20 11 -1 50 30 27 13
5 7 -1 13 17 20 22
21 13 -1 50 28 25 11
5 7 -1 13 17 20 22
23 14 -1 49 27 23 8
5 7 -1 13 17 20 22
25 15 -1 49 26 21 6
5 7 -1 13 17 20 22
27 17 -1 49 24 19 3
5 7 -1 13 17 20 22
29 18 -1 48 23 17 1
5 7 -1 13 17 20 21
31 20 -1 48 22 15 58
5 7 -1 13 17 20 21
33 21 -1 48 20 12 56
5 7 -1 13 17 20 21
35 23 -1 47 19 10 53
5 7 -1 13 17 20 21
36 24 -1 47 17 8 51
5 7 -1 13 17 20 21
38 25 -1 47 16 6 48
5 7 -1 13 17 20 21
40 27 -1 46 14 4 46
5 7 -1 13 17 20 21
42 28 -1 46 13 2 44
5 7 -1 13 17 20 21
43 30 -1 46 11 0 41
5 7 -1 13 17 19 21
45 31 -1 45 10 58 39
5 7 -1 13 17 19 21
47 32 -1 45 8 55 36
5 7 -1 13 17 19 21
49 34 -1 45 7 53 34
5 7 -1 13 17 19 21
50 35 -1 44 5 51 32
5 7 -1 13 17 19 21
52 37 -1 44 4 49 29
5 7 -1 13 17 19 21
54 38 -1 43 2 47 27
5 7 -1 13 17 19 21
55 40 -1 43 1 45 25
5 7 -1 13 16 19 21
57 41 -1 43 59 43 22
5 7 -1 13 16 19 21
58 42 -1 42 58 40 20
6 7 -1 13 16 19 21
0 44 -1 42 56 38 18
6 7 -1 13 16 19 21
2 45 -1 42 55 36 15
6 7 -1 13 16 19 21
3 47 -1 41 53 34 13
6 7 -1 13 16 19 21
5 48 -1 41 52 32 11
30






























1
По всем вопросам касающимся приложения обращайтесь по WhatsApp +79952867503
1
09.2026

      
	
