1
For advertising or questions send us e-mail kogdanamaz@gmail.com 
30
5 6 -1 13 17 20 21
29 46 -1 34 12 16 28
5 6 -1 13 17 20 21
31 48 -1 34 10 14 26
5 6 -1 13 17 20 21
32 49 -1 33 9 12 23
5 6 -1 13 17 20 21
34 50 -1 33 8 10 21
5 6 -1 13 17 20 21
36 52 -1 33 7 8 19
5 6 -1 13 17 20 21
37 53 -1 32 5 6 16
5 6 -1 13 17 20 21
39 55 -1 32 4 4 14
5 6 -1 13 17 20 21
40 56 -1 32 3 1 12
5 6 -1 13 17 19 21
42 57 -1 31 1 59 10
5 6 -1 13 17 19 21
44 59 -1 31 0 57 7
5 7 -1 13 16 19 21
45 0 -1 31 58 55 5
5 7 -1 13 16 19 21
47 2 -1 30 57 53 3
5 7 -1 13 16 19 21
48 3 -1 30 56 51 0
5 7 -1 13 16 19 20
50 4 -1 30 54 49 58
5 7 -1 13 16 19 20
52 6 -1 29 53 47 56
5 7 -1 13 16 19 20
53 7 -1 29 51 45 54
5 7 -1 13 16 19 20
55 9 -1 28 50 42 51
5 7 -1 13 16 19 20
56 10 -1 28 48 40 49
5 7 -1 13 16 19 20
58 11 -1 28 47 38 47
5 7 -1 13 16 19 20
59 13 -1 27 45 36 45
6 7 -1 13 16 19 20
1 14 -1 27 44 34 42
6 7 -1 13 16 19 20
2 16 -1 27 42 32 40
6 7 -1 13 16 19 20
4 17 -1 26 41 30 38
6 7 -1 13 16 19 20
5 18 -1 26 39 28 36
6 7 -1 13 16 19 20
7 20 -1 26 38 26 34
6 7 -1 13 16 19 20
8 21 -1 25 36 23 31
6 7 -1 13 16 19 20
10 23 -1 25 35 21 29
6 7 -1 13 16 19 20
11 24 -1 25 33 19 27
6 7 -1 13 16 19 20
13 26 -1 24 32 17 25
6 7 -1 13 16 19 20
14 27 -1 24 30 15 23
30






























1
По всем вопросам касающимся приложения обращайтесь по WhatsApp +79952867503
1
09.2026

      
	
