1
For advertising or questions send us e-mail kogdanamaz@gmail.com 
30
5 7 -1 14 17 20 22
41 24 -1 3 44 40 18
5 7 -1 14 17 20 22
43 25 -1 2 43 38 15
5 7 -1 14 17 20 22
44 26 -1 2 42 36 13
5 7 -1 14 17 20 22
46 28 -1 2 41 34 11
5 7 -1 14 17 20 22
47 29 -1 1 40 32 9
5 7 -1 14 17 20 22
49 30 -1 1 39 30 7
5 7 -1 14 17 20 22
51 31 -1 1 38 29 5
5 7 -1 14 17 20 22
52 32 -1 0 36 27 2
5 7 -1 14 17 20 22
54 33 -1 0 35 25 0
5 7 -1 14 17 20 21
55 35 -1 0 34 23 58
5 7 -1 13 17 20 21
57 36 -1 59 33 21 56
5 7 -1 13 17 20 21
58 37 -1 59 32 19 54
6 7 -1 13 17 20 21
0 38 -1 59 30 17 52
6 7 -1 13 17 20 21
1 39 -1 58 29 15 49
6 7 -1 13 17 20 21
2 41 -1 58 28 13 47
6 7 -1 13 17 20 21
4 42 -1 58 26 12 45
6 7 -1 13 17 20 21
5 43 -1 57 25 10 43
6 7 -1 13 17 20 21
7 44 -1 57 24 8 41
6 7 -1 13 17 20 21
8 45 -1 56 23 6 39
6 7 -1 13 17 20 21
9 46 -1 56 21 4 37
6 7 -1 13 17 20 21
11 48 -1 56 20 2 35
6 7 -1 13 17 20 21
12 49 -1 55 19 0 33
6 7 -1 13 17 19 21
14 50 -1 55 17 58 31
6 7 -1 13 17 19 21
15 51 -1 55 16 56 29
6 7 -1 13 17 19 21
16 52 -1 54 15 55 27
6 7 -1 13 17 19 21
18 54 -1 54 13 53 25
6 7 -1 13 17 19 21
19 55 -1 54 12 51 23
6 7 -1 13 17 19 21
20 56 -1 53 10 49 21
6 7 -1 13 17 19 21
22 57 -1 53 9 47 19
6 7 -1 13 17 19 21
23 59 -1 53 8 45 17
30






























1
По всем вопросам касающимся приложения обращайтесь по WhatsApp +79952867503
1
09.2026

      
	
