1
For advertising or questions send us e-mail kogdanamaz@gmail.com 
30
5 7 -1 13 17 20 21
21 0 -1 37 18 12 46
5 7 -1 13 17 20 21
22 1 -1 36 17 10 44
5 7 -1 13 17 20 21
24 2 -1 36 16 8 42
5 7 -1 13 17 20 21
25 3 -1 36 15 6 40
5 7 -1 13 17 20 21
27 4 -1 35 14 5 38
5 7 -1 13 17 20 21
28 6 -1 35 13 3 36
5 7 -1 13 17 20 21
30 7 -1 35 12 1 34
5 7 -1 13 17 19 21
31 8 -1 34 10 59 32
5 7 -1 13 17 19 21
32 9 -1 34 9 58 30
5 7 -1 13 17 19 21
34 10 -1 34 8 56 28
5 7 -1 13 17 19 21
35 11 -1 33 7 54 26
5 7 -1 13 17 19 21
36 12 -1 33 6 52 24
5 7 -1 13 17 19 21
38 13 -1 33 5 50 22
5 7 -1 13 17 19 21
39 14 -1 32 3 49 20
5 7 -1 13 17 19 21
40 15 -1 32 2 47 18
5 7 -1 13 17 19 21
42 16 -1 32 1 45 16
5 7 -1 13 17 19 21
43 18 -1 31 0 43 14
5 7 -1 13 16 19 21
44 19 -1 31 59 41 12
5 7 -1 13 16 19 21
46 20 -1 30 57 40 10
5 7 -1 13 16 19 21
47 21 -1 30 56 38 8
5 7 -1 13 16 19 21
48 22 -1 30 55 36 6
5 7 -1 13 16 19 21
49 23 -1 29 54 34 4
5 7 -1 13 16 19 21
51 24 -1 29 52 32 2
5 7 -1 13 16 19 21
52 25 -1 29 51 30 0
5 7 -1 13 16 19 20
53 26 -1 28 50 29 58
5 7 -1 13 16 19 20
54 27 -1 28 48 27 56
5 7 -1 13 16 19 20
56 29 -1 28 47 25 54
5 7 -1 13 16 19 20
57 30 -1 27 46 23 52
5 7 -1 13 16 19 20
58 31 -1 27 45 22 50
5 7 -1 13 16 19 20
59 32 -1 27 43 20 49
30






























1
По всем вопросам касающимся приложения обращайтесь по WhatsApp +79952867503
1
09.2026

      
	
