1
For advertising or questions send us e-mail kogdanamaz@gmail.com 
31
6 8 -1 13 17 19 21
24 6 -1 57 7 46 24
6 8 -1 13 17 19 21
25 7 -1 57 5 44 22
6 8 -1 13 17 19 21
27 8 -1 56 4 42 19
6 8 -1 13 17 19 21
28 10 -1 56 2 40 17
6 8 -1 13 17 19 21
30 11 -1 56 1 38 15
6 8 -1 13 16 19 21
31 13 -1 55 59 36 13
6 8 -1 13 16 19 21
33 14 -1 55 58 34 11
6 8 -1 13 16 19 21
34 15 -1 55 56 32 9
6 8 -1 13 16 19 21
36 17 -1 54 55 30 7
6 8 -1 13 16 19 21
37 18 -1 54 53 28 5
6 8 -1 13 16 19 21
39 20 -1 54 52 26 3
6 8 -1 13 16 19 21
40 21 -1 54 50 24 1
6 8 -1 13 16 19 20
41 23 -1 53 49 22 59
6 8 -1 13 16 19 20
43 24 -1 53 47 20 57
6 8 -1 13 16 19 20
44 26 -1 53 46 19 56
6 8 -1 13 16 19 20
46 27 -1 53 44 17 54
6 8 -1 13 16 19 20
47 29 -1 53 43 15 52
6 8 -1 13 16 19 20
49 30 -1 52 41 13 50
6 8 -1 13 16 19 20
50 32 -1 52 40 11 48
6 8 -1 13 16 19 20
51 33 -1 52 38 9 47
6 8 -1 13 16 19 20
53 35 -1 52 37 7 45
6 8 -1 13 16 19 20
54 36 -1 52 36 6 43
6 8 -1 13 16 19 20
56 38 -1 52 34 4 41
6 8 -1 13 16 19 20
57 39 -1 51 33 2 40
6 8 -1 13 16 19 20
58 41 -1 51 31 0 38
7 8 -1 13 16 18 20
0 42 -1 51 30 58 37
7 8 -1 13 16 18 20
1 44 -1 51 29 57 35
6 7 -1 12 15 17 19
3 45 -1 51 27 55 33
6 7 -1 12 15 17 19
4 47 -1 51 26 53 32
6 7 -1 12 15 17 19
5 48 -1 51 25 52 30
6 7 -1 12 15 17 19
7 50 -1 51 23 50 29
31































1
По всем вопросам касающимся приложения обращайтесь по WhatsApp +79952867503
1
10.2026

      
	