1
For advertising or questions send us e-mail kogdanamaz@gmail.com 
30
5 6 -1 13 17 20 21
14 54 -1 31 13 7 43
5 6 -1 13 17 20 21
15 55 -1 31 12 5 41
5 6 -1 13 17 20 21
17 56 -1 31 11 3 39
5 6 -1 13 17 20 21
18 57 -1 30 10 2 36
5 6 -1 13 17 20 21
20 59 -1 30 9 0 34
5 7 -1 13 17 19 21
21 0 -1 30 7 58 32
5 7 -1 13 17 19 21
23 1 -1 29 6 56 30
5 7 -1 13 17 19 21
24 2 -1 29 5 55 28
5 7 -1 13 17 19 21
25 3 -1 29 4 53 26
5 7 -1 13 17 19 21
27 4 -1 28 3 51 24
5 7 -1 13 17 19 21
28 5 -1 28 2 49 22
5 7 -1 13 17 19 21
30 6 -1 28 0 47 20
5 7 -1 13 16 19 21
31 8 -1 27 59 45 18
5 7 -1 13 16 19 21
32 9 -1 27 58 44 16
5 7 -1 13 16 19 21
34 10 -1 27 57 42 14
5 7 -1 13 16 19 21
35 11 -1 26 56 40 12
5 7 -1 13 16 19 21
36 12 -1 26 54 38 10
5 7 -1 13 16 19 21
38 13 -1 26 53 36 7
5 7 -1 13 16 19 21
39 14 -1 25 52 34 5
5 7 -1 13 16 19 21
40 15 -1 25 51 33 3
5 7 -1 13 16 19 21
42 17 -1 25 49 31 1
5 7 -1 13 16 19 20
43 18 -1 24 48 29 59
5 7 -1 13 16 19 20
44 19 -1 24 47 27 58
5 7 -1 13 16 19 20
46 20 -1 23 45 25 56
5 7 -1 13 16 19 20
47 21 -1 23 44 23 54
5 7 -1 13 16 19 20
48 22 -1 23 43 22 52
5 7 -1 13 16 19 20
49 23 -1 22 41 20 50
5 7 -1 13 16 19 20
51 25 -1 22 40 18 48
5 7 -1 13 16 19 20
52 26 -1 22 39 16 46
5 7 -1 13 16 19 20
53 27 -1 21 38 14 44
30






























1
По всем вопросам касающимся приложения обращайтесь по WhatsApp +79952867503
1
09.2026

      
	
