1
For advertising or questions send us e-mail kogdanamaz@gmail.com 
30
5 7 -1 14 18 21 22
43 35 -1 18 1 0 46
5 7 -1 14 18 20 22
45 36 -1 18 0 58 44
5 7 -1 14 17 20 22
47 38 -1 18 58 56 41
5 7 -1 14 17 20 22
49 39 -1 17 57 54 39
5 7 -1 14 17 20 22
51 40 -1 17 56 52 36
5 7 -1 14 17 20 22
52 42 -1 17 54 50 34
5 7 -1 14 17 20 22
54 43 -1 16 53 48 31
5 7 -1 14 17 20 22
56 45 -1 16 52 46 29
5 7 -1 14 17 20 22
58 46 -1 16 50 43 27
6 7 -1 14 17 20 22
0 47 -1 15 49 41 24
6 7 -1 14 17 20 22
2 49 -1 15 48 39 22
6 7 -1 14 17 20 22
3 50 -1 15 46 37 19
6 7 -1 14 17 20 22
5 52 -1 14 45 35 17
6 7 -1 14 17 20 22
7 53 -1 14 43 33 14
6 7 -1 14 17 20 22
9 54 -1 14 42 31 12
6 7 -1 14 17 20 22
10 56 -1 13 40 29 10
6 7 -1 14 17 20 22
12 57 -1 13 39 27 7
6 7 -1 14 17 20 22
14 59 -1 13 37 25 5
6 8 -1 14 17 20 22
15 0 -1 12 36 22 2
6 8 -1 14 17 20 22
17 1 -1 12 35 20 0
6 8 -1 14 17 20 21
19 3 -1 11 33 18 58
6 8 -1 14 17 20 21
20 4 -1 11 32 16 55
6 8 -1 14 17 20 21
22 6 -1 11 30 14 53
6 8 -1 14 17 20 21
23 7 -1 10 29 12 51
6 8 -1 14 17 20 21
25 8 -1 10 27 10 49
6 8 -1 14 17 20 21
27 10 -1 10 25 8 46
6 8 -1 14 17 20 21
28 11 -1 9 24 6 44
6 8 -1 14 17 20 21
30 13 -1 9 22 4 42
6 8 -1 14 17 20 21
31 14 -1 9 21 2 40
6 8 -1 14 17 19 21
33 15 -1 8 19 59 38
30






























1
По всем вопросам касающимся приложения обращайтесь по WhatsApp +79952867503
1
09.2026

      
	
