1
For advertising or questions send us e-mail kogdanamaz@gmail.com 
30
5 6 -1 13 17 20 22
9 58 -1 40 23 20 4
5 7 -1 13 17 20 22
11 0 -1 40 21 18 2
5 7 -1 13 17 20 21
13 1 -1 40 20 16 59
5 7 -1 13 17 20 21
15 2 -1 39 19 14 57
5 7 -1 13 17 20 21
17 4 -1 39 18 12 54
5 7 -1 13 17 20 21
18 5 -1 39 16 11 52
5 7 -1 13 17 20 21
20 6 -1 38 15 9 50
5 7 -1 13 17 20 21
22 8 -1 38 14 7 47
5 7 -1 13 17 20 21
24 9 -1 38 12 4 45
5 7 -1 13 17 20 21
25 10 -1 37 11 2 43
5 7 -1 13 17 20 21
27 12 -1 37 10 0 40
5 7 -1 13 17 19 21
29 13 -1 37 8 58 38
5 7 -1 13 17 19 21
30 14 -1 36 7 56 36
5 7 -1 13 17 19 21
32 16 -1 36 6 54 33
5 7 -1 13 17 19 21
34 17 -1 36 4 52 31
5 7 -1 13 17 19 21
35 18 -1 35 3 50 29
5 7 -1 13 17 19 21
37 19 -1 35 2 48 26
5 7 -1 13 17 19 21
38 21 -1 34 0 46 24
5 7 -1 13 16 19 21
40 22 -1 34 59 44 22
5 7 -1 13 16 19 21
42 23 -1 34 57 42 20
5 7 -1 13 16 19 21
43 25 -1 33 56 40 17
5 7 -1 13 16 19 21
45 26 -1 33 54 38 15
5 7 -1 13 16 19 21
46 27 -1 33 53 36 13
5 7 -1 13 16 19 21
48 29 -1 32 51 34 11
5 7 -1 13 16 19 21
49 30 -1 32 50 32 9
5 7 -1 13 16 19 21
51 32 -1 32 49 30 6
5 7 -1 13 16 19 21
52 33 -1 31 47 28 4
5 7 -1 13 16 19 21
54 34 -1 31 46 26 2
5 7 -1 13 16 19 21
55 36 -1 31 44 24 0
5 7 -1 13 16 19 20
57 37 -1 30 43 22 58
30






























1
По всем вопросам касающимся приложения обращайтесь по WhatsApp +79952867503
1
09.2026

      
	
