1
For advertising or questions send us e-mail kogdanamaz@gmail.com 
31
5 7 -1 13 17 18 20
56 26 -1 13 1 59 29
5 7 -1 13 16 18 20
58 28 -1 13 59 57 27
5 7 -1 13 16 18 20
59 29 -1 12 57 54 24
6 7 -1 13 16 18 20
1 31 -1 12 55 52 22
6 7 -1 13 16 18 20
3 33 -1 12 52 50 20
6 7 -1 13 16 18 20
5 35 -1 12 50 47 17
6 7 -1 13 16 18 20
7 37 -1 11 48 45 15
6 7 -1 13 16 18 20
9 39 -1 11 46 42 12
6 7 -1 13 16 18 20
11 41 -1 11 44 40 10
6 7 -1 13 16 18 20
12 42 -1 10 42 37 7
6 7 -1 13 16 18 20
14 44 -1 10 40 35 5
6 7 -1 13 16 18 20
16 46 -1 10 37 33 3
6 7 -1 13 16 18 20
18 48 -1 10 35 30 0
6 7 -1 13 16 18 19
20 50 -1 9 33 28 58
6 7 -1 13 16 18 19
22 52 -1 9 31 26 56
6 7 -1 13 16 18 19
24 54 -1 9 29 23 53
6 7 -1 13 16 18 19
26 56 -1 9 27 21 51
6 7 -1 13 16 18 19
28 58 -1 9 25 19 49
6 8 -1 13 16 18 19
30 0 -1 8 23 16 46
6 8 -1 13 16 18 19
31 1 -1 8 20 14 44
6 8 -1 13 16 18 19
33 3 -1 8 18 12 42
6 8 -1 13 16 18 19
35 5 -1 8 16 10 40
6 8 -1 13 16 18 19
37 7 -1 8 14 7 37
6 8 -1 13 16 18 19
39 9 -1 8 12 5 35
6 8 -1 13 16 18 19
41 11 -1 8 10 3 33
6 8 -1 13 16 18 19
43 13 -1 7 8 1 31
6 8 -1 13 16 17 19
45 15 -1 7 6 59 29
6 8 -1 13 16 17 19
47 17 -1 7 4 57 27
6 8 -1 13 16 17 19
49 19 -1 7 2 55 25
6 8 -1 13 16 17 19
51 21 -1 7 1 53 23
6 8 -1 13 15 17 19
53 23 -1 7 59 50 20
31































1
По всем вопросам касающимся приложения обращайтесь по WhatsApp +79952867503
1
10.2026

      
	