1
For advertising or questions send us e-mail kogdanamaz@gmail.com 
30
5 7 -1 14 17 20 21
53 12 -1 0 38 43 57
5 7 -1 14 17 20 21
55 13 -1 0 37 41 54
5 7 -1 14 17 20 21
57 15 -1 0 35 39 52
5 7 -1 13 17 20 21
58 16 -1 59 34 37 49
6 7 -1 13 17 20 21
0 18 -1 59 33 35 47
6 7 -1 13 17 20 21
2 19 -1 59 31 33 45
6 7 -1 13 17 20 21
4 21 -1 58 30 30 42
6 7 -1 13 17 20 21
5 22 -1 58 29 28 40
6 7 -1 13 17 20 21
7 24 -1 58 27 26 38
6 7 -1 13 17 20 21
9 25 -1 57 26 24 35
6 7 -1 13 17 20 21
10 26 -1 57 24 22 33
6 7 -1 13 17 20 21
12 28 -1 57 23 20 30
6 7 -1 13 17 20 21
14 29 -1 56 21 17 28
6 7 -1 13 17 20 21
15 31 -1 56 20 15 26
6 7 -1 13 17 20 21
17 32 -1 56 18 13 23
6 7 -1 13 17 20 21
18 34 -1 55 17 11 21
6 7 -1 13 17 20 21
20 35 -1 55 15 9 19
6 7 -1 13 17 20 21
22 37 -1 55 14 7 17
6 7 -1 13 17 20 21
23 38 -1 54 12 4 14
6 7 -1 13 17 20 21
25 40 -1 54 11 2 12
6 7 -1 13 17 20 21
26 41 -1 54 9 0 10
6 7 -1 13 17 19 21
28 42 -1 53 8 58 7
6 7 -1 13 17 19 21
29 44 -1 53 6 56 5
6 7 -1 13 17 19 21
31 45 -1 52 5 54 3
6 7 -1 13 17 19 21
33 47 -1 52 3 51 1
6 7 -1 13 17 19 20
34 48 -1 52 2 49 58
6 7 -1 13 17 19 20
36 50 -1 51 0 47 56
6 7 -1 13 16 19 20
37 51 -1 51 58 45 54
6 7 -1 13 16 19 20
39 53 -1 51 57 43 52
6 7 -1 13 16 19 20
40 54 -1 50 55 41 50
30






























1
По всем вопросам касающимся приложения обращайтесь по WhatsApp +79952867503
1
09.2026

      
	
