1
For advertising or questions send us e-mail kogdanamaz@gmail.com 
30
5 7 -1 13 17 20 21
28 8 -1 45 26 20 56
5 7 -1 13 17 20 21
29 9 -1 45 25 19 54
5 7 -1 13 17 20 21
31 10 -1 44 24 17 52
5 7 -1 13 17 20 21
32 11 -1 44 23 15 50
5 7 -1 13 17 20 21
33 12 -1 44 22 13 47
5 7 -1 13 17 20 21
35 13 -1 43 21 11 45
5 7 -1 13 17 20 21
36 14 -1 43 20 10 43
5 7 -1 13 17 20 21
38 16 -1 43 19 8 41
5 7 -1 13 17 20 21
39 17 -1 42 17 6 39
5 7 -1 13 17 20 21
41 18 -1 42 16 4 37
5 7 -1 13 17 20 21
42 19 -1 42 15 2 35
5 7 -1 13 17 20 21
43 20 -1 41 14 1 33
5 7 -1 13 17 19 21
45 21 -1 41 13 59 31
5 7 -1 13 17 19 21
46 22 -1 40 12 57 29
5 7 -1 13 17 19 21
47 23 -1 40 10 55 27
5 7 -1 13 17 19 21
49 24 -1 40 9 53 25
5 7 -1 13 17 19 21
50 26 -1 39 8 51 23
5 7 -1 13 17 19 21
51 27 -1 39 7 50 21
5 7 -1 13 17 19 21
53 28 -1 39 5 48 19
5 7 -1 13 17 19 21
54 29 -1 38 4 46 17
5 7 -1 13 17 19 21
55 30 -1 38 3 44 15
5 7 -1 13 17 19 21
57 31 -1 38 2 42 13
5 7 -1 13 17 19 21
58 32 -1 37 0 40 11
5 7 -1 13 16 19 21
59 33 -1 37 59 39 9
6 7 -1 13 16 19 21
1 35 -1 37 58 37 7
6 7 -1 13 16 19 21
2 36 -1 36 56 35 5
6 7 -1 13 16 19 21
3 37 -1 36 55 33 3
6 7 -1 13 16 19 21
4 38 -1 36 54 31 1
6 7 -1 13 16 19 20
6 39 -1 35 52 30 59
6 7 -1 13 16 19 20
7 40 -1 35 51 28 57
30






























1
По всем вопросам касающимся приложения обращайтесь по WhatsApp +79952867503
1
09.2026

      
	
