1
For advertising or questions send us e-mail kogdanamaz@gmail.com 
30
5 7 -1 13 17 20 22
30 15 -1 55 37 34 14
5 7 -1 13 17 20 22
32 17 -1 55 36 32 12
5 7 -1 13 17 20 22
34 18 -1 55 35 30 9
5 7 -1 13 17 20 22
35 19 -1 54 34 28 7
5 7 -1 13 17 20 22
37 20 -1 54 33 26 5
5 7 -1 13 17 20 22
39 22 -1 54 32 24 2
5 7 -1 13 17 20 22
40 23 -1 53 30 22 0
5 7 -1 13 17 20 21
42 24 -1 53 29 20 58
5 7 -1 13 17 20 21
43 25 -1 53 28 18 56
5 7 -1 13 17 20 21
45 27 -1 52 27 16 54
5 7 -1 13 17 20 21
46 28 -1 52 25 14 51
5 7 -1 13 17 20 21
48 29 -1 52 24 13 49
5 7 -1 13 17 20 21
50 30 -1 51 23 11 47
5 7 -1 13 17 20 21
51 32 -1 51 21 9 45
5 7 -1 13 17 20 21
53 33 -1 51 20 7 42
5 7 -1 13 17 20 21
54 34 -1 50 19 5 40
5 7 -1 13 17 20 21
56 35 -1 50 17 3 38
5 7 -1 13 17 20 21
57 36 -1 50 16 1 36
5 7 -1 13 17 19 21
59 38 -1 49 15 59 34
6 7 -1 13 17 19 21
0 39 -1 49 13 57 32
6 7 -1 13 17 19 21
1 40 -1 49 12 55 29
6 7 -1 13 17 19 21
3 41 -1 48 11 53 27
6 7 -1 13 17 19 21
4 43 -1 48 9 51 25
6 7 -1 13 17 19 21
6 44 -1 47 8 49 23
6 7 -1 13 17 19 21
7 45 -1 47 6 47 21
6 7 -1 13 17 19 21
9 47 -1 47 5 45 19
6 7 -1 13 17 19 21
10 48 -1 46 4 43 17
6 7 -1 13 17 19 21
11 49 -1 46 2 41 15
6 7 -1 13 17 19 21
13 50 -1 46 1 39 13
6 7 -1 13 16 19 21
14 52 -1 45 59 37 11
30






























1
По всем вопросам касающимся приложения обращайтесь по WhatsApp +79952867503
1
09.2026

      
	
