1
For advertising or questions send us e-mail kogdanamaz@gmail.com 
30
4 6 -1 13 17 20 22
57 51 -1 36 18 18 7
4 6 -1 13 17 20 22
59 53 -1 35 17 16 4
5 6 -1 13 17 20 22
1 54 -1 35 16 14 2
5 6 -1 13 17 20 21
3 56 -1 35 14 12 59
5 6 -1 13 17 20 21
5 57 -1 34 13 10 57
5 6 -1 13 17 20 21
7 58 -1 34 12 8 54
5 7 -1 13 17 20 21
9 0 -1 34 10 6 51
5 7 -1 13 17 20 21
11 1 -1 33 9 4 49
5 7 -1 13 17 20 21
13 3 -1 33 8 2 46
5 7 -1 13 17 19 21
15 4 -1 33 6 59 44
5 7 -1 13 17 19 21
16 6 -1 32 5 57 41
5 7 -1 13 17 19 21
18 7 -1 32 3 55 39
5 7 -1 13 17 19 21
20 8 -1 32 2 53 36
5 7 -1 13 17 19 21
22 10 -1 31 0 51 34
5 7 -1 13 16 19 21
24 11 -1 31 59 49 31
5 7 -1 13 16 19 21
26 13 -1 31 57 47 29
5 7 -1 13 16 19 21
27 14 -1 30 56 44 27
5 7 -1 13 16 19 21
29 16 -1 30 54 42 24
5 7 -1 13 16 19 21
31 17 -1 30 53 40 22
5 7 -1 13 16 19 21
32 18 -1 29 51 38 19
5 7 -1 13 16 19 21
34 20 -1 29 50 36 17
5 7 -1 13 16 19 21
36 21 -1 28 48 34 15
5 7 -1 13 16 19 21
38 23 -1 28 47 32 12
5 7 -1 13 16 19 21
39 24 -1 28 45 29 10
5 7 -1 13 16 19 21
41 26 -1 27 44 27 8
5 7 -1 13 16 19 21
43 27 -1 27 42 25 5
5 7 -1 13 16 19 21
44 29 -1 27 41 23 3
5 7 -1 13 16 19 21
46 30 -1 26 39 21 1
5 7 -1 13 16 19 20
47 32 -1 26 37 19 58
5 7 -1 13 16 19 20
49 33 -1 26 36 17 56
30






























1
По всем вопросам касающимся приложения обращайтесь по WhatsApp +79952867503
1
09.2026

      
	
