1
For advertising or questions send us e-mail kogdanamaz@gmail.com 
30
5 7 -1 13 17 20 22
23 8 -1 48 30 26 6
5 7 -1 13 17 20 22
25 9 -1 48 29 24 4
5 7 -1 13 17 20 22
26 11 -1 47 28 22 2
5 7 -1 13 17 20 21
28 12 -1 47 27 21 59
5 7 -1 13 17 20 21
30 13 -1 47 25 19 57
5 7 -1 13 17 20 21
31 14 -1 46 24 17 55
5 7 -1 13 17 20 21
33 16 -1 46 23 15 53
5 7 -1 13 17 20 21
35 17 -1 46 22 13 50
5 7 -1 13 17 20 21
36 18 -1 45 21 11 48
5 7 -1 13 17 20 21
38 19 -1 45 19 9 46
5 7 -1 13 17 20 21
39 21 -1 45 18 7 44
5 7 -1 13 17 20 21
41 22 -1 44 17 5 42
5 7 -1 13 17 20 21
42 23 -1 44 15 3 39
5 7 -1 13 17 20 21
44 24 -1 44 14 1 37
5 7 -1 13 17 19 21
45 25 -1 43 13 59 35
5 7 -1 13 17 19 21
47 27 -1 43 11 57 33
5 7 -1 13 17 19 21
48 28 -1 43 10 55 31
5 7 -1 13 17 19 21
50 29 -1 42 9 54 28
5 7 -1 13 17 19 21
51 30 -1 42 7 52 26
5 7 -1 13 17 19 21
53 32 -1 42 6 50 24
5 7 -1 13 17 19 21
54 33 -1 41 5 48 22
5 7 -1 13 17 19 21
56 34 -1 41 3 46 20
5 7 -1 13 17 19 21
57 35 -1 40 2 44 18
5 7 -1 13 17 19 21
59 37 -1 40 1 42 16
6 7 -1 13 16 19 21
0 38 -1 40 59 40 14
6 7 -1 13 16 19 21
1 39 -1 39 58 38 12
6 7 -1 13 16 19 21
3 40 -1 39 56 36 9
6 7 -1 13 16 19 21
4 42 -1 39 55 34 7
6 7 -1 13 16 19 21
6 43 -1 38 54 32 5
6 7 -1 13 16 19 21
7 44 -1 38 52 30 3
30






























1
По всем вопросам касающимся приложения обращайтесь по WhatsApp +79952867503
1
09.2026

      
	
