1
For advertising or questions send us e-mail kogdanamaz@gmail.com 
31
6 8 -1 13 17 19 21
25 5 -1 56 8 46 22
6 8 -1 13 17 19 21
26 6 -1 56 6 44 20
6 8 -1 13 17 19 21
28 7 -1 56 5 42 18
6 8 -1 13 17 19 21
29 9 -1 55 3 40 16
6 8 -1 13 17 19 21
30 10 -1 55 2 38 14
6 8 -1 13 17 19 21
32 11 -1 55 0 36 12
6 8 -1 13 16 19 21
33 13 -1 54 59 34 10
6 8 -1 13 16 19 21
35 14 -1 54 57 32 8
6 8 -1 13 16 19 21
36 16 -1 54 56 30 6
6 8 -1 13 16 19 21
37 17 -1 54 54 29 4
6 8 -1 13 16 19 21
39 18 -1 53 53 27 2
6 8 -1 13 16 19 21
40 20 -1 53 51 25 0
6 8 -1 13 16 19 20
42 21 -1 53 50 23 58
6 8 -1 13 16 19 20
43 23 -1 53 48 21 56
6 8 -1 13 16 19 20
44 24 -1 52 47 19 55
6 8 -1 13 16 19 20
46 26 -1 52 45 17 53
6 8 -1 13 16 19 20
47 27 -1 52 44 15 51
6 8 -1 13 16 19 20
49 28 -1 52 43 14 49
6 8 -1 13 16 19 20
50 30 -1 52 41 12 48
6 8 -1 13 16 19 20
51 31 -1 51 40 10 46
6 8 -1 13 16 19 20
53 33 -1 51 38 8 44
6 8 -1 13 16 19 20
54 34 -1 51 37 6 42
6 8 -1 13 16 19 20
55 36 -1 51 36 5 41
6 8 -1 13 16 19 20
57 37 -1 51 34 3 39
6 8 -1 13 16 19 20
58 39 -1 51 33 1 38
6 8 -1 13 16 19 20
59 40 -1 51 32 0 36
7 8 -1 13 16 18 20
1 42 -1 51 30 58 35
6 7 -1 12 15 17 19
2 43 -1 50 29 56 33
6 7 -1 12 15 17 19
3 44 -1 50 28 55 32
6 7 -1 12 15 17 19
5 46 -1 50 26 53 30
6 7 -1 12 15 17 19
6 47 -1 50 25 52 29
31































1
По всем вопросам касающимся приложения обращайтесь по WhatsApp +79952867503
1
10.2026

      
	