1
For advertising or questions send us e-mail kogdanamaz@gmail.com 
30
5 7 -1 13 17 20 22
9 6 -1 51 34 35 26
5 7 -1 13 17 20 22
11 7 -1 51 32 33 23
5 7 -1 13 17 20 22
13 8 -1 51 31 31 20
5 7 -1 13 17 20 22
15 10 -1 50 30 29 18
5 7 -1 13 17 20 22
17 11 -1 50 28 26 15
5 7 -1 13 17 20 22
19 13 -1 50 27 24 12
5 7 -1 13 17 20 22
21 14 -1 49 26 22 10
5 7 -1 13 17 20 22
23 16 -1 49 24 20 7
5 7 -1 13 17 20 22
25 17 -1 49 23 18 5
5 7 -1 13 17 20 22
27 19 -1 48 21 16 2
5 7 -1 13 17 20 21
29 20 -1 48 20 13 59
5 7 -1 13 17 20 21
31 22 -1 48 18 11 57
5 7 -1 13 17 20 21
33 23 -1 47 17 9 54
5 7 -1 13 17 20 21
35 25 -1 47 15 7 52
5 7 -1 13 17 20 21
37 26 -1 46 14 5 49
5 7 -1 13 17 20 21
39 28 -1 46 12 2 47
5 7 -1 13 17 20 21
40 29 -1 46 11 0 44
5 7 -1 13 17 19 21
42 31 -1 45 9 58 42
5 7 -1 13 17 19 21
44 32 -1 45 8 56 39
5 7 -1 13 17 19 21
46 34 -1 45 6 54 37
5 7 -1 13 17 19 21
48 35 -1 44 5 51 34
5 7 -1 13 17 19 21
49 37 -1 44 3 49 32
5 7 -1 13 17 19 21
51 38 -1 44 2 47 29
5 7 -1 13 17 19 21
53 40 -1 43 0 45 27
5 7 -1 13 16 19 21
55 41 -1 43 58 43 25
5 7 -1 13 16 19 21
56 43 -1 43 57 40 22
5 7 -1 13 16 19 21
58 44 -1 42 55 38 20
6 7 -1 13 16 19 21
0 46 -1 42 54 36 18
6 7 -1 13 16 19 21
1 47 -1 42 52 34 15
6 7 -1 13 16 19 21
3 49 -1 41 50 32 13
30






























1
По всем вопросам касающимся приложения обращайтесь по WhatsApp +79952867503
1
09.2026

      
	
