1
For advertising or questions send us e-mail kogdanamaz@gmail.com 
30
4 5 -1 12 16 18 20
19 49 -1 23 56 56 26
4 5 -1 12 16 18 20
20 50 -1 23 55 55 25
4 5 -1 12 16 18 20
21 51 -1 22 53 53 23
4 5 -1 12 16 18 20
22 52 -1 22 51 51 21
4 5 -1 12 16 18 20
23 53 -1 22 50 50 20
4 5 -1 12 16 18 20
24 54 -1 21 48 48 18
4 5 -1 12 16 18 20
25 55 -1 21 46 46 16
4 5 -1 12 16 18 20
26 56 -1 21 45 45 15
4 5 -1 12 16 18 20
27 57 -1 20 43 43 13
4 5 -1 12 16 18 20
28 58 -1 20 41 41 11
4 5 -1 12 16 18 20
29 59 -1 20 40 40 10
4 6 -1 12 16 18 20
30 0 -1 19 38 38 8
4 6 -1 12 16 18 20
31 1 -1 19 36 36 6
4 6 -1 12 16 18 20
32 2 -1 18 34 34 4
4 6 -1 12 16 18 20
33 3 -1 18 33 33 3
4 6 -1 12 16 18 20
34 4 -1 18 31 31 1
4 6 -1 12 16 18 19
35 5 -1 17 29 29 59
4 6 -1 12 16 18 19
36 6 -1 17 28 28 58
4 6 -1 12 16 18 19
37 7 -1 17 26 26 56
4 6 -1 12 16 18 19
38 8 -1 16 24 24 54
4 6 -1 12 16 18 19
39 9 -1 16 22 22 52
4 6 -1 12 16 18 19
40 10 -1 16 21 21 51
4 6 -1 12 16 18 19
41 11 -1 15 19 19 49
4 6 -1 12 16 18 19
42 12 -1 15 17 17 47
4 6 -1 12 16 18 19
43 13 -1 15 16 16 46
4 6 -1 12 16 18 19
44 14 -1 14 14 14 44
4 6 -1 12 16 18 19
45 15 -1 14 12 12 42
4 6 -1 12 16 18 19
46 16 -1 14 10 10 40
4 6 -1 12 16 18 19
47 17 -1 13 9 9 39
4 6 -1 12 16 18 19
48 18 -1 13 7 7 37
30






























1
По всем вопросам касающимся приложения обращайтесь по WhatsApp +79952867503
1
09.2026

      
	
