1
For advertising or questions send us e-mail kogdanamaz@gmail.com 
30
5 7 -1 13 17 20 21
22 2 -1 39 20 14 49
5 7 -1 13 17 20 21
24 3 -1 39 19 12 47
5 7 -1 13 17 20 21
25 4 -1 38 18 10 45
5 7 -1 13 17 20 21
27 5 -1 38 17 9 43
5 7 -1 13 17 20 21
28 6 -1 38 16 7 41
5 7 -1 13 17 20 21
30 7 -1 37 15 5 39
5 7 -1 13 17 20 21
31 9 -1 37 14 3 36
5 7 -1 13 17 20 21
33 10 -1 37 13 2 34
5 7 -1 13 17 20 21
34 11 -1 36 11 0 32
5 7 -1 13 17 19 21
35 12 -1 36 10 58 30
5 7 -1 13 17 19 21
37 13 -1 35 9 56 28
5 7 -1 13 17 19 21
38 14 -1 35 8 54 26
5 7 -1 13 17 19 21
39 15 -1 35 7 53 24
5 7 -1 13 17 19 21
41 16 -1 34 6 51 22
5 7 -1 13 17 19 21
42 17 -1 34 4 49 20
5 7 -1 13 17 19 21
43 19 -1 34 3 47 18
5 7 -1 13 17 19 21
45 20 -1 33 2 45 16
5 7 -1 13 17 19 21
46 21 -1 33 1 44 14
5 7 -1 13 16 19 21
47 22 -1 33 59 42 12
5 7 -1 13 16 19 21
49 23 -1 32 58 40 10
5 7 -1 13 16 19 21
50 24 -1 32 57 38 8
5 7 -1 13 16 19 21
51 25 -1 32 56 36 6
5 7 -1 13 16 19 21
52 26 -1 31 54 34 4
5 7 -1 13 16 19 21
54 27 -1 31 53 33 2
5 7 -1 13 16 19 21
55 29 -1 31 52 31 0
5 7 -1 13 16 19 20
56 30 -1 30 50 29 58
5 7 -1 13 16 19 20
57 31 -1 30 49 27 57
5 7 -1 13 16 19 20
59 32 -1 29 48 25 55
6 7 -1 13 16 19 20
0 33 -1 29 47 24 53
6 7 -1 13 16 19 20
1 34 -1 29 45 22 51
30






























1
По всем вопросам касающимся приложения обращайтесь по WhatsApp +79952867503
1
09.2026

      
	
