1
For advertising or questions send us e-mail kogdanamaz@gmail.com 
30
5 6 -1 13 17 20 22
6 54 -1 36 19 16 0
5 6 -1 13 17 20 21
7 56 -1 36 17 14 57
5 6 -1 13 17 20 21
9 57 -1 36 16 12 55
5 6 -1 13 17 20 21
11 58 -1 35 15 10 53
5 7 -1 13 17 20 21
13 0 -1 35 14 8 50
5 7 -1 13 17 20 21
15 1 -1 35 12 6 48
5 7 -1 13 17 20 21
16 2 -1 34 11 4 46
5 7 -1 13 17 20 21
18 4 -1 34 10 2 43
5 7 -1 13 17 20 21
20 5 -1 34 8 0 41
5 7 -1 13 17 19 21
22 6 -1 33 7 58 38
5 7 -1 13 17 19 21
23 8 -1 33 6 56 36
5 7 -1 13 17 19 21
25 9 -1 33 4 54 34
5 7 -1 13 17 19 21
27 10 -1 32 3 52 31
5 7 -1 13 17 19 21
28 12 -1 32 2 50 29
5 7 -1 13 17 19 21
30 13 -1 32 0 48 27
5 7 -1 13 16 19 21
31 14 -1 31 59 46 25
5 7 -1 13 16 19 21
33 16 -1 31 58 44 22
5 7 -1 13 16 19 21
35 17 -1 30 56 42 20
5 7 -1 13 16 19 21
36 18 -1 30 55 40 18
5 7 -1 13 16 19 21
38 19 -1 30 53 38 15
5 7 -1 13 16 19 21
39 21 -1 29 52 36 13
5 7 -1 13 16 19 21
41 22 -1 29 50 34 11
5 7 -1 13 16 19 21
42 23 -1 29 49 32 9
5 7 -1 13 16 19 21
44 25 -1 28 48 30 7
5 7 -1 13 16 19 21
45 26 -1 28 46 28 4
5 7 -1 13 16 19 21
47 28 -1 28 45 26 2
5 7 -1 13 16 19 21
48 29 -1 27 43 24 0
5 7 -1 13 16 19 20
50 30 -1 27 42 22 58
5 7 -1 13 16 19 20
51 32 -1 27 40 20 56
5 7 -1 13 16 19 20
53 33 -1 26 39 18 54
30






























1
По всем вопросам касающимся приложения обращайтесь по WhatsApp +79952867503
1
09.2026

      
	
