1
For advertising or questions send us e-mail kogdanamaz@gmail.com 
31
6 7 -1 13 16 19 21
10 51 -1 43 53 32 9
6 7 -1 13 16 19 21
11 52 -1 42 51 30 7
6 7 -1 13 16 19 21
13 54 -1 42 50 28 5
6 7 -1 13 16 19 21
14 55 -1 42 48 26 3
6 7 -1 13 16 19 21
16 57 -1 41 47 24 1
6 7 -1 13 16 19 20
17 58 -1 41 45 22 59
6 8 -1 13 16 19 20
19 0 -1 41 44 20 57
6 8 -1 13 16 19 20
20 1 -1 40 42 18 55
6 8 -1 13 16 19 20
22 2 -1 40 41 16 53
6 8 -1 13 16 19 20
23 4 -1 40 39 14 51
6 8 -1 13 16 19 20
24 5 -1 40 38 12 49
6 8 -1 13 16 19 20
26 7 -1 39 36 10 47
6 8 -1 13 16 19 20
27 8 -1 39 35 8 45
6 8 -1 13 16 19 20
29 10 -1 39 33 6 43
6 8 -1 13 16 19 20
30 11 -1 39 32 4 41
6 8 -1 13 16 19 20
32 13 -1 38 30 3 39
6 8 -1 13 16 19 20
33 14 -1 38 29 1 38
6 8 -1 13 16 18 20
34 16 -1 38 27 59 36
6 8 -1 13 16 18 20
36 17 -1 38 26 57 34
6 8 -1 13 16 18 20
37 19 -1 38 24 55 32
6 8 -1 13 16 18 20
39 20 -1 38 23 53 30
6 8 -1 13 16 18 20
40 22 -1 37 22 51 29
6 8 -1 13 16 18 20
41 23 -1 37 20 50 27
6 8 -1 13 16 18 20
43 25 -1 37 19 48 25
6 8 -1 13 16 18 20
44 26 -1 37 17 46 24
6 8 -1 13 16 18 20
45 28 -1 37 16 44 22
6 8 -1 13 16 18 20
47 29 -1 37 15 43 21
5 7 -1 12 15 17 19
48 31 -1 37 13 41 19
5 7 -1 12 15 17 19
50 32 -1 37 12 39 18
5 7 -1 12 15 17 19
51 34 -1 37 11 38 16
5 7 -1 12 15 17 19
52 35 -1 37 9 36 15
31































1
По всем вопросам касающимся приложения обращайтесь по WhatsApp +79952867503
1
10.2026

      
	