1
For advertising or questions send us e-mail kogdanamaz@gmail.com 
30
5 7 -1 13 17 20 22
5 0 -1 44 27 27 16
5 7 -1 13 17 20 22
7 1 -1 44 25 25 13
5 7 -1 13 17 20 22
9 2 -1 44 24 23 11
5 7 -1 13 17 20 22
11 4 -1 43 23 21 8
5 7 -1 13 17 20 22
13 5 -1 43 22 19 6
5 7 -1 13 17 20 22
15 7 -1 43 20 17 3
5 7 -1 13 17 20 22
17 8 -1 42 19 14 0
5 7 -1 13 17 20 21
19 10 -1 42 17 12 58
5 7 -1 13 17 20 21
21 11 -1 42 16 10 55
5 7 -1 13 17 20 21
23 13 -1 41 15 8 53
5 7 -1 13 17 20 21
25 14 -1 41 13 6 50
5 7 -1 13 17 20 21
26 15 -1 41 12 4 48
5 7 -1 13 17 20 21
28 17 -1 40 10 2 45
5 7 -1 13 17 20 21
30 18 -1 40 9 0 43
5 7 -1 13 17 19 21
32 20 -1 40 7 57 40
5 7 -1 13 17 19 21
34 21 -1 39 6 55 38
5 7 -1 13 17 19 21
35 23 -1 39 4 53 35
5 7 -1 13 17 19 21
37 24 -1 38 3 51 33
5 7 -1 13 17 19 21
39 26 -1 38 1 49 31
5 7 -1 13 17 19 21
41 27 -1 38 0 47 28
5 7 -1 13 16 19 21
42 28 -1 37 58 44 26
5 7 -1 13 16 19 21
44 30 -1 37 57 42 23
5 7 -1 13 16 19 21
46 31 -1 37 55 40 21
5 7 -1 13 16 19 21
47 33 -1 36 54 38 19
5 7 -1 13 16 19 21
49 34 -1 36 52 36 16
5 7 -1 13 16 19 21
51 36 -1 36 51 34 14
5 7 -1 13 16 19 21
52 37 -1 35 49 32 12
5 7 -1 13 16 19 21
54 39 -1 35 47 29 9
5 7 -1 13 16 19 21
56 40 -1 35 46 27 7
5 7 -1 13 16 19 21
57 42 -1 34 44 25 5
30






























1
По всем вопросам касающимся приложения обращайтесь по WhatsApp +79952867503
1
09.2026

      
	
