1
For advertising or questions send us e-mail kogdanamaz@gmail.com 
31
6 7 -1 13 17 19 21
18 51 -1 44 0 36 5
6 7 -1 13 16 19 21
19 52 -1 44 58 34 3
6 7 -1 13 16 19 21
20 54 -1 44 57 32 2
6 7 -1 13 16 19 21
21 55 -1 43 56 30 0
6 7 -1 13 16 19 20
23 56 -1 43 54 29 58
6 7 -1 13 16 19 20
24 57 -1 43 53 27 56
6 7 -1 13 16 19 20
25 58 -1 43 52 25 54
6 8 -1 13 16 19 20
26 0 -1 42 50 23 53
6 8 -1 13 16 19 20
27 1 -1 42 49 22 51
6 8 -1 13 16 19 20
29 2 -1 42 48 20 49
6 8 -1 13 16 19 20
30 3 -1 41 46 18 48
6 8 -1 13 16 19 20
31 4 -1 41 45 16 46
6 8 -1 13 16 19 20
32 6 -1 41 44 15 44
6 8 -1 13 16 19 20
33 7 -1 41 42 13 43
6 8 -1 13 16 19 20
35 8 -1 41 41 11 41
6 8 -1 13 16 19 20
36 9 -1 40 40 10 39
6 8 -1 13 16 19 20
37 10 -1 40 39 8 38
6 8 -1 13 16 19 20
38 12 -1 40 37 6 36
6 8 -1 13 16 19 20
39 13 -1 40 36 5 35
6 8 -1 13 16 19 20
40 14 -1 40 35 3 33
6 8 -1 13 16 19 20
42 15 -1 39 34 2 32
6 8 -1 13 16 19 20
43 17 -1 39 32 0 30
6 8 -1 13 16 18 20
44 18 -1 39 31 59 29
6 8 -1 13 16 18 20
45 19 -1 39 30 57 27
6 8 -1 13 16 18 20
46 20 -1 39 29 56 26
6 8 -1 13 16 18 20
47 22 -1 39 28 54 25
6 8 -1 13 16 18 20
49 23 -1 39 26 53 23
5 7 -1 12 15 17 19
50 24 -1 39 25 51 22
5 7 -1 12 15 17 19
51 26 -1 38 24 50 21
5 7 -1 12 15 17 19
52 27 -1 38 23 48 19
5 7 -1 12 15 17 19
53 28 -1 38 22 47 18
31































1
По всем вопросам касающимся приложения обращайтесь по WhatsApp +79952867503
1
10.2026

      
	
