1
For advertising or questions send us e-mail kogdanamaz@gmail.com 
31
5 7 -1 13 16 19 20
49 28 -1 20 32 10 45
5 7 -1 13 16 19 20
50 30 -1 20 30 8 43
5 7 -1 13 16 19 20
52 31 -1 20 29 6 41
5 7 -1 13 16 19 20
53 32 -1 19 27 4 39
5 7 -1 13 16 19 20
55 34 -1 19 26 2 37
5 7 -1 13 16 19 20
56 35 -1 19 24 0 35
5 7 -1 13 16 18 20
58 37 -1 18 23 59 33
5 7 -1 13 16 18 20
59 38 -1 18 22 57 31
6 7 -1 13 16 18 20
0 39 -1 18 20 55 29
6 7 -1 13 16 18 20
2 41 -1 18 19 53 28
6 7 -1 13 16 18 20
3 42 -1 17 17 51 26
6 7 -1 13 16 18 20
4 43 -1 17 16 49 24
6 7 -1 13 16 18 20
6 45 -1 17 14 47 22
6 7 -1 13 16 18 20
7 46 -1 17 13 45 20
6 7 -1 13 16 18 20
9 48 -1 16 11 43 18
6 7 -1 13 16 18 20
10 49 -1 16 10 42 17
6 7 -1 13 16 18 20
11 50 -1 16 9 40 15
6 7 -1 13 16 18 20
13 52 -1 16 7 38 13
6 7 -1 13 16 18 20
14 53 -1 16 6 36 11
6 7 -1 13 16 18 20
15 55 -1 15 4 34 10
6 7 -1 13 16 18 20
17 56 -1 15 3 33 8
6 7 -1 13 16 18 20
18 58 -1 15 2 31 6
6 7 -1 13 16 18 20
19 59 -1 15 0 29 5
6 8 -1 13 15 18 20
21 0 -1 15 59 27 3
6 8 -1 13 15 18 20
22 2 -1 15 57 26 2
6 8 -1 13 15 18 20
23 3 -1 15 56 24 0
6 8 -1 13 15 18 19
25 5 -1 14 55 23 59
5 7 -1 12 14 17 18
26 6 -1 14 54 21 57
5 7 -1 12 14 17 18
27 8 -1 14 52 19 56
5 7 -1 12 14 17 18
29 9 -1 14 51 18 54
5 7 -1 12 14 17 18
30 11 -1 14 50 16 53
31































1
По всем вопросам касающимся приложения обращайтесь по WhatsApp +79952867503
1
10.2026

      
	
