1
For advertising or questions send us e-mail kogdanamaz@gmail.com 
30
5 6 -1 13 17 20 21
9 55 -1 36 18 14 55
5 6 -1 13 17 20 21
11 57 -1 35 17 13 53
5 6 -1 13 17 20 21
13 58 -1 35 15 11 51
5 6 -1 13 17 20 21
14 59 -1 35 14 9 49
5 7 -1 13 17 20 21
16 0 -1 34 13 7 46
5 7 -1 13 17 20 21
18 2 -1 34 12 5 44
5 7 -1 13 17 20 21
19 3 -1 34 11 3 42
5 7 -1 13 17 20 21
21 4 -1 33 9 1 39
5 7 -1 13 17 19 21
23 5 -1 33 8 59 37
5 7 -1 13 17 19 21
24 7 -1 33 7 57 35
5 7 -1 13 17 19 21
26 8 -1 32 6 55 33
5 7 -1 13 17 19 21
27 9 -1 32 4 53 30
5 7 -1 13 17 19 21
29 10 -1 32 3 51 28
5 7 -1 13 17 19 21
31 12 -1 31 2 49 26
5 7 -1 13 17 19 21
32 13 -1 31 0 47 24
5 7 -1 13 16 19 21
34 14 -1 31 59 45 21
5 7 -1 13 16 19 21
35 15 -1 30 58 43 19
5 7 -1 13 16 19 21
37 17 -1 30 56 41 17
5 7 -1 13 16 19 21
38 18 -1 30 55 39 15
5 7 -1 13 16 19 21
40 19 -1 29 53 37 13
5 7 -1 13 16 19 21
41 20 -1 29 52 35 10
5 7 -1 13 16 19 21
43 22 -1 28 51 33 8
5 7 -1 13 16 19 21
44 23 -1 28 49 31 6
5 7 -1 13 16 19 21
45 24 -1 28 48 29 4
5 7 -1 13 16 19 21
47 26 -1 27 46 28 2
5 7 -1 13 16 19 21
48 27 -1 27 45 26 0
5 7 -1 13 16 19 20
50 28 -1 27 44 24 58
5 7 -1 13 16 19 20
51 29 -1 26 42 22 56
5 7 -1 13 16 19 20
53 31 -1 26 41 20 54
5 7 -1 13 16 19 20
54 32 -1 26 39 18 52
30






























1
По всем вопросам касающимся приложения обращайтесь по WhatsApp +79952867503
1
09.2026

      
	
