1
For advertising or questions send us e-mail kogdanamaz@gmail.com 
30
4 6 -1 13 17 20 21
58 48 -1 30 12 10 55
5 6 -1 13 17 20 21
0 49 -1 30 11 9 52
5 6 -1 13 17 20 21
2 50 -1 29 10 7 50
5 6 -1 13 17 20 21
4 52 -1 29 9 5 48
5 6 -1 13 17 20 21
5 53 -1 29 7 3 45
5 6 -1 13 17 20 21
7 54 -1 28 6 1 43
5 6 -1 13 17 19 21
9 56 -1 28 5 59 40
5 6 -1 13 17 19 21
11 57 -1 28 3 56 38
5 6 -1 13 17 19 21
12 58 -1 27 2 54 35
5 7 -1 13 17 19 21
14 0 -1 27 1 52 33
5 7 -1 13 16 19 21
16 1 -1 27 59 50 31
5 7 -1 13 16 19 21
18 2 -1 26 58 48 28
5 7 -1 13 16 19 21
19 4 -1 26 57 46 26
5 7 -1 13 16 19 21
21 5 -1 26 55 44 24
5 7 -1 13 16 19 21
23 6 -1 25 54 42 21
5 7 -1 13 16 19 21
24 8 -1 25 53 40 19
5 7 -1 13 16 19 21
26 9 -1 25 51 38 17
5 7 -1 13 16 19 21
28 10 -1 24 50 36 14
5 7 -1 13 16 19 21
29 12 -1 24 48 34 12
5 7 -1 13 16 19 21
31 13 -1 23 47 32 10
5 7 -1 13 16 19 21
32 14 -1 23 45 30 8
5 7 -1 13 16 19 21
34 16 -1 23 44 28 5
5 7 -1 13 16 19 21
35 17 -1 22 42 26 3
5 7 -1 13 16 19 21
37 19 -1 22 41 24 1
5 7 -1 13 16 19 20
38 20 -1 22 39 22 59
5 7 -1 13 16 19 20
40 21 -1 21 38 20 57
5 7 -1 13 16 19 20
42 23 -1 21 37 18 54
5 7 -1 13 16 19 20
43 24 -1 21 35 16 52
5 7 -1 13 16 19 20
45 25 -1 20 34 14 50
5 7 -1 13 16 19 20
46 27 -1 20 32 12 48
30






























1
По всем вопросам касающимся приложения обращайтесь по WhatsApp +79952867503
1
09.2026

      
	
