1
For advertising or questions send us e-mail kogdanamaz@gmail.com 
30
3 5 -1 12 16 18 20
47 18 -1 13 52 56 27
3 5 -1 12 16 18 20
48 19 -1 12 51 54 25
3 5 -1 12 16 18 20
50 21 -1 12 49 52 22
3 5 -1 12 16 18 20
52 22 -1 12 47 50 20
3 5 -1 12 16 18 20
54 24 -1 11 46 48 17
3 5 -1 12 16 18 20
56 25 -1 11 44 46 15
3 5 -1 12 16 18 20
58 27 -1 11 42 44 12
4 5 -1 12 16 18 20
0 28 -1 10 41 41 10
4 5 -1 12 16 18 20
2 29 -1 10 39 39 7
4 5 -1 12 16 18 20
3 31 -1 10 37 37 5
4 5 -1 12 16 18 20
5 32 -1 9 35 35 2
4 5 -1 12 16 18 20
7 34 -1 9 34 33 0
4 5 -1 12 16 18 19
9 35 -1 8 32 31 57
4 5 -1 12 16 18 19
10 37 -1 8 30 28 55
4 5 -1 12 16 18 19
12 38 -1 8 28 26 52
4 5 -1 12 16 18 19
14 40 -1 7 26 24 50
4 5 -1 12 16 18 19
16 41 -1 7 25 22 47
4 5 -1 12 16 18 19
17 43 -1 7 23 20 45
4 5 -1 12 16 18 19
19 44 -1 6 21 17 42
4 5 -1 12 16 18 19
21 46 -1 6 19 15 40
4 5 -1 12 16 18 19
22 47 -1 6 17 13 38
4 5 -1 12 16 18 19
24 49 -1 5 15 11 35
4 5 -1 12 16 18 19
26 50 -1 5 13 9 33
4 5 -1 12 16 18 19
27 52 -1 5 12 6 31
4 5 -1 12 16 18 19
29 53 -1 4 10 4 28
4 5 -1 12 16 18 19
31 55 -1 4 8 2 26
4 5 -1 12 16 18 19
32 56 -1 4 6 0 24
4 5 -1 12 16 17 19
34 58 -1 3 4 58 21
4 5 -1 12 16 17 19
36 59 -1 3 2 56 19
4 6 -1 12 16 17 19
37 1 -1 3 0 53 17
30






























1
По всем вопросам касающимся приложения обращайтесь по WhatsApp +79952867503
1
09.2026

      
	
