1
For advertising or questions send us e-mail kogdanamaz@gmail.com 
30
4 6 -1 13 17 20 21
55 44 -1 26 8 6 50
4 6 -1 13 17 20 21
57 46 -1 26 7 4 48
4 6 -1 13 17 20 21
59 47 -1 26 6 2 45
5 6 -1 13 17 20 21
1 48 -1 25 5 0 43
5 6 -1 13 17 19 21
2 49 -1 25 4 59 41
5 6 -1 13 17 19 21
4 51 -1 25 2 57 38
5 6 -1 13 17 19 21
6 52 -1 24 1 55 36
5 6 -1 13 17 19 21
8 53 -1 24 0 53 33
5 6 -1 13 16 19 21
9 55 -1 24 58 50 31
5 6 -1 13 16 19 21
11 56 -1 23 57 48 29
5 6 -1 13 16 19 21
13 57 -1 23 56 46 26
5 6 -1 13 16 19 21
14 59 -1 23 54 44 24
5 7 -1 13 16 19 21
16 0 -1 22 53 42 22
5 7 -1 13 16 19 21
18 1 -1 22 52 40 19
5 7 -1 13 16 19 21
19 3 -1 21 50 38 17
5 7 -1 13 16 19 21
21 4 -1 21 49 36 15
5 7 -1 13 16 19 21
23 5 -1 21 47 34 12
5 7 -1 13 16 19 21
24 7 -1 20 46 32 10
5 7 -1 13 16 19 21
26 8 -1 20 45 30 8
5 7 -1 13 16 19 21
27 9 -1 20 43 28 6
5 7 -1 13 16 19 21
29 11 -1 19 42 26 3
5 7 -1 13 16 19 21
30 12 -1 19 40 24 1
5 7 -1 13 16 19 20
32 13 -1 19 39 22 59
5 7 -1 13 16 19 20
34 15 -1 18 37 20 57
5 7 -1 13 16 19 20
35 16 -1 18 36 18 55
5 7 -1 13 16 19 20
37 17 -1 18 34 16 52
5 7 -1 13 16 19 20
38 19 -1 17 33 14 50
5 7 -1 13 16 19 20
40 20 -1 17 31 12 48
5 7 -1 13 16 19 20
41 22 -1 17 30 10 46
5 7 -1 13 16 19 20
43 23 -1 16 28 8 44
30






























1
По всем вопросам касающимся приложения обращайтесь по WhatsApp +79952867503
1
09.2026

      
	
