1
For advertising or questions send us e-mail kogdanamaz@gmail.com 
31
5 7 -1 13 16 19 20
53 31 -1 23 36 14 48
5 7 -1 13 16 19 20
54 33 -1 23 34 12 46
5 7 -1 13 16 19 20
56 34 -1 23 33 10 44
5 7 -1 13 16 19 20
57 35 -1 23 31 8 42
5 7 -1 13 16 19 20
58 37 -1 22 30 6 40
6 7 -1 13 16 19 20
0 38 -1 22 28 4 38
6 7 -1 13 16 19 20
1 39 -1 22 27 2 36
6 7 -1 13 16 19 20
3 41 -1 21 25 0 34
6 7 -1 13 16 18 20
4 42 -1 21 24 58 32
6 7 -1 13 16 18 20
5 44 -1 21 22 56 30
6 7 -1 13 16 18 20
7 45 -1 21 21 54 29
6 7 -1 13 16 18 20
8 46 -1 20 20 53 27
6 7 -1 13 16 18 20
9 48 -1 20 18 51 25
6 7 -1 13 16 18 20
11 49 -1 20 17 49 23
6 7 -1 13 16 18 20
12 50 -1 20 15 47 21
6 7 -1 13 16 18 20
13 52 -1 19 14 45 20
6 7 -1 13 16 18 20
15 53 -1 19 12 43 18
6 7 -1 13 16 18 20
16 55 -1 19 11 42 16
6 7 -1 13 16 18 20
17 56 -1 19 10 40 14
6 7 -1 13 16 18 20
19 57 -1 19 8 38 13
6 7 -1 13 16 18 20
20 59 -1 18 7 36 11
6 8 -1 13 16 18 20
21 0 -1 18 6 35 10
6 8 -1 13 16 18 20
23 2 -1 18 4 33 8
6 8 -1 13 16 18 20
24 3 -1 18 3 31 6
6 8 -1 13 16 18 20
25 4 -1 18 2 30 5
6 8 -1 13 16 18 20
26 6 -1 18 0 28 3
6 8 -1 13 15 18 20
28 7 -1 18 59 26 2
5 7 -1 12 14 17 19
29 9 -1 18 58 25 0
5 7 -1 12 14 17 18
30 10 -1 18 56 23 59
5 7 -1 12 14 17 18
32 12 -1 17 55 22 57
5 7 -1 12 14 17 18
33 13 -1 17 54 20 56
31































1
По всем вопросам касающимся приложения обращайтесь по WhatsApp +79952867503
1
10.2026

      
	