1
For advertising or questions send us e-mail kogdanamaz@gmail.com 
30
4 6 -1 12 16 19 20
53 16 -1 41 17 6 25
4 6 -1 12 16 19 20
54 16 -1 41 16 4 23
4 6 -1 12 16 19 20
54 17 -1 41 16 3 22
4 6 -1 12 16 19 20
55 18 -1 40 15 2 21
4 6 -1 12 16 19 20
56 18 -1 40 14 1 19
4 6 -1 12 16 18 20
57 19 -1 40 14 59 18
4 6 -1 12 16 18 20
58 19 -1 39 13 58 16
4 6 -1 12 16 18 20
58 20 -1 39 12 57 15
4 6 -1 12 16 18 20
59 21 -1 39 12 55 13
5 6 -1 12 16 18 20
0 21 -1 38 11 54 12
5 6 -1 12 16 18 20
1 22 -1 38 10 53 10
5 6 -1 12 16 18 20
1 22 -1 38 9 51 9
5 6 -1 12 16 18 20
2 23 -1 37 9 50 8
5 6 -1 12 16 18 20
3 24 -1 37 8 49 6
5 6 -1 12 16 18 20
4 24 -1 37 7 47 5
5 6 -1 12 16 18 20
4 25 -1 36 6 46 3
5 6 -1 12 16 18 20
4 25 -1 36 6 46 3
5 6 -1 12 16 18 20
6 26 -1 36 5 43 0
5 6 -1 12 16 18 19
6 27 -1 35 4 42 59
5 6 -1 12 16 18 19
7 27 -1 35 3 41 58
5 6 -1 12 16 18 19
8 28 -1 34 2 39 56
5 6 -1 12 16 18 19
9 29 -1 34 1 38 55
5 6 -1 12 16 18 19
9 29 -1 34 1 37 53
5 6 -1 12 16 18 19
10 30 -1 33 0 36 52
5 6 -1 12 15 18 19
11 30 -1 33 59 34 51
5 6 -1 12 15 18 19
11 31 -1 33 58 33 49
5 6 -1 12 15 18 19
12 32 -1 32 57 32 48
5 6 -1 12 15 18 19
13 32 -1 32 56 30 47
5 6 -1 12 15 18 19
13 33 -1 32 55 29 45
5 6 -1 12 15 18 19
14 34 -1 31 55 28 44
30






























1
По всем вопросам касающимся приложения обращайтесь по WhatsApp +79952867503
1
09.2026

      
	
