1
For advertising or questions send us e-mail kogdanamaz@gmail.com 
30
4 6 -1 12 16 19 20
55 17 -1 43 18 6 25
4 6 -1 12 16 19 20
56 18 -1 42 17 5 24
4 6 -1 12 16 19 20
57 19 -1 42 16 4 22
4 6 -1 12 16 19 20
57 19 -1 42 16 3 21
4 6 -1 12 16 19 20
58 20 -1 41 15 1 19
4 6 -1 12 16 19 20
59 20 -1 41 15 0 18
5 6 -1 12 16 18 20
0 21 -1 41 14 59 17
5 6 -1 12 16 18 20
1 22 -1 40 13 58 15
5 6 -1 12 16 18 20
1 22 -1 40 12 56 14
5 6 -1 12 16 18 20
2 23 -1 40 12 55 12
5 6 -1 12 16 18 20
3 23 -1 39 11 54 11
5 6 -1 12 16 18 20
3 24 -1 39 10 52 9
5 6 -1 12 16 18 20
4 24 -1 39 10 51 8
5 6 -1 12 16 18 20
5 25 -1 38 9 50 7
5 6 -1 12 16 18 20
6 26 -1 38 8 48 5
5 6 -1 12 16 18 20
6 26 -1 37 7 47 4
5 6 -1 12 16 18 20
6 26 -1 37 7 47 4
5 6 -1 12 16 18 20
8 27 -1 37 6 45 1
5 6 -1 12 16 18 20
8 28 -1 36 5 43 0
5 6 -1 12 16 18 19
9 29 -1 36 4 42 58
5 6 -1 12 16 18 19
10 29 -1 36 3 41 57
5 6 -1 12 16 18 19
10 30 -1 35 3 39 56
5 6 -1 12 16 18 19
11 30 -1 35 2 38 54
5 6 -1 12 16 18 19
12 31 -1 35 1 37 53
5 6 -1 12 16 18 19
12 32 -1 34 0 35 51
5 6 -1 12 15 18 19
13 32 -1 34 59 34 50
5 6 -1 12 15 18 19
14 33 -1 34 58 33 49
5 6 -1 12 15 18 19
14 33 -1 33 58 32 47
5 6 -1 12 15 18 19
15 34 -1 33 57 30 46
5 6 -1 12 15 18 19
16 35 -1 33 56 29 45
30






























1
По всем вопросам касающимся приложения обращайтесь по WhatsApp +79952867503
1
09.2026

      
	
