1
For advertising or questions send us e-mail kogdanamaz@gmail.com 
30
4 6 -1 12 16 19 20
53 15 -1 40 16 4 23
4 6 -1 12 16 19 20
53 16 -1 40 15 3 22
4 6 -1 12 16 19 20
54 16 -1 40 14 2 20
4 6 -1 12 16 19 20
55 17 -1 39 14 1 19
4 6 -1 12 16 18 20
56 17 -1 39 13 59 18
4 6 -1 12 16 18 20
56 18 -1 39 13 58 16
4 6 -1 12 16 18 20
57 19 -1 38 12 57 15
4 6 -1 12 16 18 20
58 19 -1 38 11 56 13
4 6 -1 12 16 18 20
59 20 -1 38 10 54 12
4 6 -1 12 16 18 20
59 20 -1 37 10 53 11
5 6 -1 12 16 18 20
0 21 -1 37 9 52 9
5 6 -1 12 16 18 20
1 22 -1 37 8 50 8
5 6 -1 12 16 18 20
2 22 -1 36 8 49 6
5 6 -1 12 16 18 20
2 23 -1 36 7 48 5
5 6 -1 12 16 18 20
3 23 -1 36 6 46 3
5 6 -1 12 16 18 20
4 24 -1 35 5 45 2
5 6 -1 12 16 18 20
4 24 -1 35 5 45 2
5 6 -1 12 16 18 19
5 25 -1 35 4 42 59
5 6 -1 12 16 18 19
6 26 -1 34 3 41 58
5 6 -1 12 16 18 19
7 26 -1 34 2 40 56
5 6 -1 12 16 18 19
7 27 -1 34 1 39 55
5 6 -1 12 16 18 19
8 28 -1 33 0 37 54
5 6 -1 12 16 18 19
9 28 -1 33 0 36 52
5 6 -1 12 15 18 19
9 29 -1 32 59 35 51
5 6 -1 12 15 18 19
10 30 -1 32 58 33 50
5 6 -1 12 15 18 19
11 30 -1 32 57 32 48
5 6 -1 12 15 18 19
11 31 -1 31 56 31 47
5 6 -1 12 15 18 19
12 31 -1 31 55 29 45
5 6 -1 12 15 18 19
13 32 -1 31 55 28 44
5 6 -1 12 15 18 19
13 33 -1 30 54 27 43
30






























1
По всем вопросам касающимся приложения обращайтесь по WhatsApp +79952867503
1
09.2026

      
	
