1
For advertising or questions send us e-mail kogdanamaz@gmail.com 
30
4 6 -1 12 16 19 20
46 11 -1 37 12 1 31
4 6 -1 12 16 19 20
47 12 -1 36 12 0 30
4 6 -1 12 16 18 20
48 12 -1 36 11 58 28
4 6 -1 12 16 18 20
48 13 -1 36 10 57 27
4 6 -1 12 16 18 20
49 14 -1 35 10 56 26
4 6 -1 12 16 18 20
50 14 -1 35 9 55 25
4 6 -1 12 16 18 20
51 15 -1 35 8 53 23
4 6 -1 12 16 18 20
51 15 -1 34 8 52 22
4 6 -1 12 16 18 20
52 16 -1 34 7 51 21
4 6 -1 12 16 18 20
53 17 -1 34 6 49 19
4 6 -1 12 16 18 20
54 17 -1 33 5 48 18
4 6 -1 12 16 18 20
54 18 -1 33 5 47 17
4 6 -1 12 16 18 20
55 18 -1 33 4 45 15
4 6 -1 12 16 18 20
56 19 -1 32 3 44 14
4 6 -1 12 16 18 20
57 20 -1 32 2 43 13
4 6 -1 12 16 18 20
57 20 -1 32 2 41 11
4 6 -1 12 16 18 20
57 20 -1 32 2 41 11
4 6 -1 12 16 18 20
59 21 -1 31 0 39 9
5 6 -1 12 15 18 20
0 22 -1 31 59 37 7
5 6 -1 12 15 18 20
0 23 -1 30 58 36 6
5 6 -1 12 15 18 20
1 23 -1 30 58 35 5
5 6 -1 12 15 18 20
2 24 -1 29 57 33 3
5 6 -1 12 15 18 20
2 25 -1 29 56 32 2
5 6 -1 12 15 18 20
3 25 -1 29 55 31 1
5 6 -1 12 15 18 20
4 26 -1 28 54 30 0
5 6 -1 12 15 18 19
4 26 -1 28 53 28 58
5 6 -1 12 15 18 19
5 27 -1 28 53 27 57
5 6 -1 12 15 18 19
6 28 -1 27 52 26 56
5 6 -1 12 15 18 19
6 28 -1 27 51 24 54
5 6 -1 12 15 18 19
7 29 -1 27 50 23 53
30






























1
По всем вопросам касающимся приложения обращайтесь по WhatsApp +79952867503
1
09.2026

      
	
