1
For advertising or questions send us e-mail kogdanamaz@gmail.com 
30
4 6 -1 12 16 19 20
44 9 -1 37 14 3 25
4 6 -1 12 16 19 20
45 10 -1 37 13 2 24
4 6 -1 12 16 19 20
46 11 -1 36 13 1 22
4 6 -1 12 16 18 20
47 11 -1 36 12 59 20
4 6 -1 12 16 18 20
47 12 -1 36 11 58 19
4 6 -1 12 16 18 20
48 13 -1 35 11 57 17
4 6 -1 12 16 18 20
49 14 -1 35 10 55 16
4 6 -1 12 16 18 20
50 14 -1 35 9 54 14
4 6 -1 12 16 18 20
51 15 -1 34 8 52 13
4 6 -1 12 16 18 20
52 16 -1 34 7 51 11
4 6 -1 12 16 18 20
53 16 -1 34 7 50 10
4 6 -1 12 16 18 20
54 17 -1 33 6 48 8
4 6 -1 12 16 18 20
54 18 -1 33 5 47 7
4 6 -1 12 16 18 20
55 18 -1 33 4 45 5
4 6 -1 12 16 18 20
56 19 -1 32 3 44 3
4 6 -1 12 16 18 20
57 20 -1 32 2 42 2
4 6 -1 12 16 18 20
57 20 -1 32 2 42 2
4 6 -1 12 16 18 19
59 21 -1 31 1 40 59
4 6 -1 12 16 18 19
59 22 -1 31 0 38 57
5 6 -1 12 15 18 19
0 23 -1 30 59 37 56
5 6 -1 12 15 18 19
1 23 -1 30 58 35 54
5 6 -1 12 15 18 19
2 24 -1 30 57 34 53
5 6 -1 12 15 18 19
3 25 -1 29 56 33 51
5 6 -1 12 15 18 19
3 26 -1 29 55 31 50
5 6 -1 12 15 18 19
4 26 -1 29 54 30 48
5 6 -1 12 15 18 19
5 27 -1 28 53 28 47
5 6 -1 12 15 18 19
6 28 -1 28 52 27 45
5 6 -1 12 15 18 19
7 28 -1 28 51 26 44
5 6 -1 12 15 18 19
7 29 -1 27 50 24 43
5 6 -1 12 15 18 19
8 30 -1 27 49 23 41
30






























1
По всем вопросам касающимся приложения обращайтесь по WhatsApp +79952867503
1
09.2026

      
	
