1
For advertising or questions send us e-mail kogdanamaz@gmail.com 
31
5 7 -1 12 16 18 20
33 1 -1 57 20 52 12
5 7 -1 12 16 18 20
34 2 -1 57 19 51 10
5 7 -1 12 16 18 20
35 2 -1 57 18 50 9
5 7 -1 12 16 18 20
36 3 -1 56 17 48 8
5 7 -1 12 16 18 20
36 4 -1 56 16 47 7
5 7 -1 12 16 18 20
37 4 -1 56 15 46 5
5 7 -1 12 16 18 20
38 5 -1 56 14 45 4
5 7 -1 12 16 18 20
38 6 -1 55 13 43 3
5 7 -1 12 16 18 20
39 7 -1 55 13 42 1
5 7 -1 12 16 18 20
40 7 -1 55 12 41 0
5 7 -1 12 16 18 19
40 8 -1 54 11 40 59
5 7 -1 12 16 18 19
41 9 -1 54 10 38 58
5 7 -1 12 16 18 19
42 9 -1 54 9 37 57
5 7 -1 12 16 18 19
43 10 -1 54 8 36 55
5 7 -1 12 16 18 19
43 11 -1 54 7 35 54
5 7 -1 12 16 18 19
44 12 -1 53 6 33 53
5 7 -1 12 16 18 19
45 12 -1 53 5 32 52
5 7 -1 12 16 18 19
45 13 -1 53 5 31 51
5 7 -1 12 16 18 19
46 14 -1 53 4 30 50
5 7 -1 12 16 18 19
47 15 -1 53 3 29 49
5 7 -1 12 16 18 19
48 16 -1 52 2 28 48
5 7 -1 12 16 18 19
48 16 -1 52 1 27 47
5 7 -1 12 16 18 19
49 17 -1 52 0 26 46
5 7 -1 12 16 18 19
50 18 -1 52 0 25 45
4 6 -1 11 14 17 18
50 19 -1 52 59 23 44
4 6 -1 11 14 17 18
51 20 -1 52 58 22 43
4 6 -1 11 14 17 18
52 20 -1 52 57 21 42
4 6 -1 11 14 17 18
53 21 -1 52 56 20 41
4 6 -1 11 14 17 18
53 22 -1 51 56 19 40
4 6 -1 11 14 17 18
54 23 -1 51 55 18 39
4 6 -1 11 14 17 18
55 24 -1 51 54 18 38
31































1
По всем вопросам касающимся приложения обращайтесь по WhatsApp +79952867503
1
10.2026

      
	