1
For advertising or questions send us e-mail kogdanamaz@gmail.com 
30
5 6 -1 13 16 19 20
20 44 -1 5 35 24 41
5 6 -1 13 16 19 20
20 45 -1 5 34 23 39
5 6 -1 13 16 19 20
21 45 -1 4 34 22 38
5 6 -1 13 16 19 20
21 45 -1 4 34 21 37
5 6 -1 13 16 19 20
22 46 -1 4 33 20 36
5 6 -1 13 16 19 20
23 46 -1 3 33 19 35
5 6 -1 13 16 19 20
23 47 -1 3 32 18 33
5 6 -1 13 16 19 20
24 47 -1 3 32 17 32
5 6 -1 13 16 19 20
24 47 -1 2 31 16 31
5 6 -1 13 16 19 20
25 48 -1 2 31 15 30
5 6 -1 13 16 19 20
25 48 -1 1 30 13 29
5 6 -1 13 16 19 20
26 49 -1 1 30 12 27
5 6 -1 13 16 19 20
26 49 -1 1 29 11 26
5 6 -1 13 16 19 20
27 49 -1 0 29 10 25
5 6 -1 13 16 19 20
27 50 -1 0 28 9 24
5 6 -1 13 16 19 20
28 50 -1 0 28 8 23
5 6 -1 12 16 19 20
28 50 -1 59 27 7 21
5 6 -1 12 16 19 20
29 51 -1 59 26 6 20
5 6 -1 12 16 19 20
29 51 -1 59 26 5 19
5 6 -1 12 16 19 20
30 52 -1 58 25 4 18
5 6 -1 12 16 19 20
30 52 -1 58 25 2 17
5 6 -1 12 16 19 20
30 52 -1 58 24 1 16
5 6 -1 12 16 19 20
31 53 -1 57 23 0 14
5 6 -1 12 16 18 20
31 53 -1 57 23 59 13
5 6 -1 12 16 18 20
32 54 -1 57 22 58 12
5 6 -1 12 16 18 20
32 54 -1 56 22 57 11
5 6 -1 12 16 18 20
33 55 -1 56 21 56 10
5 6 -1 12 16 18 20
33 55 -1 56 20 55 9
5 6 -1 12 16 18 20
34 55 -1 55 20 54 8
5 6 -1 12 16 18 20
34 56 -1 55 19 53 7
30






























1
По всем вопросам касающимся приложения обращайтесь по WhatsApp +79952867503
1
09.2026

      
	
