1
For advertising or questions send us e-mail kogdanamaz@gmail.com 
30
2 4 -1 12 16 18 20
13 38 -1 0 12 25 19
2 4 -1 12 16 18 20
16 39 -1 0 10 23 16
2 4 -1 12 16 18 20
19 41 -1 0 8 20 13
2 4 -1 12 16 18 20
22 43 -1 0 6 18 9
2 4 -1 12 16 18 20
25 45 -1 0 4 15 6
2 4 -1 12 16 18 20
28 47 -1 0 2 13 3
2 4 -1 12 16 18 19
31 49 -1 0 0 10 59
2 4 -1 12 15 18 19
34 51 -1 0 58 7 56
2 4 -1 12 15 18 19
37 53 -1 0 55 5 53
2 4 -1 12 15 18 19
40 55 -1 0 53 2 50
2 4 -1 12 15 18 19
43 57 -1 0 51 0 47
2 4 -1 12 15 17 19
45 59 -1 0 49 57 44
2 5 -1 12 15 17 19
48 1 -1 0 47 54 41
2 5 -1 12 15 17 19
51 2 -1 0 45 52 37
2 5 -1 12 15 17 19
53 4 -1 0 43 49 34
2 5 -1 12 15 17 19
56 6 -1 0 41 46 31
2 5 -1 12 15 17 19
58 8 -1 0 38 44 28
3 5 -1 12 15 17 19
1 10 -1 0 36 41 25
3 5 -1 12 15 17 19
3 12 -1 0 34 39 22
3 5 -1 12 15 17 19
6 14 -1 0 32 36 19
3 5 -1 12 15 17 19
8 16 -1 0 30 33 17
3 5 -1 12 15 17 19
11 18 -1 0 27 31 14
3 5 -1 12 15 17 19
13 20 -1 0 25 28 11
3 5 -1 12 15 17 19
15 22 -1 0 23 25 8
3 5 -1 12 15 17 19
18 24 -1 0 21 23 5
3 5 -1 12 15 17 19
20 26 -1 0 18 20 2
3 5 -1 12 15 17 18
22 27 -1 0 16 18 59
3 5 -1 12 15 17 18
25 29 -1 0 14 15 57
3 5 -1 12 15 17 18
27 31 -1 0 12 12 54
3 5 -1 12 15 17 18
29 33 -1 0 9 10 51
30






























1
По всем вопросам касающимся приложения обращайтесь по WhatsApp +79952867503
1
09.2026

      
	
