1
For advertising or questions send us e-mail kogdanamaz@gmail.com 
30
4 6 -1 12 16 19 20
44 14 -1 40 16 4 26
4 6 -1 12 16 19 20
45 15 -1 40 15 3 25
4 6 -1 12 16 19 20
46 16 -1 40 14 2 23
4 6 -1 12 16 19 20
46 16 -1 39 14 1 22
4 6 -1 12 16 18 20
47 17 -1 39 13 59 20
4 6 -1 12 16 18 20
48 18 -1 39 12 58 19
4 6 -1 12 16 18 20
49 18 -1 38 12 57 18
4 6 -1 12 16 18 20
50 19 -1 38 11 55 16
4 6 -1 12 16 18 20
50 19 -1 38 10 54 15
4 6 -1 12 16 18 20
51 20 -1 37 10 53 13
4 6 -1 12 16 18 20
52 21 -1 37 9 52 12
4 6 -1 12 16 18 20
53 21 -1 36 8 50 10
4 6 -1 12 16 18 20
54 22 -1 36 7 49 9
4 6 -1 12 16 18 20
54 22 -1 36 7 48 7
4 6 -1 12 16 18 20
55 23 -1 35 6 46 6
4 6 -1 12 16 18 20
56 24 -1 35 5 45 5
4 6 -1 12 16 18 20
57 24 -1 35 4 44 3
4 6 -1 12 16 18 20
57 25 -1 34 3 42 2
4 6 -1 12 16 18 20
58 26 -1 34 3 41 0
4 6 -1 12 16 18 19
59 26 -1 34 2 40 59
4 6 -1 12 16 18 19
59 27 -1 33 1 38 57
5 6 -1 12 16 18 19
0 27 -1 33 0 37 56
5 6 -1 12 15 18 19
1 28 -1 33 59 36 55
5 6 -1 12 15 18 19
2 29 -1 32 59 34 53
5 6 -1 12 15 18 19
2 29 -1 32 58 33 52
5 6 -1 12 15 18 19
3 30 -1 32 57 32 50
5 6 -1 12 15 18 19
4 31 -1 31 56 30 49
5 6 -1 12 15 18 19
4 31 -1 31 55 29 48
5 6 -1 12 15 18 19
5 32 -1 31 54 28 46
5 6 -1 12 15 18 19
6 33 -1 30 53 26 45
30






























1
По всем вопросам касающимся приложения обращайтесь по WhatsApp +79952867503
1
09.2026

      
	
