1
For advertising or questions send us e-mail kogdanamaz@gmail.com 
30
4 6 -1 12 15 18 20
45 8 -1 27 55 45 1
4 6 -1 12 15 18 19
45 8 -1 27 55 44 59
4 6 -1 12 15 18 19
46 8 -1 27 55 43 58
4 6 -1 12 15 18 19
46 9 -1 26 54 42 57
4 6 -1 12 15 18 19
47 9 -1 26 54 41 56
4 6 -1 12 15 18 19
47 9 -1 26 54 40 55
4 6 -1 12 15 18 19
48 10 -1 25 53 39 54
4 6 -1 12 15 18 19
48 10 -1 25 53 38 53
4 6 -1 12 15 18 19
49 11 -1 25 52 37 51
4 6 -1 12 15 18 19
49 11 -1 24 52 36 50
4 6 -1 12 15 18 19
50 11 -1 24 52 35 49
4 6 -1 12 15 18 19
50 12 -1 24 51 34 48
4 6 -1 12 15 18 19
50 12 -1 23 51 33 47
4 6 -1 12 15 18 19
51 12 -1 23 50 32 46
4 6 -1 12 15 18 19
51 13 -1 22 50 31 45
4 6 -1 12 15 18 19
52 13 -1 22 49 30 44
4 6 -1 12 15 18 19
52 13 -1 22 49 29 42
4 6 -1 12 15 18 19
53 14 -1 21 48 28 41
4 6 -1 12 15 18 19
53 14 -1 21 48 27 40
4 6 -1 12 15 18 19
53 14 -1 21 47 26 39
4 6 -1 12 15 18 19
54 15 -1 20 46 25 38
4 6 -1 12 15 18 19
54 15 -1 20 46 24 37
4 6 -1 12 15 18 19
55 15 -1 20 45 23 36
4 6 -1 12 15 18 19
55 16 -1 19 45 22 35
4 6 -1 12 15 18 19
55 16 -1 19 44 21 34
4 6 -1 12 15 18 19
56 16 -1 19 44 19 33
4 6 -1 12 15 18 19
56 17 -1 18 43 18 32
4 6 -1 12 15 18 19
57 17 -1 18 43 17 30
4 6 -1 12 15 18 19
57 17 -1 18 42 16 29
4 6 -1 12 15 18 19
57 18 -1 17 41 15 28
30






























1
По всем вопросам касающимся приложения обращайтесь по WhatsApp +79952867503
1
09.2026

      
	
