1
For advertising or questions send us e-mail kogdanamaz@gmail.com 
31
5 6 -1 12 16 18 20
26 53 -1 50 12 45 4
5 6 -1 12 16 18 20
27 54 -1 49 11 44 3
5 6 -1 12 16 18 20
27 54 -1 49 11 42 1
5 6 -1 12 16 18 20
28 55 -1 49 10 41 0
5 6 -1 12 16 18 19
29 56 -1 49 9 40 59
5 6 -1 12 16 18 19
30 57 -1 48 8 38 57
5 6 -1 12 16 18 19
30 57 -1 48 7 37 56
5 6 -1 12 16 18 19
31 58 -1 48 6 36 55
5 6 -1 12 16 18 19
32 59 -1 47 5 35 54
5 6 -1 12 16 18 19
32 59 -1 47 4 33 52
5 7 -1 12 16 18 19
33 0 -1 47 3 32 51
5 7 -1 12 16 18 19
34 1 -1 47 3 31 50
5 7 -1 12 16 18 19
34 1 -1 46 2 30 49
5 7 -1 12 16 18 19
35 2 -1 46 1 29 48
5 7 -1 12 16 18 19
36 3 -1 46 0 27 47
5 7 -1 12 15 18 19
36 4 -1 46 59 26 45
5 7 -1 12 15 18 19
37 4 -1 45 58 25 44
5 7 -1 12 15 18 19
38 5 -1 45 57 24 43
5 7 -1 12 15 18 19
38 6 -1 45 57 23 42
5 7 -1 12 15 18 19
39 7 -1 45 56 22 41
5 7 -1 12 15 18 19
40 7 -1 45 55 21 40
5 7 -1 12 15 18 19
41 8 -1 45 54 20 39
5 7 -1 12 15 18 19
41 9 -1 44 53 19 38
5 7 -1 12 15 18 19
42 10 -1 44 53 17 37
4 6 -1 11 14 17 18
43 11 -1 44 52 16 36
4 6 -1 11 14 17 18
43 11 -1 44 51 15 35
4 6 -1 11 14 17 18
44 12 -1 44 50 14 34
4 6 -1 11 14 17 18
45 13 -1 44 50 13 34
4 6 -1 11 14 17 18
46 14 -1 44 49 12 33
4 6 -1 11 14 17 18
46 15 -1 44 48 12 32
4 6 -1 11 14 17 18
47 15 -1 44 47 11 31
31































1
По всем вопросам касающимся приложения обращайтесь по WhatsApp +79952867503
1
10.2026

      
	