1
For advertising or questions send us e-mail kogdanamaz@gmail.com 
30
5 6 -1 13 17 20 21
5 46 -1 25 6 1 38
5 6 -1 13 17 19 21
6 48 -1 24 5 59 36
5 6 -1 13 17 19 21
8 49 -1 24 4 57 34
5 6 -1 13 17 19 21
9 50 -1 24 3 56 32
5 6 -1 13 17 19 21
11 51 -1 23 2 54 30
5 6 -1 13 17 19 21
12 52 -1 23 1 52 27
5 6 -1 13 17 19 21
14 53 -1 23 0 50 25
5 6 -1 13 16 19 21
15 55 -1 22 58 48 23
5 6 -1 13 16 19 21
17 56 -1 22 57 46 21
5 6 -1 13 16 19 21
18 57 -1 22 56 45 19
5 6 -1 13 16 19 21
20 58 -1 21 55 43 17
5 6 -1 13 16 19 21
21 59 -1 21 54 41 15
5 7 -1 13 16 19 21
23 0 -1 21 52 39 13
5 7 -1 13 16 19 21
24 1 -1 20 51 37 10
5 7 -1 13 16 19 21
25 3 -1 20 50 35 8
5 7 -1 13 16 19 21
27 4 -1 20 49 33 6
5 7 -1 13 16 19 21
28 5 -1 19 47 32 4
5 7 -1 13 16 19 21
29 6 -1 19 46 30 2
5 7 -1 13 16 19 21
31 7 -1 18 45 28 0
5 7 -1 13 16 19 20
32 8 -1 18 43 26 58
5 7 -1 13 16 19 20
34 10 -1 18 42 24 56
5 7 -1 13 16 19 20
35 11 -1 17 41 22 54
5 7 -1 13 16 19 20
36 12 -1 17 39 20 52
5 7 -1 13 16 19 20
38 13 -1 17 38 18 50
5 7 -1 13 16 19 20
39 14 -1 16 37 17 48
5 7 -1 13 16 19 20
40 16 -1 16 35 15 46
5 7 -1 13 16 19 20
42 17 -1 16 34 13 44
5 7 -1 13 16 19 20
43 18 -1 15 33 11 42
5 7 -1 13 16 19 20
44 19 -1 15 31 9 40
5 7 -1 13 16 19 20
45 20 -1 15 30 7 38
30






























1
По всем вопросам касающимся приложения обращайтесь по WhatsApp +79952867503
1
09.2026

      
	
