1
For advertising or questions send us e-mail kogdanamaz@gmail.com 
30
4 6 -1 13 16 19 21
49 29 -1 6 48 42 17
4 6 -1 13 16 19 21
51 30 -1 6 47 40 15
4 6 -1 13 16 19 21
52 31 -1 6 46 38 13
4 6 -1 13 16 19 21
54 33 -1 5 45 37 11
4 6 -1 13 16 19 21
55 34 -1 5 44 35 9
4 6 -1 13 16 19 21
56 35 -1 5 42 33 7
4 6 -1 13 16 19 21
58 36 -1 4 41 31 5
4 6 -1 13 16 19 21
59 37 -1 4 40 29 3
5 6 -1 13 16 19 21
1 38 -1 4 39 28 1
5 6 -1 13 16 19 20
2 39 -1 3 38 26 59
5 6 -1 13 16 19 20
4 40 -1 3 37 24 57
5 6 -1 13 16 19 20
5 41 -1 3 35 22 55
5 6 -1 13 16 19 20
6 43 -1 2 34 20 52
5 6 -1 13 16 19 20
8 44 -1 2 33 19 50
5 6 -1 13 16 19 20
9 45 -1 2 32 17 48
5 6 -1 13 16 19 20
10 46 -1 1 31 15 46
5 6 -1 13 16 19 20
12 47 -1 1 29 13 44
5 6 -1 13 16 19 20
13 48 -1 1 28 11 42
5 6 -1 13 16 19 20
14 49 -1 0 27 9 40
5 6 -1 13 16 19 20
16 50 -1 0 26 8 38
5 6 -1 13 16 19 20
17 52 -1 0 24 6 36
5 6 -1 12 16 19 20
18 53 -1 59 23 4 34
5 6 -1 12 16 19 20
19 54 -1 59 22 2 32
5 6 -1 12 16 19 20
21 55 -1 58 20 0 30
5 6 -1 12 16 18 20
22 56 -1 58 19 58 28
5 6 -1 12 16 18 20
23 57 -1 58 18 57 27
5 6 -1 12 16 18 20
25 58 -1 57 17 55 25
5 7 -1 12 16 18 20
26 0 -1 57 15 53 23
5 7 -1 12 16 18 20
27 1 -1 57 14 51 21
5 7 -1 12 16 18 20
28 2 -1 56 13 49 19
30






























1
По всем вопросам касающимся приложения обращайтесь по WhatsApp +79952867503
1
09.2026

      
	
