1
For advertising or questions send us e-mail kogdanamaz@gmail.com 
210
4 6 -1 13 16 19 21
47 32 -1 11 53 49 28
4 6 -1 13 16 19 21
47 32 -1 11 53 49 28
4 6 -1 13 16 19 21
47 32 -1 11 53 49 28
4 6 -1 13 16 19 21
47 32 -1 11 53 49 28
4 6 -1 13 16 19 21
47 32 -1 11 53 49 28
4 6 -1 13 16 19 21
47 32 -1 11 53 49 28
4 6 -1 13 16 19 21
47 32 -1 11 53 49 28
4 6 -1 13 16 19 21
49 33 -1 11 52 47 26
4 6 -1 13 16 19 21
49 33 -1 11 52 47 26
4 6 -1 13 16 19 21
49 33 -1 11 52 47 26
4 6 -1 13 16 19 21
49 33 -1 11 52 47 26
4 6 -1 13 16 19 21
49 33 -1 11 52 47 26
4 6 -1 13 16 19 21
49 33 -1 11 52 47 26
4 6 -1 13 16 19 21
49 33 -1 11 52 47 26
4 6 -1 13 16 19 21
51 34 -1 10 51 45 24
4 6 -1 13 16 19 21
51 34 -1 10 51 45 24
4 6 -1 13 16 19 21
51 34 -1 10 51 45 24
4 6 -1 13 16 19 21
51 34 -1 10 51 45 24
4 6 -1 13 16 19 21
51 34 -1 10 51 45 24
4 6 -1 13 16 19 21
51 34 -1 10 51 45 24
4 6 -1 13 16 19 21
51 34 -1 10 51 45 24
4 6 -1 13 16 19 21
52 35 -1 10 50 43 21
4 6 -1 13 16 19 21
52 35 -1 10 50 43 21
4 6 -1 13 16 19 21
52 35 -1 10 50 43 21
4 6 -1 13 16 19 21
52 35 -1 10 50 43 21
4 6 -1 13 16 19 21
52 35 -1 10 50 43 21
4 6 -1 13 16 19 21
52 35 -1 10 50 43 21
4 6 -1 13 16 19 21
52 35 -1 10 50 43 21
4 6 -1 13 16 19 21
54 36 -1 10 48 41 19
4 6 -1 13 16 19 21
54 36 -1 10 48 41 19
4 6 -1 13 16 19 21
54 36 -1 10 48 41 19
4 6 -1 13 16 19 21
54 36 -1 10 48 41 19
4 6 -1 13 16 19 21
54 36 -1 10 48 41 19
4 6 -1 13 16 19 21
54 36 -1 10 48 41 19
4 6 -1 13 16 19 21
54 36 -1 10 48 41 19
4 6 -1 13 16 19 21
56 38 -1 10 47 39 17
4 6 -1 13 16 19 21
56 38 -1 10 47 39 17
4 6 -1 13 16 19 21
56 38 -1 10 47 39 17
4 6 -1 13 16 19 21
56 38 -1 10 47 39 17
4 6 -1 13 16 19 21
56 38 -1 10 47 39 17
4 6 -1 13 16 19 21
56 38 -1 10 47 39 17
4 6 -1 13 16 19 21
56 38 -1 10 47 39 17
4 6 -1 13 16 19 21
57 39 -1 9 46 38 15
4 6 -1 13 16 19 21
57 39 -1 9 46 38 15
4 6 -1 13 16 19 21
57 39 -1 9 46 38 15
4 6 -1 13 16 19 21
57 39 -1 9 46 38 15
4 6 -1 13 16 19 21
57 39 -1 9 46 38 15
4 6 -1 13 16 19 21
57 39 -1 9 46 38 15
4 6 -1 13 16 19 21
57 39 -1 9 46 38 15
4 6 -1 13 16 19 21
59 40 -1 9 45 36 12
4 6 -1 13 16 19 21
59 40 -1 9 45 36 12
4 6 -1 13 16 19 21
59 40 -1 9 45 36 12
4 6 -1 13 16 19 21
59 40 -1 9 45 36 12
4 6 -1 13 16 19 21
59 40 -1 9 45 36 12
4 6 -1 13 16 19 21
59 40 -1 9 45 36 12
4 6 -1 13 16 19 21
59 40 -1 9 45 36 12
5 6 -1 13 16 19 21
0 41 -1 8 44 34 10
5 6 -1 13 16 19 21
0 41 -1 8 44 34 10
5 6 -1 13 16 19 21
0 41 -1 8 44 34 10
5 6 -1 13 16 19 21
0 41 -1 8 44 34 10
5 6 -1 13 16 19 21
0 41 -1 8 44 34 10
5 6 -1 13 16 19 21
0 41 -1 8 44 34 10
5 6 -1 13 16 19 21
0 41 -1 8 44 34 10
5 6 -1 13 16 19 21
2 43 -1 8 42 32 8
5 6 -1 13 16 19 21
2 43 -1 8 42 32 8
5 6 -1 13 16 19 21
2 43 -1 8 42 32 8
5 6 -1 13 16 19 21
2 43 -1 8 42 32 8
5 6 -1 13 16 19 21
2 43 -1 8 42 32 8
5 6 -1 13 16 19 21
2 43 -1 8 42 32 8
5 6 -1 13 16 19 21
2 43 -1 8 42 32 8
5 6 -1 13 16 19 21
3 44 -1 8 41 30 6
5 6 -1 13 16 19 21
3 44 -1 8 41 30 6
5 6 -1 13 16 19 21
3 44 -1 8 41 30 6
5 6 -1 13 16 19 21
3 44 -1 8 41 30 6
5 6 -1 13 16 19 21
3 44 -1 8 41 30 6
5 6 -1 13 16 19 21
3 44 -1 8 41 30 6
5 6 -1 13 16 19 21
3 44 -1 8 41 30 6
5 6 -1 13 16 19 21
5 45 -1 7 40 28 4
5 6 -1 13 16 19 21
5 45 -1 7 40 28 4
5 6 -1 13 16 19 21
5 45 -1 7 40 28 4
5 6 -1 13 16 19 21
5 45 -1 7 40 28 4
5 6 -1 13 16 19 21
5 45 -1 7 40 28 4
5 6 -1 13 16 19 21
5 45 -1 7 40 28 4
5 6 -1 13 16 19 21
5 45 -1 7 40 28 4
5 6 -1 13 16 19 21
6 46 -1 7 39 26 2
5 6 -1 13 16 19 21
6 46 -1 7 39 26 2
5 6 -1 13 16 19 21
6 46 -1 7 39 26 2
5 6 -1 13 16 19 21
6 46 -1 7 39 26 2
5 6 -1 13 16 19 21
6 46 -1 7 39 26 2
5 6 -1 13 16 19 21
6 46 -1 7 39 26 2
5 6 -1 13 16 19 21
6 46 -1 7 39 26 2
5 6 -1 13 16 19 20
8 47 -1 7 37 24 59
5 6 -1 13 16 19 20
8 47 -1 7 37 24 59
5 6 -1 13 16 19 20
8 47 -1 7 37 24 59
5 6 -1 13 16 19 20
8 47 -1 7 37 24 59
5 6 -1 13 16 19 20
8 47 -1 7 37 24 59
5 6 -1 13 16 19 20
8 47 -1 7 37 24 59
5 6 -1 13 16 19 20
8 47 -1 7 37 24 59
5 6 -1 13 16 19 20
9 49 -1 6 36 22 57
5 6 -1 13 16 19 20
9 49 -1 6 36 22 57
5 6 -1 13 16 19 20
9 49 -1 6 36 22 57
5 6 -1 13 16 19 20
9 49 -1 6 36 22 57
5 6 -1 13 16 19 20
9 49 -1 6 36 22 57
5 6 -1 13 16 19 20
9 49 -1 6 36 22 57
5 6 -1 13 16 19 20
9 49 -1 6 36 22 57
5 6 -1 13 16 19 20
11 50 -1 6 35 20 55
5 6 -1 13 16 19 20
11 50 -1 6 35 20 55
5 6 -1 13 16 19 20
11 50 -1 6 35 20 55
5 6 -1 13 16 19 20
11 50 -1 6 35 20 55
5 6 -1 13 16 19 20
11 50 -1 6 35 20 55
5 6 -1 13 16 19 20
11 50 -1 6 35 20 55
5 6 -1 13 16 19 20
11 50 -1 6 35 20 55
5 6 -1 13 16 19 20
12 51 -1 6 33 18 53
5 6 -1 13 16 19 20
12 51 -1 6 33 18 53
5 6 -1 13 16 19 20
12 51 -1 6 33 18 53
5 6 -1 13 16 19 20
12 51 -1 6 33 18 53
5 6 -1 13 16 19 20
12 51 -1 6 33 18 53
5 6 -1 13 16 19 20
12 51 -1 6 33 18 53
5 6 -1 13 16 19 20
12 51 -1 6 33 18 53
5 6 -1 13 16 19 20
14 52 -1 5 32 16 51
5 6 -1 13 16 19 20
14 52 -1 5 32 16 51
5 6 -1 13 16 19 20
14 52 -1 5 32 16 51
5 6 -1 13 16 19 20
14 52 -1 5 32 16 51
5 6 -1 13 16 19 20
14 52 -1 5 32 16 51
5 6 -1 13 16 19 20
14 52 -1 5 32 16 51
5 6 -1 13 16 19 20
14 52 -1 5 32 16 51
5 6 -1 13 16 19 20
15 54 -1 5 31 15 49
5 6 -1 13 16 19 20
15 54 -1 5 31 15 49
5 6 -1 13 16 19 20
15 54 -1 5 31 15 49
5 6 -1 13 16 19 20
15 54 -1 5 31 15 49
5 6 -1 13 16 19 20
15 54 -1 5 31 15 49
5 6 -1 13 16 19 20
15 54 -1 5 31 15 49
5 6 -1 13 16 19 20
15 54 -1 5 31 15 49
5 6 -1 13 16 19 20
17 55 -1 5 29 13 46
5 6 -1 13 16 19 20
17 55 -1 5 29 13 46
5 6 -1 13 16 19 20
17 55 -1 5 29 13 46
5 6 -1 13 16 19 20
17 55 -1 5 29 13 46
5 6 -1 13 16 19 20
17 55 -1 5 29 13 46
5 6 -1 13 16 19 20
17 55 -1 5 29 13 46
5 6 -1 13 16 19 20
17 55 -1 5 29 13 46
5 6 -1 13 16 19 20
18 56 -1 4 28 11 44
5 6 -1 13 16 19 20
18 56 -1 4 28 11 44
5 6 -1 13 16 19 20
18 56 -1 4 28 11 44
5 6 -1 13 16 19 20
18 56 -1 4 28 11 44
5 6 -1 13 16 19 20
18 56 -1 4 28 11 44
5 6 -1 13 16 19 20
18 56 -1 4 28 11 44
5 6 -1 13 16 19 20
18 56 -1 4 28 11 44
5 6 -1 13 16 19 20
19 57 -1 4 27 9 42
5 6 -1 13 16 19 20
19 57 -1 4 27 9 42
5 6 -1 13 16 19 20
19 57 -1 4 27 9 42
5 6 -1 13 16 19 20
19 57 -1 4 27 9 42
5 6 -1 13 16 19 20
19 57 -1 4 27 9 42
5 6 -1 13 16 19 20
19 57 -1 4 27 9 42
5 6 -1 13 16 19 20
19 57 -1 4 27 9 42
5 6 -1 13 16 19 20
21 58 -1 4 25 7 40
5 6 -1 13 16 19 20
21 58 -1 4 25 7 40
5 6 -1 13 16 19 20
21 58 -1 4 25 7 40
5 6 -1 13 16 19 20
21 58 -1 4 25 7 40
5 6 -1 13 16 19 20
21 58 -1 4 25 7 40
5 6 -1 13 16 19 20
21 58 -1 4 25 7 40
5 6 -1 13 16 19 20
21 58 -1 4 25 7 40
5 7 -1 13 16 19 20
22 0 -1 3 24 5 38
5 7 -1 13 16 19 20
22 0 -1 3 24 5 38
5 7 -1 13 16 19 20
22 0 -1 3 24 5 38
5 7 -1 13 16 19 20
22 0 -1 3 24 5 38
5 7 -1 13 16 19 20
22 0 -1 3 24 5 38
5 7 -1 13 16 19 20
22 0 -1 3 24 5 38
5 7 -1 13 16 19 20
22 0 -1 3 24 5 38
5 7 -1 13 16 19 20
24 1 -1 3 22 3 36
5 7 -1 13 16 19 20
24 1 -1 3 22 3 36
5 7 -1 13 16 19 20
24 1 -1 3 22 3 36
5 7 -1 13 16 19 20
24 1 -1 3 22 3 36
5 7 -1 13 16 19 20
24 1 -1 3 22 3 36
5 7 -1 13 16 19 20
24 1 -1 3 22 3 36
5 7 -1 13 16 19 20
24 1 -1 3 22 3 36
5 7 -1 13 16 19 20
25 2 -1 2 21 1 34
5 7 -1 13 16 19 20
25 2 -1 2 21 1 34
5 7 -1 13 16 19 20
25 2 -1 2 21 1 34
5 7 -1 13 16 19 20
25 2 -1 2 21 1 34
5 7 -1 13 16 19 20
25 2 -1 2 21 1 34
5 7 -1 13 16 19 20
25 2 -1 2 21 1 34
5 7 -1 13 16 19 20
25 2 -1 2 21 1 34
5 7 -1 13 16 18 20
26 3 -1 2 20 59 32
5 7 -1 13 16 18 20
26 3 -1 2 20 59 32
5 7 -1 13 16 18 20
26 3 -1 2 20 59 32
5 7 -1 13 16 18 20
26 3 -1 2 20 59 32
5 7 -1 13 16 18 20
26 3 -1 2 20 59 32
5 7 -1 13 16 18 20
26 3 -1 2 20 59 32
5 7 -1 13 16 18 20
26 3 -1 2 20 59 32
5 7 -1 13 16 18 20
28 5 -1 2 18 57 30
5 7 -1 13 16 18 20
28 5 -1 2 18 57 30
5 7 -1 13 16 18 20
28 5 -1 2 18 57 30
5 7 -1 13 16 18 20
28 5 -1 2 18 57 30
5 7 -1 13 16 18 20
28 5 -1 2 18 57 30
5 7 -1 13 16 18 20
28 5 -1 2 18 57 30
5 7 -1 13 16 18 20
28 5 -1 2 18 57 30
5 7 -1 13 16 18 20
29 6 -1 1 17 55 28
5 7 -1 13 16 18 20
29 6 -1 1 17 55 28
5 7 -1 13 16 18 20
29 6 -1 1 17 55 28
5 7 -1 13 16 18 20
29 6 -1 1 17 55 28
5 7 -1 13 16 18 20
29 6 -1 1 17 55 28
5 7 -1 13 16 18 20
29 6 -1 1 17 55 28
5 7 -1 13 16 18 20
29 6 -1 1 17 55 28
5 7 -1 13 16 18 20
30 7 -1 1 15 53 26
5 7 -1 13 16 18 20
30 7 -1 1 15 53 26
5 7 -1 13 16 18 20
30 7 -1 1 15 53 26
5 7 -1 13 16 18 20
30 7 -1 1 15 53 26
5 7 -1 13 16 18 20
30 7 -1 1 15 53 26
5 7 -1 13 16 18 20
30 7 -1 1 15 53 26
5 7 -1 13 16 18 20
30 7 -1 1 15 53 26
210


















































































































































































































1
По всем вопросам касающимся приложения обращайтесь по WhatsApp +79952867503
1
09.2026

      
	
