1
For advertising or questions send us e-mail kogdanamaz@gmail.com 
31
5 6 -1 12 16 18 20
19 49 -1 43 0 35 1
5 6 -1 12 15 18 19
20 50 -1 42 59 33 59
5 6 -1 12 15 18 19
21 51 -1 42 58 32 58
5 6 -1 12 15 18 19
22 52 -1 42 56 30 56
5 6 -1 12 15 18 19
23 53 -1 41 55 28 54
5 6 -1 12 15 18 19
24 54 -1 41 54 27 53
5 6 -1 12 15 18 19
25 55 -1 41 53 25 51
5 6 -1 12 15 18 19
27 56 -1 41 52 24 49
5 6 -1 12 15 18 19
28 57 -1 40 50 22 48
5 6 -1 12 15 18 19
29 58 -1 40 49 20 46
5 6 -1 12 15 18 19
30 59 -1 40 48 19 45
5 7 -1 12 15 18 19
31 0 -1 40 47 17 43
5 7 -1 12 15 18 19
32 1 -1 39 46 16 41
5 7 -1 12 15 18 19
33 3 -1 39 44 14 40
5 7 -1 12 15 18 19
34 4 -1 39 43 12 38
5 7 -1 12 15 18 19
35 5 -1 39 42 11 37
5 7 -1 12 15 18 19
36 6 -1 38 41 9 36
5 7 -1 12 15 18 19
37 7 -1 38 40 8 34
5 7 -1 12 15 18 19
38 8 -1 38 38 6 33
5 7 -1 12 15 18 19
39 9 -1 38 37 5 31
5 7 -1 12 15 18 19
40 10 -1 38 36 3 30
5 7 -1 12 15 18 19
41 12 -1 38 35 2 29
5 7 -1 12 15 18 19
42 13 -1 37 34 1 27
5 7 -1 12 15 17 19
43 14 -1 37 33 59 26
5 7 -1 12 15 17 19
44 15 -1 37 32 58 25
5 7 -1 12 15 17 19
45 16 -1 37 31 56 23
5 7 -1 12 15 17 19
47 17 -1 37 30 55 22
4 6 -1 11 14 16 18
48 18 -1 37 29 54 21
5 7 -1 12 15 17 19
49 20 -1 37 27 52 20
4 6 -1 11 14 16 18
50 21 -1 37 26 51 19
4 6 -1 11 14 16 18
51 22 -1 37 25 50 17
31































1
По всем вопросам касающимся приложения обращайтесь по WhatsApp +79952867503
1
10.2026

      
	
