1
For advertising or questions send us e-mail kogdanamaz@gmail.com 
30
4 6 -1 13 16 19 21
55 37 -1 15 57 52 29
4 6 -1 13 16 19 21
56 38 -1 15 56 50 27
4 6 -1 13 16 19 21
58 39 -1 14 55 48 25
4 6 -1 13 16 19 21
59 40 -1 14 53 46 22
5 6 -1 13 16 19 21
1 41 -1 14 52 44 20
5 6 -1 13 16 19 21
3 43 -1 13 51 43 18
5 6 -1 13 16 19 21
4 44 -1 13 50 41 16
5 6 -1 13 16 19 21
6 45 -1 13 49 39 14
5 6 -1 13 16 19 21
7 46 -1 12 48 37 12
5 6 -1 13 16 19 21
8 47 -1 12 46 35 10
5 6 -1 13 16 19 21
10 48 -1 12 45 33 7
5 6 -1 13 16 19 21
11 50 -1 11 44 31 5
5 6 -1 13 16 19 21
13 51 -1 11 43 30 3
5 6 -1 13 16 19 21
14 52 -1 11 42 28 1
5 6 -1 13 16 19 20
16 53 -1 10 40 26 59
5 6 -1 13 16 19 20
17 54 -1 10 39 24 57
5 6 -1 13 16 19 20
18 55 -1 10 38 22 55
5 6 -1 13 16 19 20
20 57 -1 9 36 20 53
5 6 -1 13 16 19 20
21 58 -1 9 35 18 51
5 6 -1 13 16 19 20
23 59 -1 9 34 16 49
5 7 -1 13 16 19 20
24 0 -1 8 32 15 47
5 7 -1 13 16 19 20
25 1 -1 8 31 13 45
5 7 -1 13 16 19 20
27 2 -1 7 30 11 42
5 7 -1 13 16 19 20
28 4 -1 7 29 9 40
5 7 -1 13 16 19 20
29 5 -1 7 27 7 38
5 7 -1 13 16 19 20
31 6 -1 6 26 5 36
5 7 -1 13 16 19 20
32 7 -1 6 24 3 35
5 7 -1 13 16 19 20
33 8 -1 6 23 1 33
5 7 -1 13 16 19 20
34 10 -1 5 22 0 31
5 7 -1 13 16 18 20
36 11 -1 5 20 58 29
30






























1
По всем вопросам касающимся приложения обращайтесь по WhatsApp +79952867503
1
09.2026

      
	
