1
For advertising or questions send us e-mail kogdanamaz@gmail.com 
31
5 7 -1 13 16 18 20
56 26 -1 10 44 52 22
5 7 -1 13 16 18 20
59 29 -1 10 41 49 19
6 7 -1 13 16 18 20
1 31 -1 9 38 46 16
6 7 -1 13 16 18 20
4 34 -1 9 36 43 13
6 7 -1 13 16 18 20
6 36 -1 9 33 40 10
6 7 -1 13 16 18 20
9 39 -1 9 30 37 7
6 7 -1 13 16 18 20
11 41 -1 8 28 34 4
6 7 -1 13 16 18 20
14 44 -1 8 25 31 1
6 7 -1 13 16 18 19
16 46 -1 8 22 28 58
6 7 -1 13 16 18 19
19 49 -1 7 20 25 55
6 7 -1 13 16 18 19
21 51 -1 7 17 22 52
6 7 -1 13 16 18 19
24 54 -1 7 14 19 49
6 7 -1 13 16 18 19
27 57 -1 7 12 16 46
6 7 -1 13 16 18 19
29 59 -1 6 9 13 43
6 8 -1 13 16 18 19
32 2 -1 6 6 10 40
6 8 -1 13 16 18 19
34 4 -1 6 4 7 37
6 8 -1 13 16 18 19
37 7 -1 6 1 4 34
6 8 -1 13 15 18 19
39 9 -1 6 58 1 31
6 8 -1 13 15 17 19
42 12 -1 5 56 58 28
6 8 -1 13 15 17 19
45 15 -1 5 53 55 25
6 8 -1 13 15 17 19
47 17 -1 5 50 52 22
6 8 -1 13 15 17 19
50 20 -1 5 48 49 19
6 8 -1 13 15 17 19
52 22 -1 5 45 46 16
6 8 -1 13 15 17 19
55 25 -1 5 43 43 13
6 8 -1 13 15 17 19
58 28 -1 5 40 40 10
7 8 -1 13 15 17 19
0 30 -1 4 38 38 8
7 8 -1 13 15 17 19
3 33 -1 4 35 35 5
7 8 -1 13 15 17 19
6 36 -1 4 32 32 2
7 8 -1 13 15 17 18
8 38 -1 4 30 29 59
7 8 -1 13 15 17 18
11 41 -1 4 28 26 56
7 8 -1 13 15 17 18
13 43 -1 4 25 24 54
31































1
По всем вопросам касающимся приложения обращайтесь по WhatsApp +79952867503
1
10.2026

      
	