1
For advertising or questions send us e-mail kogdanamaz@gmail.com 
31
5 7 -1 12 16 18 20
26 3 -1 55 8 46 18
5 7 -1 12 16 18 20
27 4 -1 55 7 44 16
5 7 -1 12 16 18 20
28 5 -1 54 5 42 15
5 7 -1 12 16 18 20
30 6 -1 54 4 40 13
5 7 -1 12 16 18 20
31 8 -1 54 2 38 11
5 7 -1 12 16 18 20
32 9 -1 53 1 36 9
5 7 -1 12 16 18 20
34 10 -1 53 0 34 7
5 7 -1 12 15 18 20
35 12 -1 53 58 32 5
5 7 -1 12 15 18 20
36 13 -1 53 57 31 3
5 7 -1 12 15 18 20
38 14 -1 52 55 29 1
5 7 -1 12 15 18 19
39 16 -1 52 54 27 59
5 7 -1 12 15 18 19
40 17 -1 52 53 25 58
5 7 -1 12 15 18 19
42 18 -1 52 51 23 56
5 7 -1 12 15 18 19
43 20 -1 51 50 22 54
5 7 -1 12 15 18 19
44 21 -1 51 48 20 52
5 7 -1 12 15 18 19
45 22 -1 51 47 18 51
5 7 -1 12 15 18 19
47 24 -1 51 46 16 49
5 7 -1 12 15 18 19
48 25 -1 51 44 14 47
5 7 -1 12 15 18 19
49 26 -1 50 43 13 46
5 7 -1 12 15 18 19
50 28 -1 50 42 11 44
5 7 -1 12 15 18 19
52 29 -1 50 40 9 43
5 7 -1 12 15 18 19
53 30 -1 50 39 8 41
5 7 -1 12 15 18 19
54 32 -1 50 38 6 39
5 7 -1 12 15 18 19
56 33 -1 50 36 4 38
5 7 -1 12 15 18 19
57 34 -1 49 35 3 36
5 7 -1 12 15 18 19
58 36 -1 49 34 1 35
5 7 -1 12 15 18 19
59 37 -1 49 33 0 33
5 6 -1 11 14 16 18
1 39 -1 49 31 58 32
6 7 -1 12 15 17 19
2 40 -1 49 30 57 31
5 6 -1 11 14 16 18
3 41 -1 49 29 55 29
5 6 -1 11 14 16 18
4 43 -1 49 28 54 28
31































1
По всем вопросам касающимся приложения обращайтесь по WhatsApp +79952867503
1
10.2026

      
	