1
For advertising or questions send us e-mail kogdanamaz@gmail.com 
30
5 6 -1 13 17 20 21
7 51 -1 30 12 7 45
5 6 -1 13 17 20 21
9 52 -1 29 10 5 43
5 6 -1 13 17 20 21
11 53 -1 29 9 3 41
5 6 -1 13 17 20 21
12 54 -1 29 8 1 39
5 6 -1 13 17 20 21
14 56 -1 28 7 0 37
5 6 -1 13 17 19 21
15 57 -1 28 6 58 34
5 6 -1 13 17 19 21
17 58 -1 28 5 56 32
5 6 -1 13 17 19 21
19 59 -1 27 3 54 30
5 7 -1 13 17 19 21
20 0 -1 27 2 52 28
5 7 -1 13 17 19 21
22 2 -1 27 1 50 26
5 7 -1 13 17 19 21
23 3 -1 26 0 48 24
5 7 -1 13 16 19 21
25 4 -1 26 59 46 21
5 7 -1 13 16 19 21
26 5 -1 26 57 45 19
5 7 -1 13 16 19 21
27 6 -1 25 56 43 17
5 7 -1 13 16 19 21
29 7 -1 25 55 41 15
5 7 -1 13 16 19 21
30 9 -1 25 53 39 13
5 7 -1 13 16 19 21
32 10 -1 24 52 37 11
5 7 -1 13 16 19 21
33 11 -1 24 51 35 9
5 7 -1 13 16 19 21
35 12 -1 24 49 33 6
5 7 -1 13 16 19 21
36 13 -1 23 48 31 4
5 7 -1 13 16 19 21
37 15 -1 23 47 29 2
5 7 -1 13 16 19 21
39 16 -1 22 45 27 0
5 7 -1 13 16 19 20
40 17 -1 22 44 25 58
5 7 -1 13 16 19 20
42 18 -1 22 43 24 56
5 7 -1 13 16 19 20
43 20 -1 21 41 22 54
5 7 -1 13 16 19 20
44 21 -1 21 40 20 52
5 7 -1 13 16 19 20
46 22 -1 21 39 18 50
5 7 -1 13 16 19 20
47 23 -1 20 37 16 48
5 7 -1 13 16 19 20
48 24 -1 20 36 14 46
5 7 -1 13 16 19 20
50 26 -1 20 35 12 44
30






























1
По всем вопросам касающимся приложения обращайтесь по WhatsApp +79952867503
1
09.2026

      
	
