1
For advertising or questions send us e-mail kogdanamaz@gmail.com 
30
5 6 -1 13 17 19 21
19 52 -1 24 4 55 23
5 6 -1 13 17 19 21
21 53 -1 24 3 53 21
5 6 -1 13 17 19 21
22 53 -1 23 2 52 19
5 6 -1 13 17 19 21
23 54 -1 23 1 50 17
5 6 -1 13 17 19 21
24 55 -1 23 0 48 15
5 6 -1 13 16 19 21
25 56 -1 22 59 47 14
5 6 -1 13 16 19 21
27 57 -1 22 58 45 12
5 6 -1 13 16 19 21
28 58 -1 22 57 44 10
5 6 -1 13 16 19 21
29 59 -1 21 56 42 8
5 7 -1 13 16 19 21
30 0 -1 21 55 41 6
5 7 -1 13 16 19 21
31 1 -1 21 54 39 5
5 7 -1 13 16 19 21
32 2 -1 20 53 37 3
5 7 -1 13 16 19 21
33 2 -1 20 52 36 1
5 7 -1 13 16 19 20
34 3 -1 20 51 34 59
5 7 -1 13 16 19 20
35 4 -1 19 50 32 58
5 7 -1 13 16 19 20
36 5 -1 19 49 31 56
5 7 -1 13 16 19 20
38 6 -1 18 48 29 54
5 7 -1 13 16 19 20
39 7 -1 18 47 28 52
5 7 -1 13 16 19 20
40 8 -1 18 46 26 51
5 7 -1 13 16 19 20
41 9 -1 17 45 24 49
5 7 -1 13 16 19 20
42 10 -1 17 44 23 47
5 7 -1 13 16 19 20
43 11 -1 17 43 21 45
5 7 -1 13 16 19 20
44 12 -1 16 42 19 44
5 7 -1 13 16 19 20
45 13 -1 16 40 18 42
5 7 -1 13 16 19 20
46 13 -1 16 39 16 40
5 7 -1 13 16 19 20
47 14 -1 15 38 15 38
5 7 -1 13 16 19 20
48 15 -1 15 37 13 37
5 7 -1 13 16 19 20
49 16 -1 15 36 11 35
5 7 -1 13 16 19 20
50 17 -1 14 35 10 33
5 7 -1 13 16 19 20
51 18 -1 14 34 8 32
30






























1
По всем вопросам касающимся приложения обращайтесь по WhatsApp +79952867503
1
09.2026

      
	
