1
For advertising or questions send us e-mail kogdanamaz@gmail.com 
31
5 6 -1 12 16 18 20
33 56 -1 52 13 46 6
5 6 -1 12 16 18 20
34 57 -1 52 12 45 5
5 6 -1 12 16 18 20
35 58 -1 51 11 43 3
5 6 -1 12 16 18 20
36 59 -1 51 10 42 2
5 7 -1 12 16 18 20
36 0 -1 51 9 40 0
5 7 -1 12 16 18 19
37 1 -1 51 8 39 59
5 7 -1 12 16 18 19
38 1 -1 50 7 38 57
5 7 -1 12 16 18 19
39 2 -1 50 6 36 56
5 7 -1 12 16 18 19
40 3 -1 50 5 35 55
5 7 -1 12 16 18 19
41 4 -1 49 4 33 53
5 7 -1 12 16 18 19
41 5 -1 49 3 32 52
5 7 -1 12 16 18 19
42 6 -1 49 2 31 51
5 7 -1 12 16 18 19
43 6 -1 49 1 29 49
5 7 -1 12 16 18 19
44 7 -1 48 0 28 48
5 7 -1 12 15 18 19
45 8 -1 48 59 27 47
5 7 -1 12 15 18 19
46 9 -1 48 58 25 46
5 7 -1 12 15 18 19
46 10 -1 48 57 24 44
5 7 -1 12 15 18 19
47 11 -1 48 56 23 43
5 7 -1 12 15 18 19
48 12 -1 47 55 22 42
5 7 -1 12 15 18 19
49 13 -1 47 54 20 41
5 7 -1 12 15 18 19
50 13 -1 47 53 19 40
5 7 -1 12 15 18 19
50 14 -1 47 52 18 38
5 7 -1 12 15 18 19
51 15 -1 47 51 17 37
5 7 -1 12 15 18 19
52 16 -1 47 50 16 36
5 7 -1 12 15 18 19
53 17 -1 47 49 14 35
5 7 -1 12 15 18 19
54 18 -1 46 49 13 34
5 7 -1 12 15 18 19
55 19 -1 46 48 12 33
4 6 -1 11 14 17 18
56 20 -1 46 47 11 32
4 6 -1 11 14 17 18
56 21 -1 46 46 10 31
4 6 -1 11 14 17 18
57 22 -1 46 45 9 30
4 6 -1 11 14 17 18
58 23 -1 46 44 8 29
31































1
По всем вопросам касающимся приложения обращайтесь по WhatsApp +79952867503
1
10.2026

      
	