1
For advertising or questions send us e-mail kogdanamaz@gmail.com 
30
4 5 -1 12 16 19 20
7 44 -1 45 5 2 31
4 5 -1 12 16 19 20
9 45 -1 45 4 0 28
4 5 -1 12 16 18 20
11 46 -1 45 3 58 26
4 5 -1 12 16 18 20
13 47 -1 45 2 57 24
4 5 -1 12 16 18 20
15 48 -1 45 0 56 22
4 5 -1 12 15 18 20
17 49 -1 45 59 54 20
4 5 -1 12 15 18 20
19 50 -1 45 57 53 18
4 5 -1 12 15 18 20
21 52 -1 45 56 51 16
4 5 -1 12 15 18 20
23 53 -1 44 55 49 14
4 5 -1 12 15 18 20
24 55 -1 44 53 47 12
4 5 -1 12 15 18 20
25 56 -1 44 51 45 10
4 5 -1 12 15 18 20
26 57 -1 44 49 43 8
4 5 -1 12 15 18 20
27 59 -1 44 47 41 6
4 6 -1 12 15 18 20
28 0 -1 44 46 39 4
4 6 -1 12 15 18 20
29 2 -1 44 45 37 1
4 6 -1 12 15 18 19
30 4 -1 44 44 34 58
4 6 -1 12 15 18 19
31 5 -1 43 43 31 56
4 6 -1 12 15 18 19
32 6 -1 43 42 29 54
4 6 -1 12 15 18 19
33 8 -1 43 41 27 52
4 6 -1 12 15 18 19
34 9 -1 43 40 25 50
4 6 -1 12 15 18 19
35 10 -1 43 39 23 48
4 6 -1 12 15 18 19
36 11 -1 43 38 21 46
4 6 -1 12 15 18 19
37 12 -1 43 37 19 44
4 6 -1 12 15 18 19
38 13 -1 43 36 17 42
4 6 -1 12 15 18 19
39 13 -1 42 35 15 40
4 6 -1 12 15 18 19
40 14 -1 42 33 13 38
4 6 -1 12 15 18 19
41 15 -1 42 32 11 37
4 6 -1 12 15 18 19
42 16 -1 42 31 9 36
4 6 -1 12 15 18 19
43 17 -1 42 29 7 34
4 6 -1 12 15 18 19
45 19 -1 42 28 6 32
30






























1
По всем вопросам касающимся приложения обращайтесь по WhatsApp +79952867503
1
09.2026

      
	
