1
For advertising or questions send us e-mail kogdanamaz@gmail.com 
30
5 6 -1 13 16 19 20
6 36 -1 1 36 24 45
5 6 -1 13 16 19 20
7 36 -1 0 35 23 44
5 6 -1 13 16 19 20
8 37 -1 0 34 22 42
5 6 -1 13 16 19 20
9 38 -1 0 34 21 41
5 6 -1 12 16 19 20
10 38 -1 59 33 19 39
5 6 -1 12 16 19 20
10 39 -1 59 33 18 38
5 6 -1 12 16 19 20
11 39 -1 59 32 17 37
5 6 -1 12 16 19 20
12 40 -1 58 31 16 35
5 6 -1 12 16 19 20
13 40 -1 58 31 14 34
5 6 -1 12 16 19 20
13 41 -1 58 30 13 32
5 6 -1 12 16 19 20
14 42 -1 57 29 12 31
5 6 -1 12 16 19 20
15 42 -1 57 28 10 30
5 6 -1 12 16 19 20
15 43 -1 57 28 9 28
5 6 -1 12 16 19 20
16 43 -1 56 27 8 27
5 6 -1 12 16 19 20
17 44 -1 56 26 7 25
5 6 -1 12 16 19 20
18 45 -1 56 25 5 24
5 6 -1 12 16 19 20
18 45 -1 55 25 4 23
5 6 -1 12 16 19 20
19 46 -1 55 24 3 21
5 6 -1 12 16 19 20
20 46 -1 55 23 1 20
5 6 -1 12 16 19 20
20 47 -1 54 22 0 19
5 6 -1 12 16 18 20
21 47 -1 54 22 59 17
5 6 -1 12 16 18 20
22 48 -1 54 21 57 16
5 6 -1 12 16 18 20
22 49 -1 53 20 56 14
5 6 -1 12 16 18 20
23 49 -1 53 19 55 13
5 6 -1 12 16 18 20
24 50 -1 52 18 54 12
5 6 -1 12 16 18 20
24 50 -1 52 18 52 10
5 6 -1 12 16 18 20
25 51 -1 52 17 51 9
5 6 -1 12 16 18 20
26 52 -1 51 16 50 8
5 6 -1 12 16 18 20
26 52 -1 51 15 49 6
5 6 -1 12 16 18 20
27 53 -1 51 14 47 5
30






























1
По всем вопросам касающимся приложения обращайтесь по WhatsApp +79952867503
1
09.2026

      
	
