1
For advertising or questions send us e-mail kogdanamaz@gmail.com 
31
5 6 -1 12 16 18 19
18 44 -1 41 4 36 54
5 6 -1 12 16 18 19
19 45 -1 41 3 35 53
5 6 -1 12 16 18 19
19 45 -1 40 2 34 52
5 6 -1 12 16 18 19
20 46 -1 40 1 33 51
5 6 -1 12 16 18 19
21 46 -1 40 0 31 49
5 6 -1 12 16 18 19
21 47 -1 39 0 30 48
5 6 -1 12 15 18 19
22 48 -1 39 59 29 47
5 6 -1 12 15 18 19
23 48 -1 39 58 28 46
5 6 -1 12 15 18 19
23 49 -1 39 57 27 45
5 6 -1 12 15 18 19
24 50 -1 38 56 25 43
5 6 -1 12 15 18 19
24 50 -1 38 55 24 42
5 6 -1 12 15 18 19
25 51 -1 38 55 23 41
5 6 -1 12 15 18 19
26 52 -1 38 54 22 40
5 6 -1 12 15 18 19
26 52 -1 37 53 21 39
5 6 -1 12 15 18 19
27 53 -1 37 52 20 38
5 6 -1 12 15 18 19
28 54 -1 37 51 18 37
5 6 -1 12 15 18 19
28 55 -1 37 50 17 36
5 6 -1 12 15 18 19
29 55 -1 36 50 16 35
5 6 -1 12 15 18 19
30 56 -1 36 49 15 34
5 6 -1 12 15 18 19
30 57 -1 36 48 14 33
5 6 -1 12 15 18 19
31 57 -1 36 47 13 32
5 6 -1 12 15 18 19
32 58 -1 36 47 12 31
5 6 -1 12 15 18 19
32 59 -1 36 46 11 30
5 7 -1 12 15 18 19
33 0 -1 35 45 10 29
5 7 -1 12 15 18 19
34 0 -1 35 44 9 28
5 7 -1 12 15 18 19
34 1 -1 35 44 8 27
5 7 -1 12 15 18 19
35 2 -1 35 43 7 26
5 7 -1 12 15 18 19
36 3 -1 35 42 6 25
5 7 -1 12 15 18 19
36 3 -1 35 41 5 24
5 7 -1 12 15 18 19
37 4 -1 35 41 4 24
5 7 -1 12 15 18 19
38 5 -1 35 40 3 23
31































1
По всем вопросам касающимся приложения обращайтесь по WhatsApp +79952867503
1
10.2026

      
	
