1
For advertising or questions send us e-mail kogdanamaz@gmail.com 
31
5 6 -1 12 15 18 19
12 35 -1 33 57 29 45
5 6 -1 12 15 18 19
13 36 -1 33 56 28 44
5 6 -1 12 15 18 19
13 36 -1 32 55 27 43
5 6 -1 12 15 18 19
14 37 -1 32 54 26 41
5 6 -1 12 15 18 19
14 37 -1 32 54 25 40
5 6 -1 12 15 18 19
15 38 -1 31 53 24 39
5 6 -1 12 15 18 19
15 38 -1 31 52 23 38
5 6 -1 12 15 18 19
16 39 -1 31 52 22 37
5 6 -1 12 15 18 19
16 39 -1 31 51 21 36
5 6 -1 12 15 18 19
17 40 -1 30 50 19 35
5 6 -1 12 15 18 19
17 40 -1 30 49 18 34
5 6 -1 12 15 18 19
18 41 -1 30 49 17 33
5 6 -1 12 15 18 19
18 41 -1 30 48 16 32
5 6 -1 12 15 18 19
19 42 -1 29 47 15 31
5 6 -1 12 15 18 19
19 43 -1 29 47 14 30
5 6 -1 12 15 18 19
20 43 -1 29 46 13 29
5 6 -1 12 15 18 19
20 44 -1 29 45 12 28
5 6 -1 12 15 18 19
21 44 -1 28 44 11 27
5 6 -1 12 15 18 19
21 45 -1 28 44 10 26
5 6 -1 12 15 18 19
22 46 -1 28 43 9 25
5 6 -1 12 15 18 19
22 46 -1 28 42 8 24
5 6 -1 12 15 18 19
23 47 -1 28 42 7 24
5 6 -1 12 15 18 19
24 47 -1 28 41 7 23
5 6 -1 12 15 18 19
24 48 -1 28 41 6 22
5 6 -1 12 15 18 19
25 49 -1 27 40 5 21
5 6 -1 12 15 18 19
25 49 -1 27 39 4 20
5 6 -1 12 15 18 19
26 50 -1 27 39 3 20
5 6 -1 12 15 18 19
26 51 -1 27 38 2 19
5 6 -1 12 15 18 19
27 51 -1 27 37 1 18
5 6 -1 12 15 18 19
27 52 -1 27 37 1 17
5 6 -1 12 15 18 19
28 53 -1 27 36 0 17
31































1
По всем вопросам касающимся приложения обращайтесь по WhatsApp +79952867503
1
10.2026

      
	