1
For advertising or questions send us e-mail kogdanamaz@gmail.com 
31
5 6 -1 12 15 18 19
14 37 -1 35 59 31 46
5 6 -1 12 15 18 19
15 37 -1 35 58 30 45
5 6 -1 12 15 18 19
15 38 -1 34 57 29 44
5 6 -1 12 15 18 19
16 38 -1 34 57 28 43
5 6 -1 12 15 18 19
16 39 -1 34 56 27 42
5 6 -1 12 15 18 19
17 39 -1 33 55 26 41
5 6 -1 12 15 18 19
17 40 -1 33 54 25 40
5 6 -1 12 15 18 19
18 40 -1 33 54 24 39
5 6 -1 12 15 18 19
18 41 -1 32 53 23 38
5 6 -1 12 15 18 19
19 41 -1 32 52 22 37
5 6 -1 12 15 18 19
19 42 -1 32 52 21 36
5 6 -1 12 15 18 19
20 42 -1 32 51 20 35
5 6 -1 12 15 18 19
20 43 -1 31 50 19 34
5 6 -1 12 15 18 19
21 43 -1 31 50 18 33
5 6 -1 12 15 18 19
21 44 -1 31 49 17 32
5 6 -1 12 15 18 19
22 45 -1 31 48 16 31
5 6 -1 12 15 18 19
22 45 -1 31 47 15 30
5 6 -1 12 15 18 19
23 46 -1 30 47 14 29
5 6 -1 12 15 18 19
23 46 -1 30 46 13 28
5 6 -1 12 15 18 19
24 47 -1 30 45 12 27
5 6 -1 12 15 18 19
24 47 -1 30 45 11 26
5 6 -1 12 15 18 19
25 48 -1 30 44 10 26
5 6 -1 12 15 18 19
25 49 -1 30 44 9 25
5 6 -1 12 15 18 19
26 49 -1 29 43 8 24
5 6 -1 12 15 18 19
26 50 -1 29 42 7 23
5 6 -1 12 15 18 19
27 51 -1 29 42 7 22
5 6 -1 12 15 18 19
27 51 -1 29 41 6 22
5 6 -1 12 15 18 19
28 52 -1 29 41 5 21
5 6 -1 12 15 18 19
29 52 -1 29 40 4 20
5 6 -1 12 15 18 19
29 53 -1 29 39 3 20
5 6 -1 12 15 18 19
30 54 -1 29 39 3 19
31































1
По всем вопросам касающимся приложения обращайтесь по WhatsApp +79952867503
1
10.2026

      
	
