1
For advertising or questions send us e-mail kogdanamaz@gmail.com 
31
5 7 -1 13 16 18 20
38 4 -1 1 24 57 15
5 7 -1 13 16 18 20
39 5 -1 1 23 55 13
5 7 -1 13 16 18 20
40 6 -1 1 22 54 12
5 7 -1 13 16 18 20
40 6 -1 0 22 53 11
5 7 -1 13 16 18 20
41 7 -1 0 21 52 10
5 7 -1 13 16 18 20
41 7 -1 0 20 50 8
5 7 -1 12 16 18 20
42 8 -1 59 19 49 7
5 7 -1 12 16 18 20
43 9 -1 59 18 48 6
5 7 -1 12 16 18 20
43 9 -1 59 17 47 5
5 7 -1 12 16 18 20
44 10 -1 59 16 46 4
5 7 -1 12 16 18 20
45 11 -1 58 16 44 2
5 7 -1 12 16 18 20
45 11 -1 58 15 43 1
5 7 -1 12 16 18 20
46 12 -1 58 14 42 0
5 7 -1 12 16 18 19
47 13 -1 58 13 41 59
5 7 -1 12 16 18 19
47 13 -1 57 12 40 58
5 7 -1 12 16 18 19
48 14 -1 57 11 39 57
5 7 -1 12 16 18 19
49 15 -1 57 11 38 56
5 7 -1 12 16 18 19
49 16 -1 57 10 36 55
5 7 -1 12 16 18 19
50 16 -1 57 9 35 54
5 7 -1 12 16 18 19
51 17 -1 56 8 34 53
5 7 -1 12 16 18 19
51 18 -1 56 7 33 52
5 7 -1 12 16 18 19
52 19 -1 56 7 32 51
5 7 -1 12 16 18 19
53 19 -1 56 6 31 50
5 7 -1 12 16 18 19
53 20 -1 56 5 30 49
5 7 -1 12 16 18 19
54 21 -1 56 4 29 48
5 7 -1 12 16 18 19
55 22 -1 56 4 28 47
5 7 -1 12 16 18 19
55 22 -1 55 3 27 46
5 7 -1 12 16 18 19
56 23 -1 55 2 26 45
5 7 -1 12 16 18 19
57 24 -1 55 2 25 45
5 7 -1 12 16 18 19
57 25 -1 55 1 24 44
5 7 -1 12 16 18 19
58 25 -1 55 0 24 43
31































1
По всем вопросам касающимся приложения обращайтесь по WhatsApp +79952867503
1
10.2026

      
	