1
For advertising or questions send us e-mail kogdanamaz@gmail.com 
31
5 6 -1 12 16 18 19
19 40 -1 39 2 36 49
5 6 -1 12 16 18 19
20 40 -1 38 2 35 48
5 6 -1 12 16 18 19
20 41 -1 38 1 34 47
5 6 -1 12 16 18 19
20 41 -1 38 1 33 46
5 6 -1 12 16 18 19
21 41 -1 37 0 32 45
5 6 -1 12 15 18 19
21 42 -1 37 59 31 44
5 6 -1 12 15 18 19
22 42 -1 37 59 30 43
5 6 -1 12 15 18 19
22 42 -1 36 58 29 42
5 6 -1 12 15 18 19
22 43 -1 36 58 28 41
5 6 -1 12 15 18 19
23 43 -1 36 57 27 40
5 6 -1 12 15 18 19
23 44 -1 36 56 26 39
5 6 -1 12 15 18 19
24 44 -1 35 56 25 38
5 6 -1 12 15 18 19
24 45 -1 35 55 24 38
5 6 -1 12 15 18 19
24 45 -1 35 55 23 37
5 6 -1 12 15 18 19
25 45 -1 35 54 23 36
5 6 -1 12 15 18 19
25 46 -1 34 54 22 35
5 6 -1 12 15 18 19
26 46 -1 34 53 21 34
5 6 -1 12 15 18 19
26 47 -1 34 52 20 33
5 6 -1 12 15 18 19
26 47 -1 34 52 19 33
5 6 -1 12 15 18 19
27 48 -1 34 51 18 32
5 6 -1 12 15 18 19
27 48 -1 34 51 17 31
5 6 -1 12 15 18 19
28 49 -1 33 50 17 30
5 6 -1 12 15 18 19
28 49 -1 33 50 16 30
5 6 -1 12 15 18 19
28 50 -1 33 49 15 29
5 6 -1 12 15 18 19
29 50 -1 33 49 14 28
5 6 -1 12 15 18 19
29 51 -1 33 48 14 28
5 6 -1 12 15 18 19
30 51 -1 33 48 13 27
5 6 -1 12 15 18 19
30 52 -1 33 47 12 26
5 6 -1 12 15 18 19
31 52 -1 33 47 11 26
5 6 -1 12 15 18 19
31 53 -1 33 46 11 25
5 6 -1 12 15 18 19
32 54 -1 33 46 10 25
31































1
По всем вопросам касающимся приложения обращайтесь по WhatsApp +79952867503
1
10.2026

      
	
