1
For advertising or questions send us e-mail kogdanamaz@gmail.com 
31
4 6 -1 12 15 18 19
50 14 -1 9 30 3 24
4 6 -1 12 15 18 19
51 15 -1 9 29 2 22
4 6 -1 12 15 18 19
52 16 -1 9 28 0 21
4 6 -1 12 15 17 19
52 17 -1 8 27 59 19
4 6 -1 12 15 17 19
53 17 -1 8 26 57 18
4 6 -1 12 15 17 19
54 18 -1 8 25 56 17
4 6 -1 12 15 17 19
55 19 -1 8 24 54 15
4 6 -1 12 15 17 19
55 19 -1 8 24 54 15
4 6 -1 12 15 17 19
56 20 -1 7 22 53 14
4 6 -1 12 15 17 19
58 22 -1 7 20 50 11
4 6 -1 12 15 17 19
58 23 -1 6 19 49 10
4 6 -1 12 15 17 19
59 24 -1 6 18 47 8
5 6 -1 12 15 17 19
0 24 -1 6 17 46 7
5 6 -1 12 15 17 19
1 25 -1 6 16 45 5
5 6 -1 12 15 17 19
2 26 -1 6 15 43 4
5 6 -1 12 15 17 19
3 27 -1 5 14 42 3
5 6 -1 12 15 17 19
4 28 -1 5 13 41 2
5 6 -1 12 15 17 19
4 29 -1 5 12 39 0
5 6 -1 12 15 17 18
5 30 -1 5 11 38 59
5 6 -1 12 15 17 18
6 31 -1 5 10 37 58
5 6 -1 12 15 17 18
7 32 -1 4 9 35 57
5 6 -1 12 15 17 18
8 33 -1 4 8 34 56
5 6 -1 12 15 17 18
8 33 -1 4 8 34 56
5 6 -1 12 15 17 18
9 34 -1 4 7 33 54
5 6 -1 12 15 17 18
11 36 -1 4 5 31 52
5 6 -1 12 15 17 18
11 37 -1 4 5 29 51
5 6 -1 12 15 17 18
12 38 -1 4 4 28 50
5 6 -1 12 15 17 18
13 39 -1 4 3 27 49
5 6 -1 12 15 17 18
14 40 -1 3 2 26 48
5 6 -1 12 15 17 18
15 41 -1 3 1 25 47
5 6 -1 12 15 17 18
16 42 -1 3 0 24 46
31































1
По всем вопросам касающимся приложения обращайтесь по WhatsApp +79952867503
1
10.2026

      
	