1
For advertising or questions send us e-mail kogdanamaz@gmail.com 
31
6 7 -1 13 16 19 20
5 32 -1 27 46 20 43
6 7 -1 13 16 19 20
6 33 -1 26 45 18 41
6 7 -1 13 16 19 20
7 34 -1 26 44 17 40
6 7 -1 13 16 19 20
8 35 -1 26 42 15 38
6 7 -1 13 16 19 20
9 36 -1 25 41 14 36
6 7 -1 13 16 19 20
10 37 -1 25 40 12 35
6 7 -1 13 16 19 20
11 38 -1 25 39 10 33
6 7 -1 13 16 19 20
11 38 -1 25 39 10 33
6 7 -1 13 16 19 20
12 39 -1 25 38 9 32
6 7 -1 13 16 19 20
14 40 -1 24 36 6 29
6 7 -1 13 16 19 20
15 41 -1 24 35 4 27
6 7 -1 13 16 19 20
16 42 -1 23 34 3 26
6 7 -1 13 16 19 20
17 43 -1 23 32 2 25
6 7 -1 13 16 19 20
18 44 -1 23 31 0 23
6 7 -1 13 16 18 20
19 45 -1 23 30 59 22
6 7 -1 13 16 18 20
20 46 -1 23 29 57 20
6 7 -1 13 16 18 20
21 47 -1 22 28 56 19
6 7 -1 13 16 18 20
22 48 -1 22 27 54 18
6 7 -1 13 16 18 20
22 49 -1 22 26 53 16
6 7 -1 13 16 18 20
23 50 -1 22 25 52 15
6 7 -1 13 16 18 20
24 51 -1 22 24 50 14
6 7 -1 13 16 18 20
25 52 -1 21 23 49 13
6 7 -1 13 16 18 20
25 52 -1 21 23 49 13
6 7 -1 13 16 18 20
26 53 -1 21 22 48 11
6 7 -1 13 16 18 20
28 56 -1 21 20 45 9
6 7 -1 13 16 18 20
29 57 -1 21 19 44 8
6 7 -1 13 16 18 20
30 58 -1 21 18 43 7
5 6 -1 12 15 17 19
31 59 -1 21 17 41 6
6 8 -1 13 16 18 20
32 0 -1 21 16 40 4
5 7 -1 12 15 17 19
33 1 -1 21 15 39 3
5 7 -1 12 15 17 19
34 2 -1 21 14 38 2
31































1
По всем вопросам касающимся приложения обращайтесь по WhatsApp +79952867503
1
10.2026

      
	
