1
For advertising or questions send us e-mail kogdanamaz@gmail.com 
30
5 7 -1 13 17 20 21
25 1 -1 35 15 8 39
5 7 -1 13 17 20 21
26 2 -1 35 14 6 37
5 7 -1 13 17 20 21
28 3 -1 34 14 4 35
5 7 -1 13 17 20 21
29 4 -1 34 13 3 33
5 7 -1 13 17 20 21
30 5 -1 34 12 1 31
5 7 -1 13 17 19 21
32 6 -1 33 11 59 29
5 7 -1 13 17 19 21
33 7 -1 33 9 58 27
5 7 -1 13 17 19 21
34 8 -1 33 8 56 25
5 7 -1 13 17 19 21
34 8 -1 33 8 56 25
5 7 -1 13 17 19 21
35 9 -1 32 7 54 23
5 7 -1 13 17 19 21
38 10 -1 32 5 51 19
5 7 -1 13 17 19 21
39 11 -1 31 4 49 18
5 7 -1 13 17 19 21
40 12 -1 31 3 47 16
5 7 -1 13 17 19 21
42 13 -1 30 2 46 14
5 7 -1 13 17 19 21
43 14 -1 30 1 44 12
5 7 -1 13 17 19 21
44 15 -1 30 0 42 10
5 7 -1 13 16 19 21
45 16 -1 29 59 41 8
5 7 -1 13 16 19 21
46 17 -1 29 57 39 6
5 7 -1 13 16 19 21
47 18 -1 29 56 37 4
5 7 -1 13 16 19 21
49 19 -1 28 55 35 3
5 7 -1 13 16 19 21
50 20 -1 28 54 34 1
5 7 -1 13 16 19 20
51 21 -1 28 53 32 59
5 7 -1 13 16 19 20
51 21 -1 28 53 32 59
5 7 -1 13 16 19 20
52 22 -1 27 52 30 57
5 7 -1 13 16 19 20
54 25 -1 27 49 27 53
5 7 -1 13 16 19 20
55 26 -1 26 48 25 52
5 7 -1 13 16 19 20
56 27 -1 26 47 24 50
5 7 -1 13 16 19 20
58 28 -1 26 46 22 48
5 7 -1 13 16 19 20
59 29 -1 25 44 20 46
6 7 -1 13 16 19 20
0 30 -1 25 43 18 45
30






























1
По всем вопросам касающимся приложения обращайтесь по WhatsApp +79952867503
1
09.2026

      
	
