1
For advertising or questions send us e-mail kogdanamaz@gmail.com 
30
4 6 -1 12 16 19 20
45 19 -1 53 34 25 55
4 6 -1 12 16 19 20
46 20 -1 53 33 24 54
4 6 -1 12 16 19 20
47 21 -1 52 32 22 52
4 6 -1 12 16 19 20
49 22 -1 52 31 21 50
4 6 -1 12 16 19 20
50 23 -1 52 30 19 48
4 6 -1 12 16 19 20
51 24 -1 51 29 17 46
4 6 -1 12 16 19 20
52 25 -1 51 28 16 44
4 6 -1 12 16 19 20
53 26 -1 51 27 14 42
4 6 -1 12 16 19 20
55 27 -1 50 26 12 40
4 6 -1 12 16 19 20
56 28 -1 50 25 11 39
4 6 -1 12 16 19 20
57 29 -1 50 24 9 37
4 6 -1 12 16 19 20
58 30 -1 49 23 7 35
4 6 -1 12 16 19 20
59 30 -1 49 22 6 33
5 6 -1 12 16 19 20
1 31 -1 49 21 4 31
5 6 -1 12 16 19 20
2 32 -1 48 19 2 29
5 6 -1 12 16 19 20
3 33 -1 48 18 1 27
5 6 -1 12 16 18 20
4 34 -1 48 17 59 26
5 6 -1 12 16 18 20
5 35 -1 47 16 57 24
5 6 -1 12 16 18 20
6 36 -1 47 15 56 22
5 6 -1 12 16 18 20
7 37 -1 46 14 54 20
5 6 -1 12 16 18 20
8 38 -1 46 13 52 18
5 6 -1 12 16 18 20
10 39 -1 46 12 51 17
5 6 -1 12 16 18 20
11 40 -1 45 10 49 15
5 6 -1 12 16 18 20
12 41 -1 45 9 47 13
5 6 -1 12 16 18 20
13 42 -1 45 8 46 11
5 6 -1 12 16 18 20
14 43 -1 44 7 44 9
5 6 -1 12 16 18 20
15 44 -1 44 6 42 8
5 6 -1 12 16 18 20
16 45 -1 44 5 41 6
5 6 -1 12 16 18 20
17 46 -1 43 3 39 4
5 6 -1 12 16 18 20
18 47 -1 43 2 37 3
30






























1
По всем вопросам касающимся приложения обращайтесь по WhatsApp +79952867503
1
09.2026

      
	
