1
For advertising or questions send us e-mail kogdanamaz@gmail.com 
30
5 7 -1 13 17 20 21
33 2 -1 32 11 1 26
5 7 -1 13 17 19 21
34 3 -1 32 10 59 24
5 7 -1 13 17 19 21
35 4 -1 32 9 58 22
5 7 -1 13 17 19 21
36 4 -1 31 8 56 21
5 7 -1 13 17 19 21
37 5 -1 31 8 55 19
5 7 -1 13 17 19 21
38 6 -1 31 7 53 17
5 7 -1 13 17 19 21
39 7 -1 30 6 52 16
5 7 -1 13 17 19 21
40 8 -1 30 5 50 14
5 7 -1 13 17 19 21
40 8 -1 30 5 50 14
5 7 -1 13 17 19 21
41 9 -1 29 4 49 12
5 7 -1 13 17 19 21
43 10 -1 29 2 46 9
5 7 -1 13 17 19 21
44 11 -1 28 1 44 7
5 7 -1 13 17 19 21
45 12 -1 28 0 43 5
5 7 -1 13 16 19 21
46 13 -1 28 59 41 4
5 7 -1 13 16 19 21
47 13 -1 27 58 40 2
5 7 -1 13 16 19 21
48 14 -1 27 57 38 0
5 7 -1 13 16 19 20
49 15 -1 27 56 37 59
5 7 -1 13 16 19 20
50 16 -1 26 55 35 57
5 7 -1 13 16 19 20
51 17 -1 26 54 34 56
5 7 -1 13 16 19 20
52 17 -1 26 53 32 54
5 7 -1 13 16 19 20
53 18 -1 25 52 31 52
5 7 -1 13 16 19 20
54 19 -1 25 51 29 51
5 7 -1 13 16 19 20
54 19 -1 25 51 29 51
5 7 -1 13 16 19 20
55 20 -1 25 50 28 49
5 7 -1 13 16 19 20
57 22 -1 24 48 25 46
5 7 -1 13 16 19 20
58 22 -1 23 47 23 44
5 7 -1 13 16 19 20
58 23 -1 23 46 21 43
5 7 -1 13 16 19 20
59 24 -1 23 45 20 41
6 7 -1 13 16 19 20
0 25 -1 22 44 18 40
6 7 -1 13 16 19 20
1 26 -1 22 43 17 38
30






























1
По всем вопросам касающимся приложения обращайтесь по WhatsApp +79952867503
1
09.2026

      
	
