1
For advertising or questions send us e-mail kogdanamaz@gmail.com 
30
5 7 -1 13 17 20 21
42 12 -1 43 22 12 38
5 7 -1 13 17 20 21
44 13 -1 43 21 11 36
5 7 -1 13 17 20 21
45 14 -1 42 20 9 35
5 7 -1 13 17 20 21
46 15 -1 42 20 8 33
5 7 -1 13 17 20 21
47 16 -1 42 19 6 31
5 7 -1 13 17 20 21
47 16 -1 42 19 6 31
5 7 -1 13 17 20 21
49 17 -1 41 17 3 28
5 7 -1 13 17 20 21
50 18 -1 41 16 2 26
5 7 -1 13 17 20 21
51 19 -1 40 15 0 24
5 7 -1 13 17 19 21
52 20 -1 40 14 59 23
5 7 -1 13 17 19 21
53 21 -1 40 13 57 21
5 7 -1 13 17 19 21
54 22 -1 39 12 56 19
5 7 -1 13 17 19 21
55 22 -1 39 11 54 18
5 7 -1 13 17 19 21
56 23 -1 39 10 52 16
5 7 -1 13 17 19 21
57 24 -1 38 9 51 14
5 7 -1 13 17 19 21
58 25 -1 38 8 49 12
5 7 -1 13 17 19 21
59 26 -1 38 7 48 11
6 7 -1 13 17 19 21
0 27 -1 37 6 46 9
6 7 -1 13 17 19 21
1 27 -1 37 5 45 7
6 7 -1 13 17 19 21
2 28 -1 37 4 43 6
6 7 -1 13 17 19 21
2 28 -1 37 4 43 6
6 7 -1 13 17 19 21
4 30 -1 36 2 40 2
6 7 -1 13 17 19 21
5 31 -1 35 1 38 1
6 7 -1 13 17 19 20
6 32 -1 35 0 37 59
6 7 -1 13 16 19 20
7 33 -1 35 59 35 57
6 7 -1 13 16 19 20
8 33 -1 34 58 34 56
6 7 -1 13 16 19 20
9 34 -1 34 57 32 54
6 7 -1 13 16 19 20
10 35 -1 34 56 31 53
6 7 -1 13 16 19 20
11 36 -1 33 55 29 51
6 7 -1 13 16 19 20
11 37 -1 33 54 28 50
30






























1
По всем вопросам касающимся приложения обращайтесь по WhatsApp +79952867503
1
09.2026

      
	
