1
For advertising or questions send us e-mail kogdanamaz@gmail.com 
31
5 7 -1 13 16 19 20
50 35 -1 26 34 14 55
5 7 -1 13 16 19 20
52 36 -1 25 32 12 53
5 7 -1 13 16 19 20
53 38 -1 25 31 10 50
5 7 -1 13 16 19 20
55 39 -1 25 29 8 48
5 7 -1 13 16 19 20
56 41 -1 24 27 6 46
5 7 -1 13 16 19 20
58 42 -1 24 26 4 44
6 7 -1 13 16 19 20
0 44 -1 24 24 2 42
6 7 -1 13 16 19 20
1 46 -1 23 23 0 40
6 7 -1 13 16 18 20
3 47 -1 23 21 58 37
6 7 -1 13 16 18 20
4 49 -1 23 19 55 35
6 7 -1 13 16 18 20
6 50 -1 23 18 53 33
6 7 -1 13 16 18 20
7 52 -1 22 16 51 31
6 7 -1 13 16 18 20
9 53 -1 22 15 49 29
6 7 -1 13 16 18 20
10 55 -1 22 13 47 27
6 7 -1 13 16 18 20
12 56 -1 22 11 45 25
6 7 -1 13 16 18 20
13 58 -1 22 10 43 23
6 8 -1 13 16 18 20
15 0 -1 21 8 41 21
6 8 -1 13 16 18 20
16 1 -1 21 7 39 20
6 8 -1 13 16 18 20
18 3 -1 21 5 37 18
6 8 -1 13 16 18 20
19 4 -1 21 4 35 16
6 8 -1 13 16 18 20
21 6 -1 21 2 33 14
6 8 -1 13 16 18 20
22 8 -1 20 1 32 12
6 8 -1 13 15 18 20
24 9 -1 20 59 30 10
6 8 -1 13 15 18 20
25 11 -1 20 58 28 9
6 8 -1 13 15 18 20
27 12 -1 20 56 26 7
6 8 -1 13 15 18 20
28 14 -1 20 55 24 5
6 8 -1 13 15 18 20
30 16 -1 20 53 22 4
5 7 -1 12 14 17 19
31 17 -1 20 52 21 2
5 7 -1 12 14 17 19
33 19 -1 20 51 19 0
5 7 -1 12 14 17 18
34 21 -1 20 49 17 59
5 7 -1 12 14 17 18
36 22 -1 20 48 15 57
31































1
По всем вопросам касающимся приложения обращайтесь по WhatsApp +79952867503
1
10.2026

      
	