1
For advertising or questions send us e-mail kogdanamaz@gmail.com 
30
4 6 -1 13 16 19 21
11 17 -1 7 49 55 54
4 6 -1 13 16 19 21
13 18 -1 7 48 52 51
4 6 -1 13 16 19 21
16 20 -1 6 47 50 48
4 6 -1 13 16 19 21
18 22 -1 6 45 48 45
4 6 -1 13 16 19 21
21 23 -1 6 44 46 42
4 6 -1 13 16 19 21
23 25 -1 5 42 43 39
4 6 -1 13 16 19 21
25 27 -1 5 41 41 36
4 6 -1 13 16 19 21
28 28 -1 5 39 38 33
4 6 -1 13 16 19 21
30 30 -1 4 37 36 31
4 6 -1 13 16 19 21
32 32 -1 4 36 34 28
4 6 -1 13 16 19 21
34 33 -1 3 34 31 25
4 6 -1 13 16 19 21
37 35 -1 3 33 29 22
4 6 -1 13 16 19 21
39 37 -1 3 31 27 19
4 6 -1 13 16 19 21
41 38 -1 2 29 24 16
4 6 -1 13 16 19 21
43 40 -1 2 28 22 13
4 6 -1 13 16 19 21
45 42 -1 2 26 20 11
4 6 -1 13 16 19 21
47 43 -1 1 24 17 8
4 6 -1 13 16 19 21
49 45 -1 1 23 15 5
4 6 -1 13 16 19 21
52 47 -1 1 21 12 2
4 6 -1 13 16 19 21
54 49 -1 0 19 10 0
4 6 -1 13 16 19 20
56 50 -1 0 18 8 57
4 6 -1 13 16 19 20
58 52 -1 0 16 5 54
5 6 -1 12 16 19 20
0 54 -1 59 14 3 52
5 6 -1 12 16 19 20
2 55 -1 59 13 0 49
5 6 -1 12 16 18 20
4 57 -1 59 11 58 46
5 6 -1 12 16 18 20
6 59 -1 58 9 56 44
5 7 -1 12 16 18 20
7 0 -1 58 7 53 41
5 7 -1 12 16 18 20
9 2 -1 57 6 51 39
5 7 -1 12 16 18 20
11 4 -1 57 4 49 36
5 7 -1 12 16 18 20
13 5 -1 57 2 46 34
30






























1
По всем вопросам касающимся приложения обращайтесь по WhatsApp +79952867503
1
09.2026

      
	
