1
For advertising or questions send us e-mail kogdanamaz@gmail.com 
30
4 6 -1 13 17 20 22
45 45 -1 33 15 18 12
4 6 -1 13 17 20 22
47 47 -1 32 14 16 9
4 6 -1 13 17 20 22
50 48 -1 32 12 14 6
4 6 -1 13 17 20 22
52 50 -1 32 11 11 4
4 6 -1 13 17 20 22
54 52 -1 31 10 9 1
4 6 -1 13 17 20 21
56 53 -1 31 8 7 58
4 6 -1 13 17 20 21
58 55 -1 31 7 5 55
5 6 -1 13 17 20 21
1 56 -1 30 5 2 53
5 6 -1 13 17 20 21
3 58 -1 30 4 0 50
5 6 -1 13 17 19 21
5 59 -1 30 2 58 47
5 7 -1 13 17 19 21
7 1 -1 29 1 56 44
5 7 -1 13 16 19 21
9 2 -1 29 59 53 42
5 7 -1 13 16 19 21
11 4 -1 29 58 51 39
5 7 -1 13 16 19 21
13 5 -1 28 56 49 36
5 7 -1 13 16 19 21
15 7 -1 28 55 47 34
5 7 -1 13 16 19 21
17 9 -1 27 53 44 31
5 7 -1 13 16 19 21
19 10 -1 27 52 42 29
5 7 -1 13 16 19 21
21 12 -1 27 50 40 26
5 7 -1 13 16 19 21
22 13 -1 26 48 38 23
5 7 -1 13 16 19 21
24 15 -1 26 47 35 21
5 7 -1 13 16 19 21
26 16 -1 26 45 33 18
5 7 -1 13 16 19 21
28 18 -1 25 43 31 16
5 7 -1 13 16 19 21
30 20 -1 25 42 29 13
5 7 -1 13 16 19 21
32 21 -1 25 40 26 11
5 7 -1 13 16 19 21
34 23 -1 24 39 24 8
5 7 -1 13 16 19 21
35 24 -1 24 37 22 6
5 7 -1 13 16 19 21
37 26 -1 24 35 20 3
5 7 -1 13 16 19 21
39 27 -1 23 34 17 1
5 7 -1 13 16 19 20
41 29 -1 23 32 15 59
5 7 -1 13 16 19 20
42 31 -1 23 30 13 56
30






























1
По всем вопросам касающимся приложения обращайтесь по WhatsApp +79952867503
1
09.2026

      
	
