1
For advertising or questions send us e-mail kogdanamaz@gmail.com 
30
4 6 -1 13 16 20 21
29 29 -1 16 59 2 56
4 6 -1 13 16 20 21
31 30 -1 16 58 0 53
4 6 -1 13 16 19 21
33 32 -1 16 56 57 50
4 6 -1 13 16 19 21
35 34 -1 15 55 55 48
4 6 -1 13 16 19 21
38 35 -1 15 53 53 45
4 6 -1 13 16 19 21
40 37 -1 15 52 51 42
4 6 -1 13 16 19 21
42 38 -1 14 50 48 39
4 6 -1 13 16 19 21
44 40 -1 14 49 46 36
4 6 -1 13 16 19 21
46 41 -1 14 47 44 34
4 6 -1 13 16 19 21
48 43 -1 13 46 42 31
4 6 -1 13 16 19 21
50 44 -1 13 44 39 28
4 6 -1 13 16 19 21
52 46 -1 13 43 37 26
4 6 -1 13 16 19 21
54 48 -1 12 41 35 23
4 6 -1 13 16 19 21
56 49 -1 12 40 33 20
4 6 -1 13 16 19 21
58 51 -1 12 38 30 18
5 6 -1 13 16 19 21
0 52 -1 11 37 28 15
5 6 -1 13 16 19 21
2 54 -1 11 35 26 12
5 6 -1 13 16 19 21
4 55 -1 10 34 24 10
5 6 -1 13 16 19 21
6 57 -1 10 32 21 7
5 6 -1 13 16 19 21
8 58 -1 10 30 19 5
5 7 -1 13 16 19 21
10 0 -1 9 29 17 2
5 7 -1 13 16 19 21
12 2 -1 9 27 15 0
5 7 -1 13 16 19 20
13 3 -1 9 25 12 57
5 7 -1 13 16 19 20
15 5 -1 8 24 10 55
5 7 -1 13 16 19 20
17 6 -1 8 22 8 52
5 7 -1 13 16 19 20
19 8 -1 8 21 5 50
5 7 -1 13 16 19 20
21 9 -1 7 19 3 47
5 7 -1 13 16 19 20
22 11 -1 7 17 1 45
5 7 -1 13 16 18 20
24 13 -1 7 16 59 42
5 7 -1 13 16 18 20
26 14 -1 6 14 56 40
30






























1
По всем вопросам касающимся приложения обращайтесь по WhatsApp +79952867503
1
09.2026

      
	
