1
For advertising or questions send us e-mail kogdanamaz@gmail.com 
30
4 5 -1 12 16 19 20
3 49 -1 30 13 7 47
4 5 -1 12 16 19 20
5 50 -1 30 12 5 45
4 5 -1 12 16 19 20
6 51 -1 30 11 4 43
4 5 -1 12 16 19 20
8 52 -1 29 10 2 40
4 5 -1 12 16 19 20
9 53 -1 29 8 0 38
4 5 -1 12 16 18 20
11 54 -1 29 7 58 36
4 5 -1 12 16 18 20
13 56 -1 28 6 56 34
4 5 -1 12 16 18 20
14 57 -1 28 5 54 32
4 5 -1 12 16 18 20
16 58 -1 28 4 53 29
4 5 -1 12 16 18 20
17 59 -1 27 3 51 27
4 6 -1 12 16 18 20
19 0 -1 27 1 49 25
4 6 -1 12 16 18 20
20 2 -1 27 0 47 23
4 6 -1 12 15 18 20
22 3 -1 26 59 45 21
4 6 -1 12 15 18 20
23 4 -1 26 58 43 19
4 6 -1 12 15 18 20
24 5 -1 26 56 41 17
4 6 -1 12 15 18 20
26 6 -1 25 55 39 14
4 6 -1 12 15 18 20
27 7 -1 25 54 38 12
4 6 -1 12 15 18 20
29 9 -1 24 53 36 10
4 6 -1 12 15 18 20
30 10 -1 24 51 34 8
4 6 -1 12 15 18 20
31 11 -1 24 50 32 6
4 6 -1 12 15 18 20
33 12 -1 23 49 30 4
4 6 -1 12 15 18 20
34 13 -1 23 47 28 2
4 6 -1 12 15 18 20
36 15 -1 23 46 26 0
4 6 -1 12 15 18 19
37 16 -1 22 45 24 58
4 6 -1 12 15 18 19
38 17 -1 22 43 22 56
4 6 -1 12 15 18 19
40 18 -1 22 42 20 54
4 6 -1 12 15 18 19
41 19 -1 21 41 19 52
4 6 -1 12 15 18 19
42 21 -1 21 39 17 50
4 6 -1 12 15 18 19
44 22 -1 21 38 15 48
4 6 -1 12 15 18 19
45 23 -1 20 37 13 46
30






























1
По всем вопросам касающимся приложения обращайтесь по WhatsApp +79952867503
1
09.2026

      
	
