1
For advertising or questions send us e-mail kogdanamaz@gmail.com 
30
4 6 -1 13 16 20 21
20 25 -1 14 57 1 59
4 6 -1 13 16 19 21
23 26 -1 14 55 59 56
4 6 -1 13 16 19 21
25 28 -1 13 54 57 53
4 6 -1 13 16 19 21
28 30 -1 13 52 54 50
4 6 -1 13 16 19 21
30 31 -1 13 51 52 48
4 6 -1 13 16 19 21
32 33 -1 12 49 50 45
4 6 -1 13 16 19 21
34 35 -1 12 48 48 42
4 6 -1 13 16 19 21
37 36 -1 12 46 45 39
4 6 -1 13 16 19 21
39 38 -1 11 45 43 36
4 6 -1 13 16 19 21
41 39 -1 11 43 41 33
4 6 -1 13 16 19 21
43 41 -1 11 42 38 30
4 6 -1 13 16 19 21
46 43 -1 10 40 36 27
4 6 -1 13 16 19 21
48 44 -1 10 38 34 25
4 6 -1 13 16 19 21
50 46 -1 10 37 31 22
4 6 -1 13 16 19 21
52 48 -1 9 35 29 19
4 6 -1 13 16 19 21
54 49 -1 9 34 26 16
4 6 -1 13 16 19 21
56 51 -1 9 32 24 14
4 6 -1 13 16 19 21
58 53 -1 8 30 22 11
5 6 -1 13 16 19 21
0 54 -1 8 29 19 8
5 6 -1 13 16 19 21
2 56 -1 7 27 17 6
5 6 -1 13 16 19 21
4 57 -1 7 25 15 3
5 6 -1 13 16 19 21
6 59 -1 7 24 12 0
5 7 -1 13 16 19 20
8 1 -1 6 22 10 58
5 7 -1 13 16 19 20
10 2 -1 6 20 8 55
5 7 -1 13 16 19 20
12 4 -1 6 19 5 53
5 7 -1 13 16 19 20
14 6 -1 5 17 3 50
5 7 -1 13 16 19 20
16 7 -1 5 15 1 47
5 7 -1 13 16 18 20
18 9 -1 5 13 58 45
5 7 -1 13 16 18 20
19 11 -1 4 12 56 42
5 7 -1 13 16 18 20
21 12 -1 4 10 54 40
30






























1
По всем вопросам касающимся приложения обращайтесь по WhatsApp +79952867503
1
09.2026

      
	
