1
For advertising or questions send us e-mail kogdanamaz@gmail.com 
30
4 5 -1 12 15 19 20
40 52 -1 42 26 32 44
4 5 -1 12 15 19 20
40 52 -1 42 26 32 44
4 5 -1 12 15 19 20
42 54 -1 42 25 30 42
4 5 -1 12 15 19 20
45 57 -1 41 22 25 37
4 5 -1 12 15 19 20
47 59 -1 40 21 22 34
4 6 -1 12 15 19 20
49 1 -1 40 20 20 32
4 6 -1 12 15 19 20
50 2 -1 40 19 18 30
4 6 -1 12 15 19 20
52 4 -1 39 17 15 27
4 6 -1 12 15 19 20
54 6 -1 39 16 13 25
4 6 -1 12 15 19 20
56 8 -1 39 15 10 22
4 6 -1 12 15 19 20
57 9 -1 38 14 8 20
4 6 -1 12 15 19 20
59 11 -1 38 12 5 17
5 6 -1 12 15 19 20
1 13 -1 38 12 3 15
5 6 -1 12 15 19 20
2 14 -1 37 10 1 13
5 6 -1 12 15 18 20
4 16 -1 37 9 58 10
5 6 -1 12 15 18 20
6 18 -1 37 8 56 8
5 6 -1 12 15 18 20
6 18 -1 37 8 56 8
5 6 -1 12 15 18 20
8 20 -1 36 7 53 5
5 6 -1 12 15 18 20
11 23 -1 35 4 48 0
5 6 -1 12 15 18 19
13 25 -1 35 3 46 58
5 6 -1 12 15 18 19
15 27 -1 35 2 44 56
5 6 -1 12 15 18 19
16 28 -1 34 1 41 53
5 6 -1 12 15 18 19
18 30 -1 34 0 39 51
5 6 -1 12 14 18 19
20 32 -1 34 58 36 48
5 6 -1 12 14 18 19
22 34 -1 34 58 34 46
5 6 -1 12 14 18 19
23 35 -1 33 56 31 43
5 6 -1 12 14 18 19
25 37 -1 33 55 29 41
5 6 -1 12 14 18 19
27 39 -1 33 54 27 39
5 6 -1 12 14 18 19
29 41 -1 32 53 24 36
5 6 -1 12 14 18 19
30 42 -1 32 52 22 34
30






























1
По всем вопросам касающимся приложения обращайтесь по WhatsApp +79952867503
1
09.2026

      
	
