1
For advertising or questions send us e-mail kogdanamaz@gmail.com 
30
4 6 -1 13 17 20 22
42 40 -1 26 8 10 1
4 6 -1 13 17 20 21
44 41 -1 25 7 8 59
4 6 -1 13 17 20 21
47 43 -1 25 6 6 56
4 6 -1 13 17 20 21
49 44 -1 25 4 3 53
4 6 -1 13 17 20 21
51 46 -1 24 3 1 50
4 6 -1 13 17 19 21
53 47 -1 24 1 59 48
4 6 -1 13 17 19 21
55 49 -1 24 0 57 45
4 6 -1 13 16 19 21
57 50 -1 23 59 55 42
4 6 -1 13 16 19 21
59 52 -1 23 57 52 40
5 6 -1 13 16 19 21
1 53 -1 23 56 50 37
5 6 -1 13 16 19 21
3 55 -1 22 54 48 35
5 6 -1 13 16 19 21
5 56 -1 22 53 46 32
5 6 -1 13 16 19 21
7 58 -1 22 51 44 29
5 6 -1 13 16 19 21
9 59 -1 21 50 41 27
5 7 -1 13 16 19 21
11 1 -1 21 48 39 24
5 7 -1 13 16 19 21
12 2 -1 21 47 37 22
5 7 -1 13 16 19 21
14 4 -1 20 45 35 19
5 7 -1 13 16 19 21
16 5 -1 20 44 33 17
5 7 -1 13 16 19 21
18 7 -1 19 42 30 14
5 7 -1 13 16 19 21
20 8 -1 19 41 28 12
5 7 -1 13 16 19 21
22 10 -1 19 39 26 9
5 7 -1 13 16 19 21
23 11 -1 18 37 24 7
5 7 -1 13 16 19 21
25 13 -1 18 36 22 4
5 7 -1 13 16 19 21
27 14 -1 18 34 19 2
5 7 -1 13 16 19 21
29 16 -1 17 33 17 0
5 7 -1 13 16 19 20
30 17 -1 17 31 15 57
5 7 -1 13 16 19 20
32 19 -1 17 29 13 55
5 7 -1 13 16 19 20
34 20 -1 16 28 11 52
5 7 -1 13 16 19 20
35 22 -1 16 26 8 50
5 7 -1 13 16 19 20
37 23 -1 16 24 6 48
30






























1
По всем вопросам касающимся приложения обращайтесь по WhatsApp +79952867503
1
09.2026

      
	
