1
For advertising or questions send us e-mail kogdanamaz@gmail.com 
30
4 6 -1 13 16 19 21
40 31 -1 14 56 55 41
4 6 -1 13 16 19 21
42 32 -1 14 55 53 39
4 6 -1 13 16 19 21
44 34 -1 13 54 51 36
4 6 -1 13 16 19 21
45 35 -1 13 53 49 34
4 6 -1 13 16 19 21
47 36 -1 13 51 47 31
4 6 -1 13 16 19 21
49 38 -1 12 50 45 29
4 6 -1 13 16 19 21
51 39 -1 12 49 43 26
4 6 -1 13 16 19 21
53 41 -1 12 47 41 24
4 6 -1 13 16 19 21
55 42 -1 11 46 39 21
4 6 -1 13 16 19 21
56 43 -1 11 45 37 19
4 6 -1 13 16 19 21
58 45 -1 11 43 35 17
5 6 -1 13 16 19 21
0 46 -1 10 42 33 14
5 6 -1 13 16 19 21
2 47 -1 10 41 31 12
5 6 -1 13 16 19 21
3 49 -1 10 39 29 9
5 6 -1 13 16 19 21
5 50 -1 9 38 27 7
5 6 -1 13 16 19 21
7 52 -1 9 36 25 5
5 6 -1 13 16 19 21
8 53 -1 9 35 22 2
5 6 -1 13 16 19 21
10 54 -1 8 33 20 0
5 6 -1 13 16 19 20
12 56 -1 8 32 18 58
5 6 -1 13 16 19 20
13 57 -1 8 30 16 55
5 6 -1 13 16 19 20
15 58 -1 7 29 14 53
5 7 -1 13 16 19 20
17 0 -1 7 28 12 51
5 7 -1 13 16 19 20
18 1 -1 6 26 10 48
5 7 -1 13 16 19 20
20 3 -1 6 25 8 46
5 7 -1 13 16 19 20
21 4 -1 6 23 6 44
5 7 -1 13 16 19 20
23 5 -1 5 21 4 42
5 7 -1 13 16 19 20
24 7 -1 5 20 2 39
5 7 -1 13 16 19 20
26 8 -1 5 18 0 37
5 7 -1 13 16 18 20
28 10 -1 4 17 57 35
5 7 -1 13 16 18 20
29 11 -1 4 15 55 33
30






























1
По всем вопросам касающимся приложения обращайтесь по WhatsApp +79952867503
1
09.2026

      
	
