1
For advertising or questions send us e-mail kogdanamaz@gmail.com 
31
5 7 -1 13 16 19 20
44 31 -1 22 28 10 53
5 7 -1 13 16 19 20
46 33 -1 21 27 8 51
5 7 -1 13 16 19 20
47 35 -1 21 25 6 48
5 7 -1 13 16 19 20
49 36 -1 21 23 3 46
5 7 -1 13 16 19 20
51 38 -1 20 22 1 44
5 7 -1 13 16 18 20
52 39 -1 20 20 59 41
5 7 -1 13 16 18 20
54 41 -1 20 18 57 39
5 7 -1 13 16 18 20
56 43 -1 20 17 55 37
5 7 -1 13 16 18 20
57 44 -1 19 15 53 35
5 7 -1 13 16 18 20
59 46 -1 19 13 50 33
6 7 -1 13 16 18 20
1 48 -1 19 12 48 31
6 7 -1 13 16 18 20
2 49 -1 19 10 46 28
6 7 -1 13 16 18 20
4 51 -1 18 8 44 26
6 7 -1 13 16 18 20
5 52 -1 18 7 42 24
6 7 -1 13 16 18 20
7 54 -1 18 5 40 22
6 7 -1 13 16 18 20
9 56 -1 18 4 38 20
6 7 -1 13 16 18 20
10 57 -1 17 2 36 18
6 7 -1 13 16 18 20
12 59 -1 17 0 34 16
6 8 -1 13 15 18 20
13 1 -1 17 59 32 14
6 8 -1 13 15 18 20
15 2 -1 17 57 30 12
6 8 -1 13 15 18 20
17 4 -1 17 56 28 11
6 8 -1 13 15 18 20
18 6 -1 17 54 26 9
6 8 -1 13 15 18 20
20 7 -1 16 53 24 7
6 8 -1 13 15 18 20
21 9 -1 16 51 22 5
6 8 -1 13 15 18 20
23 11 -1 16 49 20 3
6 8 -1 13 15 18 20
24 12 -1 16 48 18 2
6 8 -1 13 15 18 20
26 14 -1 16 46 16 0
5 7 -1 12 14 17 18
27 16 -1 16 45 14 58
5 7 -1 12 14 17 18
29 18 -1 16 44 12 56
5 7 -1 12 14 17 18
30 19 -1 16 42 10 55
5 7 -1 12 14 17 18
32 21 -1 16 41 9 53
31































1
По всем вопросам касающимся приложения обращайтесь по WhatsApp +79952867503
1
10.2026

      
	
