1
For advertising or questions send us e-mail kogdanamaz@gmail.com 
30
4 6 -1 13 17 20 22
12 27 -1 20 2 11 18
4 6 -1 13 17 20 22
15 28 -1 20 1 9 15
4 6 -1 13 16 20 22
18 30 -1 19 59 6 11
4 6 -1 13 16 20 22
21 32 -1 19 58 4 8
4 6 -1 13 16 20 22
24 34 -1 19 56 1 5
4 6 -1 13 16 19 22
26 36 -1 18 55 59 2
4 6 -1 13 16 19 21
29 37 -1 18 53 56 58
4 6 -1 13 16 19 21
31 39 -1 18 51 54 55
4 6 -1 13 16 19 21
34 41 -1 17 50 51 52
4 6 -1 13 16 19 21
37 43 -1 17 48 49 49
4 6 -1 13 16 19 21
39 45 -1 17 46 46 46
4 6 -1 13 16 19 21
42 47 -1 16 45 44 43
4 6 -1 13 16 19 21
44 48 -1 16 43 41 40
4 6 -1 13 16 19 21
46 50 -1 15 41 39 36
4 6 -1 13 16 19 21
49 52 -1 15 39 36 33
4 6 -1 13 16 19 21
51 54 -1 15 38 34 30
4 6 -1 13 16 19 21
53 56 -1 14 36 31 27
4 6 -1 13 16 19 21
56 57 -1 14 34 29 24
4 6 -1 13 16 19 21
58 59 -1 14 32 26 22
5 7 -1 13 16 19 21
0 1 -1 13 31 24 19
5 7 -1 13 16 19 21
3 3 -1 13 29 21 16
5 7 -1 13 16 19 21
5 5 -1 13 27 19 13
5 7 -1 13 16 19 21
7 6 -1 12 25 16 10
5 7 -1 13 16 19 21
9 8 -1 12 23 14 7
5 7 -1 13 16 19 21
11 10 -1 12 22 11 4
5 7 -1 13 16 19 21
13 12 -1 11 20 9 2
5 7 -1 13 16 19 20
16 14 -1 11 18 6 59
5 7 -1 13 16 19 20
18 16 -1 11 16 3 56
5 7 -1 13 16 19 20
20 17 -1 10 14 1 53
5 7 -1 13 16 18 20
22 19 -1 10 12 59 51
30






























1
По всем вопросам касающимся приложения обращайтесь по WhatsApp +79952867503
1
09.2026

      
	
