1
For advertising or questions send us e-mail kogdanamaz@gmail.com 
30
4 6 -1 13 17 20 22
18 29 -1 20 3 10 14
4 6 -1 13 17 20 22
21 30 -1 20 1 8 11
4 6 -1 13 17 20 22
23 32 -1 20 0 5 7
4 6 -1 13 16 20 22
26 34 -1 19 58 3 4
4 6 -1 13 16 20 22
29 36 -1 19 57 1 1
4 6 -1 13 16 19 21
31 37 -1 19 55 58 58
4 6 -1 13 16 19 21
34 39 -1 18 54 56 55
4 6 -1 13 16 19 21
36 41 -1 18 52 53 52
4 6 -1 13 16 19 21
39 43 -1 18 51 51 49
4 6 -1 13 16 19 21
41 44 -1 17 49 48 46
4 6 -1 13 16 19 21
43 46 -1 17 47 46 43
4 6 -1 13 16 19 21
46 48 -1 17 46 44 40
4 6 -1 13 16 19 21
48 50 -1 16 44 41 37
4 6 -1 13 16 19 21
50 51 -1 16 42 39 34
4 6 -1 13 16 19 21
53 53 -1 16 41 36 31
4 6 -1 13 16 19 21
55 55 -1 15 39 34 28
4 6 -1 13 16 19 21
57 57 -1 15 37 31 25
4 6 -1 13 16 19 21
59 58 -1 15 35 29 22
5 7 -1 13 16 19 21
2 0 -1 14 34 26 19
5 7 -1 13 16 19 21
4 2 -1 14 32 24 17
5 7 -1 13 16 19 21
6 4 -1 14 30 21 14
5 7 -1 13 16 19 21
8 5 -1 13 28 19 11
5 7 -1 13 16 19 21
10 7 -1 13 27 17 8
5 7 -1 13 16 19 21
12 9 -1 12 25 14 5
5 7 -1 13 16 19 21
14 11 -1 12 23 12 3
5 7 -1 13 16 19 21
16 12 -1 12 21 9 0
5 7 -1 13 16 19 20
18 14 -1 11 20 7 57
5 7 -1 13 16 19 20
20 16 -1 11 18 4 55
5 7 -1 13 16 19 20
22 18 -1 11 16 2 52
5 7 -1 13 16 18 20
24 19 -1 10 14 59 49
30






























1
По всем вопросам касающимся приложения обращайтесь по WhatsApp +79952867503
1
09.2026

      
	
