1
For advertising or questions send us e-mail kogdanamaz@gmail.com 
31
5 7 -1 13 16 19 20
41 30 -1 20 26 8 53
5 7 -1 13 16 19 20
43 32 -1 20 24 6 51
5 7 -1 13 16 19 20
44 34 -1 20 22 4 48
5 7 -1 13 16 19 20
46 35 -1 19 21 1 46
5 7 -1 13 16 18 20
48 37 -1 19 19 59 44
5 7 -1 13 16 18 20
50 39 -1 19 17 57 41
5 7 -1 13 16 18 20
51 40 -1 18 16 55 39
5 7 -1 13 16 18 20
53 42 -1 18 14 53 37
5 7 -1 13 16 18 20
55 44 -1 18 12 50 34
5 7 -1 13 16 18 20
57 45 -1 18 10 48 32
5 7 -1 13 16 18 20
58 47 -1 17 9 46 30
6 7 -1 13 16 18 20
0 49 -1 17 7 44 28
6 7 -1 13 16 18 20
2 50 -1 17 5 42 26
6 7 -1 13 16 18 20
3 52 -1 17 4 39 24
6 7 -1 13 16 18 20
5 54 -1 16 2 37 21
6 7 -1 13 16 18 20
7 56 -1 16 0 35 19
6 7 -1 13 15 18 20
8 57 -1 16 59 33 17
6 7 -1 13 15 18 20
10 59 -1 16 57 31 15
6 8 -1 13 15 18 20
11 1 -1 16 55 29 13
6 8 -1 13 15 18 20
13 2 -1 15 54 27 11
6 8 -1 13 15 18 20
15 4 -1 15 52 25 9
6 8 -1 13 15 18 20
16 6 -1 15 51 23 8
6 8 -1 13 15 18 20
18 8 -1 15 49 21 6
6 8 -1 13 15 18 20
20 9 -1 15 47 19 4
6 8 -1 13 15 18 20
21 11 -1 15 46 17 2
6 8 -1 13 15 18 20
23 13 -1 15 44 15 0
6 8 -1 13 15 18 19
24 15 -1 15 43 13 58
5 7 -1 12 14 17 18
26 16 -1 14 41 11 57
5 7 -1 12 14 17 18
27 18 -1 14 40 9 55
5 7 -1 12 14 17 18
29 20 -1 14 38 7 53
5 7 -1 12 14 17 18
31 22 -1 14 37 5 52
31































1
По всем вопросам касающимся приложения обращайтесь по WhatsApp +79952867503
1
10.2026

      
	