1
For advertising or questions send us e-mail kogdanamaz@gmail.com 
31
5 7 -1 13 16 19 20
44 33 -1 23 29 11 56
5 7 -1 13 16 19 20
46 35 -1 23 27 9 53
5 7 -1 13 16 19 20
47 36 -1 22 25 7 51
5 7 -1 13 16 19 20
49 38 -1 22 24 4 49
5 7 -1 13 16 19 20
51 40 -1 22 22 2 46
5 7 -1 13 16 19 20
53 41 -1 22 20 0 44
5 7 -1 13 16 18 20
54 43 -1 21 19 58 42
5 7 -1 13 16 18 20
56 45 -1 21 17 55 39
5 7 -1 13 16 18 20
58 46 -1 21 15 53 37
5 7 -1 13 16 18 20
59 48 -1 20 13 51 35
6 7 -1 13 16 18 20
1 50 -1 20 12 49 33
6 7 -1 13 16 18 20
3 51 -1 20 10 47 31
6 7 -1 13 16 18 20
5 53 -1 20 8 44 28
6 7 -1 13 16 18 20
6 55 -1 19 7 42 26
6 7 -1 13 16 18 20
8 57 -1 19 5 40 24
6 7 -1 13 16 18 20
9 58 -1 19 3 38 22
6 8 -1 13 16 18 20
11 0 -1 19 2 36 20
6 8 -1 13 16 18 20
13 2 -1 19 0 34 18
6 8 -1 13 15 18 20
14 3 -1 18 58 32 16
6 8 -1 13 15 18 20
16 5 -1 18 57 30 14
6 8 -1 13 15 18 20
18 7 -1 18 55 28 12
6 8 -1 13 15 18 20
19 8 -1 18 54 26 10
6 8 -1 13 15 18 20
21 10 -1 18 52 24 8
6 8 -1 13 15 18 20
22 12 -1 18 51 22 7
6 8 -1 13 15 18 20
24 14 -1 18 49 20 5
6 8 -1 13 15 18 20
25 15 -1 17 47 18 3
6 8 -1 13 15 18 20
27 17 -1 17 46 16 1
5 7 -1 12 14 17 18
29 19 -1 17 44 14 59
5 7 -1 12 14 17 18
30 21 -1 17 43 12 58
5 7 -1 12 14 17 18
32 22 -1 17 41 10 56
5 7 -1 12 14 17 18
33 24 -1 17 40 8 54
31































1
По всем вопросам касающимся приложения обращайтесь по WhatsApp +79952867503
1
10.2026

      
	