1
For advertising or questions send us e-mail kogdanamaz@gmail.com 
31
5 7 -1 12 16 18 20
17 8 -1 58 2 45 32
5 7 -1 12 16 18 20
18 10 -1 58 0 43 30
5 7 -1 12 15 18 20
20 12 -1 57 58 41 27
5 7 -1 12 15 18 20
22 14 -1 57 57 38 25
5 7 -1 12 15 18 20
24 15 -1 57 55 36 22
5 7 -1 12 15 18 20
26 17 -1 56 53 34 20
5 7 -1 12 15 18 20
28 19 -1 56 51 31 18
5 7 -1 12 15 18 20
29 20 -1 56 50 29 15
5 7 -1 12 15 18 20
31 22 -1 55 48 27 13
5 7 -1 12 15 18 20
33 24 -1 55 46 25 11
5 7 -1 12 15 18 20
35 26 -1 55 44 22 9
5 7 -1 12 15 18 20
36 27 -1 55 43 20 6
5 7 -1 12 15 18 20
38 29 -1 54 41 18 4
5 7 -1 12 15 18 20
40 31 -1 54 39 16 2
5 7 -1 12 15 18 20
42 33 -1 54 38 13 0
5 7 -1 12 15 18 19
43 34 -1 54 36 11 58
5 7 -1 12 15 18 19
45 36 -1 54 34 9 56
5 7 -1 12 15 18 19
47 38 -1 53 32 7 53
5 7 -1 12 15 18 19
48 40 -1 53 31 5 51
5 7 -1 12 15 18 19
50 42 -1 53 29 3 49
5 7 -1 12 15 18 19
52 43 -1 53 27 1 47
5 7 -1 12 15 17 19
53 45 -1 53 26 58 45
5 7 -1 12 15 17 19
55 47 -1 53 24 56 43
5 7 -1 12 15 17 19
57 49 -1 52 23 54 42
5 7 -1 12 15 17 19
58 51 -1 52 21 52 40
6 7 -1 12 15 17 19
0 52 -1 52 19 50 38
6 7 -1 12 15 17 19
2 54 -1 52 18 48 36
5 6 -1 11 14 16 18
3 56 -1 52 16 46 34
5 6 -1 11 14 16 18
5 58 -1 52 15 44 32
5 7 -1 11 14 16 18
7 0 -1 52 13 42 31
5 7 -1 11 14 16 18
8 1 -1 52 12 40 29
31































1
По всем вопросам касающимся приложения обращайтесь по WhatsApp +79952867503
1
10.2026

      
	