1
For advertising or questions send us e-mail kogdanamaz@gmail.com 
30
5 6 -1 13 17 20 21
22 44 -1 34 17 24 46
5 6 -1 13 17 20 21
24 46 -1 33 16 22 43
5 6 -1 13 17 20 21
26 47 -1 33 14 20 40
5 6 -1 13 17 20 21
27 49 -1 33 13 18 38
5 6 -1 13 17 20 21
29 50 -1 32 12 15 35
5 6 -1 13 17 20 21
31 52 -1 32 10 13 33
5 6 -1 13 17 20 21
33 53 -1 32 9 11 30
5 6 -1 13 17 20 21
35 55 -1 31 7 9 28
5 6 -1 13 17 20 21
37 57 -1 31 6 6 25
5 6 -1 13 17 20 21
39 58 -1 31 4 4 22
5 7 -1 13 17 20 21
41 0 -1 30 3 2 20
5 7 -1 13 17 20 21
43 1 -1 30 1 0 17
5 7 -1 13 17 19 21
44 3 -1 30 0 57 15
5 7 -1 13 16 19 21
46 4 -1 29 58 55 12
5 7 -1 13 16 19 21
48 6 -1 29 57 53 10
5 7 -1 13 16 19 21
50 8 -1 28 55 50 7
5 7 -1 13 16 19 21
52 9 -1 28 54 48 5
5 7 -1 13 16 19 21
53 11 -1 28 52 46 2
5 7 -1 13 16 19 21
55 12 -1 27 50 44 0
5 7 -1 13 16 19 20
57 14 -1 27 49 41 57
5 7 -1 13 16 19 20
59 15 -1 27 47 39 55
6 7 -1 13 16 19 20
0 17 -1 26 45 37 52
6 7 -1 13 16 19 20
2 19 -1 26 44 34 50
6 7 -1 13 16 19 20
4 20 -1 26 42 32 48
6 7 -1 13 16 19 20
5 22 -1 25 41 30 45
6 7 -1 13 16 19 20
7 23 -1 25 39 28 43
6 7 -1 13 16 19 20
9 25 -1 25 37 25 40
6 7 -1 13 16 19 20
11 27 -1 24 36 23 38
6 7 -1 13 16 19 20
12 28 -1 24 34 21 36
6 7 -1 13 16 19 20
14 30 -1 24 32 18 33
30






























1
По всем вопросам касающимся приложения обращайтесь по WhatsApp +79952867503
1
09.2026

      
	
