1
For advertising or questions send us e-mail kogdanamaz@gmail.com 
30
4 6 -1 13 18 20 21
49 29 -1 40 8 29 59
4 6 -1 13 18 20 21
51 31 -1 40 8 27 57
4 6 -1 13 18 20 21
53 33 -1 40 5 24 54
4 6 -1 13 18 20 21
55 35 -1 40 3 22 52
4 6 -1 13 18 20 21
57 37 -1 40 1 19 49
4 6 -1 13 17 20 21
59 39 -1 40 59 17 47
5 6 -1 13 17 20 21
1 41 -1 40 57 14 44
5 6 -1 13 17 20 21
3 43 -1 40 55 11 41
5 6 -1 13 17 20 21
5 45 -1 40 52 9 39
5 6 -1 13 17 20 21
7 47 -1 40 50 6 36
5 6 -1 13 17 20 21
8 48 -1 40 48 4 34
5 6 -1 13 17 20 21
10 50 -1 40 46 1 31
5 6 -1 13 17 19 21
12 52 -1 40 44 59 29
5 6 -1 13 17 19 21
14 54 -1 40 42 56 26
5 6 -1 13 17 19 21
16 56 -1 40 40 53 23
5 6 -1 13 17 19 21
18 58 -1 40 40 51 21
5 7 -1 13 17 19 21
20 0 -1 40 38 48 18
5 7 -1 13 17 19 21
21 1 -1 40 34 46 16
5 7 -1 13 17 19 21
23 3 -1 40 31 43 13
5 7 -1 13 17 19 21
25 5 -1 40 29 40 10
5 7 -1 13 17 19 21
27 7 -1 40 27 38 8
5 7 -1 13 17 19 21
29 9 -1 40 25 35 5
5 7 -1 13 17 19 21
31 11 -1 40 23 33 3
5 7 -1 13 17 19 21
33 13 -1 40 20 30 0
5 7 -1 13 17 19 20
34 14 -1 40 18 27 57
5 7 -1 13 17 19 20
36 16 -1 40 16 25 55
5 7 -1 13 17 19 20
38 18 -1 40 14 22 52
5 7 -1 13 17 19 20
40 20 -1 40 12 20 50
5 7 -1 13 17 19 20
42 22 -1 40 9 17 47
5 7 -1 13 17 19 20
44 24 -1 40 7 15 45
30






























1
По всем вопросам касающимся приложения обращайтесь по WhatsApp +79952867503
1
09.2026

      
	
