1
For advertising or questions send us e-mail kogdanamaz@gmail.com 
31
5 7 -1 13 16 19 20
32 26 -1 15 18 2 51
5 7 -1 13 16 19 20
34 28 -1 15 16 0 48
5 7 -1 13 16 18 20
36 29 -1 14 14 57 46
5 7 -1 13 16 18 20
38 31 -1 14 13 55 43
5 7 -1 13 16 18 20
40 33 -1 14 11 53 41
5 7 -1 13 16 18 20
42 35 -1 13 9 50 38
5 7 -1 13 16 18 20
43 36 -1 13 7 48 36
5 7 -1 13 16 18 20
45 38 -1 13 5 46 33
5 7 -1 13 16 18 20
47 40 -1 13 4 43 31
5 7 -1 13 16 18 20
49 42 -1 12 2 41 29
5 7 -1 13 16 18 20
51 44 -1 12 0 39 26
5 7 -1 13 15 18 20
53 45 -1 12 58 36 24
5 7 -1 13 15 18 20
54 47 -1 12 57 34 22
5 7 -1 13 15 18 20
56 49 -1 11 55 32 20
5 7 -1 13 15 18 20
58 51 -1 11 53 29 17
6 7 -1 13 15 18 20
0 53 -1 11 51 27 15
6 7 -1 13 15 18 20
1 54 -1 11 50 25 13
6 7 -1 13 15 18 20
3 56 -1 10 48 23 11
6 7 -1 13 15 18 20
5 58 -1 10 46 21 9
6 8 -1 13 15 18 20
7 0 -1 10 44 18 7
6 8 -1 13 15 18 20
8 2 -1 10 43 16 5
6 8 -1 13 15 18 20
10 4 -1 10 41 14 3
6 8 -1 13 15 18 20
12 5 -1 10 39 12 1
6 8 -1 13 15 18 19
13 7 -1 9 38 10 59
6 8 -1 13 15 18 19
15 9 -1 9 36 8 57
6 8 -1 13 15 18 19
17 11 -1 9 34 6 55
6 8 -1 13 15 18 19
19 13 -1 9 33 4 53
5 7 -1 12 14 17 18
20 15 -1 9 31 2 51
5 7 -1 12 14 17 18
22 17 -1 9 30 0 49
5 7 -1 12 14 16 18
24 19 -1 9 28 58 48
5 7 -1 12 14 16 18
25 20 -1 9 27 56 46
31































1
По всем вопросам касающимся приложения обращайтесь по WhatsApp +79952867503
1
10.2026

      
	
