1
For advertising or questions send us e-mail kogdanamaz@gmail.com 
30
4 6 -1 13 16 20 22
12 23 -1 15 57 5 9
4 6 -1 13 16 20 22
15 25 -1 15 56 2 6
4 6 -1 13 16 20 22
17 26 -1 14 54 0 2
4 6 -1 13 16 19 21
20 28 -1 14 53 58 59
4 6 -1 13 16 19 21
23 30 -1 14 51 55 56
4 6 -1 13 16 19 21
25 32 -1 13 50 53 53
4 6 -1 13 16 19 21
28 33 -1 13 48 50 50
4 6 -1 13 16 19 21
30 35 -1 13 47 48 47
4 6 -1 13 16 19 21
33 37 -1 12 45 45 44
4 6 -1 13 16 19 21
35 39 -1 12 43 43 41
4 6 -1 13 16 19 21
37 40 -1 12 42 41 38
4 6 -1 13 16 19 21
40 42 -1 11 40 38 35
4 6 -1 13 16 19 21
42 44 -1 11 38 36 32
4 6 -1 13 16 19 21
44 46 -1 10 37 33 29
4 6 -1 13 16 19 21
47 47 -1 10 35 31 26
4 6 -1 13 16 19 21
49 49 -1 10 33 28 23
4 6 -1 13 16 19 21
51 51 -1 9 32 26 20
4 6 -1 13 16 19 21
53 53 -1 9 30 23 17
4 6 -1 13 16 19 21
56 54 -1 9 28 21 14
4 6 -1 13 16 19 21
58 56 -1 8 26 18 11
5 6 -1 13 16 19 21
0 58 -1 8 25 16 8
5 7 -1 13 16 19 21
2 0 -1 8 23 13 6
5 7 -1 13 16 19 21
4 2 -1 7 21 11 3
5 7 -1 13 16 19 21
6 3 -1 7 19 9 0
5 7 -1 13 16 19 20
8 5 -1 7 17 6 57
5 7 -1 13 16 19 20
10 7 -1 6 16 4 55
5 7 -1 13 16 19 20
13 9 -1 6 14 1 52
5 7 -1 13 16 18 20
15 10 -1 6 12 59 49
5 7 -1 13 16 18 20
17 12 -1 5 10 56 47
5 7 -1 13 16 18 20
19 14 -1 5 8 54 44
30






























1
По всем вопросам касающимся приложения обращайтесь по WhatsApp +79952867503
1
09.2026

      
	
