1
For advertising or questions send us e-mail kogdanamaz@gmail.com 
31
5 7 -1 13 16 18 20
30 22 -1 11 15 59 46
5 7 -1 13 16 18 20
32 23 -1 11 14 56 43
5 7 -1 13 16 18 20
34 25 -1 11 12 54 41
5 7 -1 13 16 18 20
36 27 -1 10 10 52 38
5 7 -1 13 16 18 20
37 29 -1 10 8 49 36
5 7 -1 13 16 18 20
39 30 -1 10 7 47 33
5 7 -1 13 16 18 20
41 32 -1 9 5 45 31
5 7 -1 13 16 18 20
43 34 -1 9 3 43 29
5 7 -1 13 16 18 20
45 36 -1 9 1 40 26
5 7 -1 13 16 18 20
46 37 -1 9 0 38 24
5 7 -1 13 15 18 20
48 39 -1 8 58 36 22
5 7 -1 13 15 18 20
50 41 -1 8 56 34 20
5 7 -1 13 15 18 20
52 42 -1 8 54 31 17
5 7 -1 13 15 18 20
53 44 -1 8 53 29 15
5 7 -1 13 15 18 20
55 46 -1 7 51 27 13
5 7 -1 13 15 18 20
57 48 -1 7 49 25 11
5 7 -1 13 15 18 20
58 50 -1 7 48 23 9
6 7 -1 13 15 18 20
0 51 -1 7 46 20 7
6 7 -1 13 15 18 20
2 53 -1 7 44 18 5
6 7 -1 13 15 18 20
3 55 -1 6 43 16 3
6 7 -1 13 15 18 20
5 57 -1 6 41 14 1
6 7 -1 13 15 18 19
7 58 -1 6 39 12 59
6 8 -1 13 15 18 19
8 0 -1 6 38 10 57
6 8 -1 13 15 18 19
10 2 -1 6 36 8 55
6 8 -1 13 15 18 19
12 4 -1 6 34 6 53
6 8 -1 13 15 18 19
13 6 -1 6 33 4 51
6 8 -1 13 15 18 19
15 8 -1 5 31 2 49
5 7 -1 12 14 17 18
17 9 -1 5 30 0 48
5 7 -1 12 14 16 18
18 11 -1 5 28 58 46
5 7 -1 12 14 16 18
20 13 -1 5 27 56 44
5 7 -1 12 14 16 18
22 15 -1 5 25 54 42
31































1
По всем вопросам касающимся приложения обращайтесь по WhatsApp +79952867503
1
10.2026

      
	
