1
For advertising or questions send us e-mail kogdanamaz@gmail.com 
30
4 6 -1 13 17 20 22
45 41 -1 27 10 11 2
4 6 -1 13 17 20 22
47 43 -1 27 9 9 0
4 6 -1 13 17 20 21
49 44 -1 27 7 7 57
4 6 -1 13 17 20 21
51 46 -1 26 6 5 54
4 6 -1 13 17 20 21
53 47 -1 26 4 3 52
4 6 -1 13 17 20 21
55 49 -1 26 3 1 49
4 6 -1 13 17 19 21
57 50 -1 25 2 58 46
4 6 -1 13 17 19 21
59 52 -1 25 0 56 44
5 6 -1 13 16 19 21
1 53 -1 25 59 54 41
5 6 -1 13 16 19 21
3 55 -1 24 57 52 38
5 6 -1 13 16 19 21
5 56 -1 24 56 50 36
5 6 -1 13 16 19 21
7 58 -1 24 54 47 33
5 6 -1 13 16 19 21
9 59 -1 23 53 45 31
5 7 -1 13 16 19 21
11 1 -1 23 51 43 28
5 7 -1 13 16 19 21
13 2 -1 23 50 41 26
5 7 -1 13 16 19 21
14 4 -1 22 48 39 23
5 7 -1 13 16 19 21
16 5 -1 22 47 36 21
5 7 -1 13 16 19 21
18 7 -1 21 45 34 18
5 7 -1 13 16 19 21
20 8 -1 21 44 32 16
5 7 -1 13 16 19 21
22 10 -1 21 42 30 13
5 7 -1 13 16 19 21
23 11 -1 20 41 28 11
5 7 -1 13 16 19 21
25 13 -1 20 39 25 8
5 7 -1 13 16 19 21
27 14 -1 20 38 23 6
5 7 -1 13 16 19 21
29 16 -1 19 36 21 3
5 7 -1 13 16 19 21
30 17 -1 19 34 19 1
5 7 -1 13 16 19 20
32 19 -1 19 33 17 59
5 7 -1 13 16 19 20
34 20 -1 18 31 14 56
5 7 -1 13 16 19 20
36 22 -1 18 30 12 54
5 7 -1 13 16 19 20
37 23 -1 18 28 10 52
5 7 -1 13 16 19 20
39 25 -1 17 26 8 49
30






























1
По всем вопросам касающимся приложения обращайтесь по WhatsApp +79952867503
1
09.2026

      
	
