1
For advertising or questions send us e-mail kogdanamaz@gmail.com 
30
4 6 -1 13 17 20 22
53 48 -1 32 15 15 4
4 6 -1 13 17 20 22
55 49 -1 32 14 13 1
4 6 -1 13 17 20 21
57 51 -1 32 12 11 59
4 6 -1 13 17 20 21
59 52 -1 31 11 9 56
5 6 -1 13 17 20 21
1 53 -1 31 10 7 54
5 6 -1 13 17 20 21
3 55 -1 31 8 5 51
5 6 -1 13 17 20 21
5 56 -1 30 7 3 49
5 6 -1 13 17 20 21
7 58 -1 30 6 0 46
5 6 -1 13 17 19 21
9 59 -1 30 4 58 43
5 7 -1 13 17 19 21
11 1 -1 29 3 56 41
5 7 -1 13 17 19 21
13 2 -1 29 1 54 38
5 7 -1 13 17 19 21
15 4 -1 29 0 52 36
5 7 -1 13 16 19 21
16 5 -1 28 58 50 33
5 7 -1 13 16 19 21
18 6 -1 28 57 48 31
5 7 -1 13 16 19 21
20 8 -1 28 55 46 28
5 7 -1 13 16 19 21
22 9 -1 27 54 43 26
5 7 -1 13 16 19 21
24 11 -1 27 53 41 23
5 7 -1 13 16 19 21
25 12 -1 27 51 39 21
5 7 -1 13 16 19 21
27 14 -1 26 49 37 19
5 7 -1 13 16 19 21
29 15 -1 26 48 35 16
5 7 -1 13 16 19 21
31 17 -1 26 46 33 14
5 7 -1 13 16 19 21
32 18 -1 25 45 30 11
5 7 -1 13 16 19 21
34 19 -1 25 43 28 9
5 7 -1 13 16 19 21
36 21 -1 24 42 26 7
5 7 -1 13 16 19 21
37 22 -1 24 40 24 4
5 7 -1 13 16 19 21
39 24 -1 24 39 22 2
5 7 -1 13 16 19 21
41 25 -1 23 37 20 0
5 7 -1 13 16 19 20
42 27 -1 23 36 18 57
5 7 -1 13 16 19 20
44 28 -1 23 34 15 55
5 7 -1 13 16 19 20
46 30 -1 22 32 13 53
30






























1
По всем вопросам касающимся приложения обращайтесь по WhatsApp +79952867503
1
09.2026

      
	
