1
For advertising or questions send us e-mail kogdanamaz@gmail.com 
30
4 6 -1 13 16 19 21
17 18 -1 6 48 51 45
4 6 -1 13 16 19 21
20 19 -1 5 47 49 43
4 6 -1 13 16 19 21
22 21 -1 5 45 47 40
4 6 -1 13 16 19 21
24 23 -1 5 44 44 37
4 6 -1 13 16 19 21
26 24 -1 4 43 42 34
4 6 -1 13 16 19 21
29 26 -1 4 41 40 31
4 6 -1 13 16 19 21
31 27 -1 4 40 38 29
4 6 -1 13 16 19 21
33 29 -1 3 38 35 26
4 6 -1 13 16 19 21
35 30 -1 3 37 33 23
4 6 -1 13 16 19 21
37 32 -1 3 35 31 20
4 6 -1 13 16 19 21
39 34 -1 2 34 29 18
4 6 -1 13 16 19 21
41 35 -1 2 32 26 15
4 6 -1 13 16 19 21
43 37 -1 1 31 24 12
4 6 -1 13 16 19 21
45 38 -1 1 29 22 10
4 6 -1 13 16 19 21
47 40 -1 1 27 20 7
4 6 -1 13 16 19 21
49 41 -1 0 26 17 4
4 6 -1 13 16 19 21
51 43 -1 0 24 15 2
4 6 -1 13 16 19 20
53 44 -1 0 23 13 59
4 6 -1 12 16 19 20
55 46 -1 59 21 11 57
4 6 -1 12 16 19 20
57 48 -1 59 19 8 54
4 6 -1 12 16 19 20
59 49 -1 59 18 6 52
5 6 -1 12 16 19 20
1 51 -1 58 16 4 49
5 6 -1 12 16 19 20
2 52 -1 58 15 1 46
5 6 -1 12 16 18 20
4 54 -1 58 13 59 44
5 6 -1 12 16 18 20
6 56 -1 57 11 57 41
5 6 -1 12 16 18 20
8 57 -1 57 10 55 39
5 6 -1 12 16 18 20
10 59 -1 56 8 52 37
5 7 -1 12 16 18 20
11 0 -1 56 6 50 34
5 7 -1 12 16 18 20
13 2 -1 56 5 48 32
5 7 -1 12 16 18 20
15 3 -1 56 3 46 29
30






























1
По всем вопросам касающимся приложения обращайтесь по WhatsApp +79952867503
1
09.2026

      
	
