1
For advertising or questions send us e-mail kogdanamaz@gmail.com 
30
4 5 -1 11 15 18 19
2 25 -1 49 22 11 41
4 5 -1 11 15 18 19
3 26 -1 48 21 9 39
4 5 -1 11 15 18 19
4 26 -1 48 21 8 38
4 5 -1 11 15 18 19
5 27 -1 48 20 7 37
4 5 -1 11 15 18 19
5 27 -1 47 20 6 36
4 5 -1 11 15 18 19
6 28 -1 47 19 5 35
4 5 -1 11 15 18 19
7 28 -1 47 19 4 34
4 5 -1 11 15 18 19
7 29 -1 46 18 2 32
4 5 -1 11 15 18 19
8 29 -1 46 17 1 31
4 5 -1 11 15 18 19
9 30 -1 46 17 0 30
4 5 -1 11 15 17 19
9 30 -1 45 16 59 29
4 5 -1 11 15 17 19
10 31 -1 45 15 58 28
4 5 -1 11 15 17 19
10 31 -1 44 15 56 26
4 5 -1 11 15 17 19
11 32 -1 44 14 55 25
4 5 -1 11 15 17 19
12 32 -1 44 13 54 24
4 5 -1 11 15 17 19
12 33 -1 43 13 53 23
4 5 -1 11 15 17 19
12 33 -1 43 13 53 23
4 5 -1 11 15 17 19
14 34 -1 43 11 50 20
4 5 -1 11 15 17 19
14 34 -1 42 11 49 19
4 5 -1 11 15 17 19
15 35 -1 42 10 48 18
4 5 -1 11 15 17 19
15 35 -1 42 9 46 16
4 5 -1 11 15 17 19
16 36 -1 41 8 45 15
4 5 -1 11 15 17 19
16 36 -1 41 8 44 14
4 5 -1 11 15 17 19
17 37 -1 41 7 43 13
4 5 -1 11 15 17 19
18 37 -1 40 6 42 12
4 5 -1 11 15 17 19
18 38 -1 40 5 40 10
4 5 -1 11 15 17 19
19 39 -1 40 5 39 9
4 5 -1 11 15 17 19
19 39 -1 39 4 38 8
4 5 -1 11 15 17 19
20 40 -1 39 3 37 7
4 5 -1 11 15 17 19
21 40 -1 39 2 36 6
30






























1
По всем вопросам касающимся приложения обращайтесь по WhatsApp +79952867503
1
09.2026

      
	
