1
For advertising or questions send us e-mail kogdanamaz@gmail.com 
30
4 6 -1 13 17 20 21
52 41 -1 22 5 2 45
4 6 -1 13 17 20 21
54 42 -1 22 3 0 43
4 6 -1 13 17 19 21
56 43 -1 22 2 58 41
4 6 -1 13 17 19 21
58 45 -1 21 1 56 38
4 6 -1 13 17 19 21
59 46 -1 21 0 54 36
5 6 -1 13 16 19 21
1 47 -1 21 58 52 34
5 6 -1 13 16 19 21
3 49 -1 20 57 50 31
5 6 -1 13 16 19 21
5 50 -1 20 56 48 29
5 6 -1 13 16 19 21
6 51 -1 20 55 46 26
5 6 -1 13 16 19 21
8 52 -1 19 53 44 24
5 6 -1 13 16 19 21
10 54 -1 19 52 42 22
5 6 -1 13 16 19 21
11 55 -1 19 51 40 19
5 6 -1 13 16 19 21
13 56 -1 18 49 38 17
5 6 -1 13 16 19 21
15 58 -1 18 48 36 15
5 6 -1 13 16 19 21
16 59 -1 18 46 34 13
5 7 -1 13 16 19 21
18 0 -1 17 45 32 10
5 7 -1 13 16 19 21
19 2 -1 17 44 30 8
5 7 -1 13 16 19 21
21 3 -1 17 42 28 6
5 7 -1 13 16 19 21
23 4 -1 16 41 26 3
5 7 -1 13 16 19 21
24 6 -1 16 39 24 1
5 7 -1 13 16 19 20
26 7 -1 15 38 22 59
5 7 -1 13 16 19 20
27 8 -1 15 37 20 57
5 7 -1 13 16 19 20
29 10 -1 15 35 18 55
5 7 -1 13 16 19 20
30 11 -1 14 34 16 52
5 7 -1 13 16 19 20
32 12 -1 14 32 14 50
5 7 -1 13 16 19 20
33 14 -1 14 31 12 48
5 7 -1 13 16 19 20
35 15 -1 13 29 10 46
5 7 -1 13 16 19 20
36 16 -1 13 28 8 44
5 7 -1 13 16 19 20
38 18 -1 13 26 6 42
5 7 -1 13 16 19 20
39 19 -1 12 25 4 40
30






























1
По всем вопросам касающимся приложения обращайтесь по WhatsApp +79952867503
1
09.2026

      
	
