1
For advertising or questions send us e-mail kogdanamaz@gmail.com 
31
5 7 -1 13 16 19 20
54 27 -1 20 35 12 42
5 7 -1 13 16 19 20
55 29 -1 20 34 10 40
5 7 -1 13 16 19 20
56 30 -1 20 33 8 38
5 7 -1 13 16 19 20
57 31 -1 20 31 6 36
5 7 -1 13 16 19 20
59 32 -1 19 30 5 34
6 7 -1 13 16 19 20
0 33 -1 19 29 3 32
6 7 -1 13 16 19 20
1 34 -1 19 28 1 31
6 7 -1 13 16 18 20
2 36 -1 18 26 59 29
6 7 -1 13 16 18 20
3 37 -1 18 25 58 27
6 7 -1 13 16 18 20
5 38 -1 18 24 56 25
6 7 -1 13 16 18 20
6 39 -1 18 22 54 24
6 7 -1 13 16 18 20
7 40 -1 17 21 52 22
6 7 -1 13 16 18 20
8 42 -1 17 20 51 20
6 7 -1 13 16 18 20
9 43 -1 17 18 49 19
6 7 -1 13 16 18 20
11 44 -1 17 17 47 17
6 7 -1 13 16 18 20
12 45 -1 16 16 46 15
6 7 -1 13 16 18 20
13 47 -1 16 14 44 14
6 7 -1 13 16 18 20
14 48 -1 16 13 42 12
6 7 -1 13 16 18 20
15 49 -1 16 12 41 11
6 7 -1 13 16 18 20
16 50 -1 16 11 39 9
6 7 -1 13 16 18 20
18 52 -1 15 9 38 8
6 7 -1 13 16 18 20
19 53 -1 15 8 36 6
6 7 -1 13 16 18 20
20 54 -1 15 7 35 5
6 7 -1 13 16 18 20
21 55 -1 15 6 33 3
6 7 -1 13 16 18 20
22 57 -1 15 5 31 2
6 7 -1 13 16 18 20
23 58 -1 15 3 30 1
6 7 -1 13 16 18 19
25 59 -1 15 2 29 59
5 7 -1 12 15 17 18
26 1 -1 15 1 27 58
5 7 -1 12 15 17 18
27 2 -1 15 0 26 57
5 7 -1 12 14 17 18
28 3 -1 14 59 24 55
5 7 -1 12 14 17 18
29 4 -1 14 58 23 54
31































1
По всем вопросам касающимся приложения обращайтесь по WhatsApp +79952867503
1
10.2026

      
	
