1
For advertising or questions send us e-mail kogdanamaz@gmail.com 
30
4 6 -1 13 17 20 21
42 22 -1 30 55 5 35
4 6 -1 13 17 20 21
44 24 -1 30 54 3 33
4 6 -1 13 17 20 21
46 26 -1 30 52 0 30
4 6 -1 13 17 19 21
48 28 -1 30 50 58 28
4 6 -1 13 17 19 21
50 30 -1 30 48 55 25
4 6 -1 13 17 19 21
52 32 -1 30 46 53 23
4 6 -1 13 17 19 21
53 33 -1 30 44 50 20
4 6 -1 13 17 19 21
55 35 -1 30 42 48 18
4 6 -1 13 17 19 21
57 37 -1 30 40 45 15
4 6 -1 13 17 19 21
59 39 -1 30 38 45 15
5 6 -1 13 17 19 21
3 43 -1 30 38 40 10
5 6 -1 13 17 19 21
4 44 -1 30 33 38 8
5 6 -1 13 17 19 21
6 46 -1 30 31 35 5
5 6 -1 13 17 19 21
8 48 -1 30 29 33 3
5 6 -1 13 17 19 21
10 50 -1 30 27 30 0
5 6 -1 13 17 19 20
12 52 -1 30 25 27 57
5 6 -1 13 17 19 20
12 52 -1 30 23 27 57
5 6 -1 13 17 19 20
14 54 -1 30 21 25 55
5 6 -1 13 17 19 20
16 56 -1 30 19 22 52
5 6 -1 13 17 19 20
17 57 -1 30 16 20 50
5 6 -1 13 17 19 20
19 59 -1 30 14 17 47
5 7 -1 13 17 19 20
21 1 -1 30 12 15 45
5 7 -1 13 17 19 20
23 3 -1 30 10 12 42
5 7 -1 13 17 19 20
25 5 -1 30 8 10 40
5 7 -1 13 17 19 20
25 5 -1 30 8 10 40
5 7 -1 13 17 19 20
29 9 -1 30 3 5 35
5 7 -1 13 17 19 20
30 10 -1 30 1 2 32
5 7 -1 13 16 18 20
32 12 -1 30 59 59 29
5 7 -1 13 16 18 20
34 14 -1 30 57 57 27
5 7 -1 13 16 18 20
36 16 -1 30 55 54 24
30






























1
По всем вопросам касающимся приложения обращайтесь по WhatsApp +79952867503
1
09.2026

      
	
