1
For advertising or questions send us e-mail kogdanamaz@gmail.com 
31
5 7 -1 13 16 18 21
5 34 -1 17 2 58 19
5 7 -1 13 15 18 21
9 36 -1 17 59 55 16
5 7 -1 13 15 18 21
12 39 -1 17 57 52 12
5 7 -1 13 15 18 21
15 42 -1 16 55 48 9
5 7 -1 13 15 18 21
18 44 -1 16 52 45 5
5 7 -1 13 15 18 21
20 47 -1 16 50 42 2
5 7 -1 13 15 18 20
23 50 -1 15 47 39 58
5 7 -1 13 15 18 20
23 50 -1 15 47 39 58
5 7 -1 13 15 18 20
26 52 -1 15 45 36 55
5 7 -1 13 15 18 20
32 58 -1 15 40 29 48
5 8 -1 13 15 18 20
35 0 -1 14 38 26 45
5 8 -1 13 15 18 20
37 3 -1 14 36 23 42
5 8 -1 13 15 18 20
40 6 -1 14 33 20 38
5 8 -1 13 15 18 20
43 8 -1 14 31 16 35
5 8 -1 13 15 18 20
46 11 -1 13 28 13 32
5 8 -1 13 15 18 20
48 14 -1 13 26 10 29
5 8 -1 13 15 18 20
51 17 -1 13 24 7 26
5 8 -1 13 15 18 20
54 19 -1 13 22 4 23
5 8 -1 13 15 18 20
56 22 -1 13 19 1 20
5 8 -1 13 15 17 20
59 25 -1 12 17 58 17
6 8 -1 13 15 17 20
1 28 -1 12 15 55 14
6 8 -1 13 15 17 20
4 30 -1 12 12 52 12
6 8 -1 13 15 17 20
4 30 -1 12 12 52 12
6 8 -1 13 15 17 20
6 33 -1 12 10 49 9
6 8 -1 13 15 17 20
11 39 -1 12 6 42 3
6 8 -1 13 15 17 20
14 42 -1 12 3 39 1
5 7 -1 12 14 16 18
16 44 -1 11 1 36 58
5 7 -1 12 13 16 18
19 47 -1 11 59 33 55
5 7 -1 12 13 16 18
21 50 -1 11 57 31 53
5 7 -1 12 13 16 18
24 53 -1 11 55 28 50
5 7 -1 12 13 16 18
26 56 -1 11 53 25 48
31































1
По всем вопросам касающимся приложения обращайтесь по WhatsApp +79952867503
1
10.2026

      
	