1
For advertising or questions send us e-mail kogdanamaz@gmail.com 
30
4 6 -1 12 16 19 20
37 6 -1 34 11 0 30
4 6 -1 12 16 18 20
38 6 -1 33 10 59 29
4 6 -1 12 16 18 20
39 7 -1 33 9 57 27
4 6 -1 12 16 18 20
40 8 -1 33 9 56 26
4 6 -1 12 16 18 20
41 8 -1 32 8 55 25
4 6 -1 12 16 18 20
42 9 -1 32 7 53 23
4 6 -1 12 16 18 20
43 10 -1 32 6 52 22
4 6 -1 12 16 18 20
44 11 -1 31 6 50 20
4 6 -1 12 16 18 20
44 11 -1 31 5 49 19
4 6 -1 12 16 18 20
45 12 -1 31 4 48 18
4 6 -1 12 16 18 20
46 13 -1 30 3 46 16
4 6 -1 12 16 18 20
47 13 -1 30 2 45 15
4 6 -1 12 16 18 20
48 14 -1 30 1 43 13
4 6 -1 12 16 18 20
49 15 -1 29 1 42 12
4 6 -1 12 16 18 20
50 16 -1 29 0 41 11
4 6 -1 12 15 18 20
51 16 -1 28 59 39 9
4 6 -1 12 15 18 20
51 16 -1 28 59 39 9
4 6 -1 12 15 18 20
52 18 -1 28 57 36 6
4 6 -1 12 15 18 20
53 18 -1 27 56 35 5
4 6 -1 12 15 18 20
54 19 -1 27 55 33 3
4 6 -1 12 15 18 20
55 20 -1 27 54 32 2
4 6 -1 12 15 18 20
55 21 -1 26 53 31 1
4 6 -1 12 15 18 19
56 21 -1 26 52 29 59
4 6 -1 12 15 18 19
57 22 -1 26 52 28 58
4 6 -1 12 15 18 19
58 23 -1 25 51 26 56
4 6 -1 12 15 18 19
59 24 -1 25 50 25 55
5 6 -1 12 15 18 19
0 24 -1 25 49 23 53
5 6 -1 12 15 18 19
0 25 -1 24 48 22 52
5 6 -1 12 15 18 19
1 26 -1 24 47 21 51
5 6 -1 12 15 18 19
2 26 -1 24 46 19 49
30






























1
По всем вопросам касающимся приложения обращайтесь по WhatsApp +79952867503
1
09.2026

      
	
