1
For advertising or questions send us e-mail kogdanamaz@gmail.com 
30
4 6 -1 12 16 19 20
32 2 -1 32 10 0 30
4 6 -1 12 16 18 20
33 3 -1 32 9 58 28
4 6 -1 12 16 18 20
34 4 -1 31 8 57 27
4 6 -1 12 16 18 20
35 5 -1 31 8 55 25
4 6 -1 12 16 18 20
36 5 -1 31 7 54 24
4 6 -1 12 16 18 20
37 6 -1 30 6 53 23
4 6 -1 12 16 18 20
38 7 -1 30 5 51 21
4 6 -1 12 16 18 20
39 8 -1 30 4 50 20
4 6 -1 12 16 18 20
40 9 -1 29 4 48 18
4 6 -1 12 16 18 20
41 9 -1 29 3 47 17
4 6 -1 12 16 18 20
42 10 -1 28 2 45 15
4 6 -1 12 16 18 20
43 11 -1 28 1 44 14
4 6 -1 12 16 18 20
44 12 -1 28 0 42 12
4 6 -1 12 15 18 20
45 12 -1 27 59 41 11
4 6 -1 12 15 18 20
46 13 -1 27 58 39 9
4 6 -1 12 15 18 20
47 14 -1 27 57 38 8
4 6 -1 12 15 18 20
47 14 -1 27 57 38 8
4 6 -1 12 15 18 20
48 16 -1 26 55 35 5
4 6 -1 12 15 18 20
49 16 -1 26 54 33 3
4 6 -1 12 15 18 20
50 17 -1 25 53 32 2
4 6 -1 12 15 18 20
51 18 -1 25 52 30 0
4 6 -1 12 15 18 19
52 19 -1 25 51 29 59
4 6 -1 12 15 18 19
53 19 -1 24 50 27 57
4 6 -1 12 15 18 19
54 20 -1 24 49 26 56
4 6 -1 12 15 18 19
55 21 -1 24 48 24 54
4 6 -1 12 15 18 19
55 22 -1 23 47 23 53
4 6 -1 12 15 18 19
56 23 -1 23 46 21 51
4 6 -1 12 15 18 19
57 23 -1 22 45 20 50
4 6 -1 12 15 18 19
58 24 -1 22 44 18 48
4 6 -1 12 15 18 19
59 25 -1 22 43 17 47
30






























1
По всем вопросам касающимся приложения обращайтесь по WhatsApp +79952867503
1
09.2026

      
	
