1
For advertising or questions send us e-mail kogdanamaz@gmail.com 
30
4 5 -1 12 15 18 19
37 50 -1 4 20 16 46
4 5 -1 12 15 18 19
37 50 -1 3 20 15 45
4 5 -1 12 15 18 19
37 50 -1 3 20 15 45
4 5 -1 12 15 18 19
37 50 -1 3 20 14 44
4 5 -1 12 15 18 19
37 50 -1 2 20 13 43
4 5 -1 12 15 18 19
38 51 -1 2 20 12 42
4 5 -1 12 15 18 19
38 51 -1 2 20 12 42
4 5 -1 12 15 18 19
38 51 -1 1 19 11 41
4 5 -1 12 15 18 19
38 51 -1 1 19 10 40
4 5 -1 12 15 18 19
38 51 -1 1 19 9 39
4 5 -1 12 15 18 19
38 51 -1 0 19 8 38
4 5 -1 12 15 18 19
38 51 -1 0 19 8 38
4 5 -1 12 15 18 19
39 51 -1 0 19 7 37
4 5 -1 11 15 18 19
39 51 -1 59 19 6 36
4 5 -1 11 15 18 19
39 51 -1 59 19 5 35
4 5 -1 11 15 18 19
39 51 -1 59 18 5 35
4 5 -1 11 15 18 19
39 51 -1 59 18 5 35
4 5 -1 11 15 18 19
39 51 -1 58 18 3 33
4 5 -1 11 15 18 19
39 51 -1 57 18 2 32
4 5 -1 11 15 18 19
39 52 -1 57 18 1 31
4 5 -1 11 15 18 19
39 52 -1 57 17 1 31
4 5 -1 11 15 18 19
40 52 -1 56 17 0 30
4 5 -1 11 15 17 19
40 52 -1 56 17 59 29
4 5 -1 11 15 17 19
40 52 -1 56 17 58 28
4 5 -1 11 15 17 19
40 52 -1 55 16 58 28
4 5 -1 11 15 17 19
40 52 -1 55 16 57 27
4 5 -1 11 15 17 19
40 52 -1 55 16 56 26
4 5 -1 11 15 17 19
40 52 -1 54 16 55 25
4 5 -1 11 15 17 19
40 52 -1 54 15 54 24
4 5 -1 11 15 17 19
40 52 -1 54 15 54 24
30






























1
По всем вопросам касающимся приложения обращайтесь по WhatsApp +79952867503
1
09.2026

      
	
