1
For advertising or questions send us e-mail kogdanamaz@gmail.com 
31
4 5 -1 11 15 17 19
37 49 -1 50 10 50 20
4 5 -1 11 15 17 19
37 49 -1 50 10 50 20
4 5 -1 11 15 17 19
37 49 -1 49 10 49 19
4 5 -1 11 15 17 19
37 49 -1 49 10 48 18
4 5 -1 11 15 17 19
37 49 -1 49 9 48 18
4 5 -1 11 15 17 19
37 49 -1 49 9 47 17
4 5 -1 11 15 17 19
37 49 -1 48 9 46 16
4 5 -1 11 15 17 19
38 49 -1 48 9 46 16
4 5 -1 11 15 17 19
38 49 -1 48 8 45 15
4 5 -1 11 15 17 19
38 49 -1 47 8 45 15
4 5 -1 11 15 17 19
38 49 -1 47 8 44 14
4 5 -1 11 15 17 19
38 49 -1 47 8 43 13
4 5 -1 11 15 17 19
38 49 -1 47 8 43 13
4 5 -1 11 15 17 19
38 50 -1 46 7 42 12
4 5 -1 11 15 17 19
38 50 -1 46 7 42 12
4 5 -1 11 15 17 19
38 50 -1 46 7 41 11
4 5 -1 11 15 17 19
38 50 -1 46 7 41 11
4 5 -1 11 15 17 19
38 50 -1 46 7 40 10
4 5 -1 11 15 17 19
38 50 -1 45 6 40 10
4 5 -1 11 15 17 19
38 50 -1 45 6 39 9
4 5 -1 11 15 17 19
38 50 -1 45 6 39 9
4 5 -1 11 15 17 19
38 51 -1 45 6 38 8
4 5 -1 11 15 17 19
38 51 -1 45 6 38 8
4 5 -1 11 15 17 19
39 51 -1 45 5 37 7
4 5 -1 11 15 17 19
39 51 -1 45 5 37 7
4 5 -1 11 15 17 19
39 51 -1 44 5 36 6
4 5 -1 11 15 17 19
39 52 -1 44 5 36 6
4 5 -1 11 15 17 19
39 52 -1 44 5 35 5
4 5 -1 11 15 17 19
39 52 -1 44 5 35 5
4 5 -1 11 15 17 19
39 52 -1 44 4 35 5
4 5 -1 11 15 17 19
39 52 -1 44 4 35 5
31































1
По всем вопросам касающимся приложения обращайтесь по WhatsApp +79952867503
1
10.2026

      
	
