1
For advertising or questions send us e-mail kogdanamaz@gmail.com 
30
4 6 -1 12 15 18 20
45 3 -1 23 52 41 11
4 6 -1 12 15 18 20
45 4 -1 23 51 40 10
4 6 -1 12 15 18 20
46 4 -1 22 51 39 9
4 6 -1 12 15 18 20
46 4 -1 22 50 38 8
4 6 -1 12 15 18 20
46 4 -1 22 50 38 8
4 6 -1 12 15 18 20
47 5 -1 22 50 37 7
4 6 -1 12 15 18 20
48 5 -1 21 49 35 5
4 6 -1 12 15 18 20
48 6 -1 21 49 34 4
4 6 -1 12 15 18 20
49 6 -1 20 48 33 3
4 6 -1 12 15 18 20
49 6 -1 20 48 32 2
4 6 -1 12 15 18 20
49 7 -1 20 47 31 1
4 6 -1 12 15 18 20
50 7 -1 19 47 30 0
4 6 -1 12 15 18 19
50 7 -1 19 47 29 59
4 6 -1 12 15 18 19
51 8 -1 19 46 28 58
4 6 -1 12 15 18 19
51 8 -1 18 46 27 57
4 6 -1 12 15 18 19
52 9 -1 18 45 26 56
4 6 -1 12 15 18 19
52 9 -1 18 45 25 55
4 6 -1 12 15 18 19
52 9 -1 17 44 24 54
4 6 -1 12 15 18 19
53 10 -1 17 43 23 53
4 6 -1 12 15 18 19
53 10 -1 17 43 23 53
4 6 -1 12 15 18 19
53 10 -1 16 43 22 52
4 6 -1 12 15 18 19
54 11 -1 16 42 19 49
4 6 -1 12 15 18 19
55 11 -1 15 41 18 48
4 6 -1 12 15 18 19
55 11 -1 15 41 17 47
4 6 -1 12 15 18 19
55 12 -1 15 40 16 46
4 6 -1 12 15 18 19
56 12 -1 14 40 15 45
4 6 -1 12 15 18 19
56 12 -1 14 39 14 44
4 6 -1 12 15 18 19
56 13 -1 14 38 13 43
4 6 -1 12 15 18 19
57 13 -1 13 38 12 42
4 6 -1 12 15 18 19
57 14 -1 13 37 11 41
30






























1
По всем вопросам касающимся приложения обращайтесь по WhatsApp +79952867503
1
09.2026

      
	
