1
For advertising or questions send us e-mail kogdanamaz@gmail.com 
30
4 5 -1 12 15 18 20
40 59 -1 19 49 38 8
4 5 -1 12 15 18 20
40 59 -1 19 48 37 7
4 6 -1 12 15 18 20
41 0 -1 19 48 36 6
4 6 -1 12 15 18 20
41 0 -1 18 48 35 5
4 6 -1 12 15 18 20
41 0 -1 18 48 35 5
4 6 -1 12 15 18 20
42 1 -1 18 47 34 4
4 6 -1 12 15 18 20
43 1 -1 17 46 32 2
4 6 -1 12 15 18 20
44 2 -1 17 46 31 1
4 6 -1 12 15 18 20
44 2 -1 17 45 30 0
4 6 -1 12 15 18 19
44 2 -1 16 45 29 59
4 6 -1 12 15 18 19
45 3 -1 16 44 28 58
4 6 -1 12 15 18 19
45 3 -1 16 44 27 57
4 6 -1 12 15 18 19
46 4 -1 15 43 26 56
4 6 -1 12 15 18 19
46 4 -1 15 43 25 55
4 6 -1 12 15 18 19
47 4 -1 15 42 23 53
4 6 -1 12 15 18 19
47 5 -1 14 42 22 52
4 6 -1 12 15 18 19
48 5 -1 14 41 21 51
4 6 -1 12 15 18 19
48 5 -1 14 41 20 50
4 6 -1 12 15 18 19
49 6 -1 13 40 19 49
4 6 -1 12 15 18 19
49 6 -1 13 40 19 49
4 6 -1 12 15 18 19
49 6 -1 13 40 18 48
4 6 -1 12 15 18 19
50 7 -1 12 38 16 46
4 6 -1 12 15 18 19
50 7 -1 12 38 15 45
4 6 -1 12 15 18 19
51 8 -1 11 37 14 44
4 6 -1 12 15 18 19
51 8 -1 11 37 13 43
4 6 -1 12 15 18 19
52 8 -1 11 36 12 42
4 6 -1 12 15 18 19
52 9 -1 10 35 10 40
4 6 -1 12 15 18 19
52 9 -1 10 35 9 39
4 6 -1 12 15 18 19
53 10 -1 10 34 8 38
4 6 -1 12 15 18 19
53 10 -1 9 34 7 37
30






























1
По всем вопросам касающимся приложения обращайтесь по WhatsApp +79952867503
1
09.2026

      
	
