1
For advertising or questions send us e-mail kogdanamaz@gmail.com 
31
5 7 -1 12 16 18 20
16 2 -1 52 0 41 22
5 7 -1 12 15 18 20
17 3 -1 52 58 39 20
5 7 -1 12 15 18 20
19 5 -1 52 57 37 18
5 7 -1 12 15 18 20
21 6 -1 51 55 34 16
5 7 -1 12 15 18 20
22 8 -1 51 53 32 13
5 7 -1 12 15 18 20
24 9 -1 51 52 30 11
5 7 -1 12 15 18 20
26 11 -1 50 50 28 9
5 7 -1 12 15 18 20
27 13 -1 50 48 26 7
5 7 -1 12 15 18 20
29 14 -1 50 47 24 5
5 7 -1 12 15 18 20
30 16 -1 50 45 22 3
5 7 -1 12 15 18 20
32 17 -1 49 44 20 0
5 7 -1 12 15 18 19
33 19 -1 49 42 17 58
5 7 -1 12 15 18 19
35 20 -1 49 40 15 56
5 7 -1 12 15 18 19
37 22 -1 49 39 13 54
5 7 -1 12 15 18 19
38 24 -1 48 37 11 52
5 7 -1 12 15 18 19
40 25 -1 48 36 9 50
5 7 -1 12 15 18 19
41 27 -1 48 34 7 48
5 7 -1 12 15 18 19
43 29 -1 48 32 5 46
5 7 -1 12 15 18 19
44 30 -1 48 31 3 45
5 7 -1 12 15 18 19
46 32 -1 47 29 1 43
5 7 -1 12 15 17 19
47 33 -1 47 28 59 41
5 7 -1 12 15 17 19
49 35 -1 47 26 57 39
5 7 -1 12 15 17 19
50 37 -1 47 25 55 37
5 7 -1 12 15 17 19
52 38 -1 47 23 54 35
5 7 -1 12 15 17 19
53 40 -1 47 22 52 34
5 7 -1 12 15 17 19
55 42 -1 47 20 50 32
5 7 -1 12 15 17 19
56 43 -1 46 19 48 30
4 6 -1 11 14 16 18
58 45 -1 46 17 46 29
4 6 -1 11 14 16 18
59 47 -1 46 16 44 27
5 6 -1 11 14 16 18
1 48 -1 46 15 43 25
5 6 -1 11 14 16 18
2 50 -1 46 13 41 24
31































1
По всем вопросам касающимся приложения обращайтесь по WhatsApp +79952867503
1
10.2026

      
	