1
For advertising or questions send us e-mail kogdanamaz@gmail.com 
30
4 6 -1 12 16 19 21
5 2 -1 47 30 31 22
4 6 -1 12 16 19 21
7 3 -1 47 29 29 19
4 6 -1 12 16 19 21
10 5 -1 47 27 27 16
4 6 -1 12 16 19 21
12 6 -1 46 26 25 14
4 6 -1 12 16 19 21
14 8 -1 46 24 23 11
4 6 -1 12 16 19 21
16 9 -1 46 23 20 8
4 6 -1 12 16 19 21
18 11 -1 45 22 18 6
4 6 -1 12 16 19 21
20 12 -1 45 20 16 3
4 6 -1 12 16 19 21
22 13 -1 45 19 14 0
4 6 -1 12 16 19 20
24 15 -1 44 17 12 58
4 6 -1 12 16 19 20
26 16 -1 44 16 10 55
4 6 -1 12 16 19 20
27 18 -1 44 14 7 53
4 6 -1 12 16 19 20
29 19 -1 43 13 5 50
4 6 -1 12 16 19 20
31 21 -1 43 12 3 48
4 6 -1 12 16 19 20
33 22 -1 43 10 1 45
4 6 -1 12 16 18 20
35 24 -1 42 9 59 43
4 6 -1 12 16 18 20
37 25 -1 42 7 56 40
4 6 -1 12 16 18 20
39 27 -1 41 5 54 38
4 6 -1 12 16 18 20
40 28 -1 41 4 52 35
4 6 -1 12 16 18 20
42 30 -1 41 2 50 33
4 6 -1 12 16 18 20
44 31 -1 40 1 48 30
4 6 -1 12 15 18 20
46 33 -1 40 59 45 28
4 6 -1 12 15 18 20
47 34 -1 40 58 43 25
4 6 -1 12 15 18 20
49 36 -1 39 56 41 23
4 6 -1 12 15 18 20
51 37 -1 39 54 39 21
4 6 -1 12 15 18 20
53 39 -1 39 53 37 18
4 6 -1 12 15 18 20
54 40 -1 38 51 34 16
4 6 -1 12 15 18 20
56 42 -1 38 50 32 14
4 6 -1 12 15 18 20
58 43 -1 38 48 30 11
4 6 -1 12 15 18 20
59 45 -1 37 46 28 9
30






























1
По всем вопросам касающимся приложения обращайтесь по WhatsApp +79952867503
1
09.2026

      
	
