1
For advertising or questions send us e-mail kogdanamaz@gmail.com 
30
4 6 -1 12 16 19 21
20 2 -1 45 27 27 2
4 6 -1 12 16 19 21
21 4 -1 45 26 25 0
4 6 -1 12 16 19 20
23 5 -1 44 25 23 58
4 6 -1 12 16 19 20
25 6 -1 44 23 21 55
4 6 -1 12 16 19 20
26 8 -1 44 22 19 53
4 6 -1 12 16 19 20
28 9 -1 43 21 17 51
4 6 -1 12 16 19 20
30 10 -1 43 19 15 48
4 6 -1 12 16 19 20
31 12 -1 43 18 13 46
4 6 -1 12 16 19 20
33 13 -1 42 17 11 44
4 6 -1 12 16 19 20
34 14 -1 42 15 9 42
4 6 -1 12 16 19 20
36 16 -1 42 14 7 39
4 6 -1 12 16 19 20
38 17 -1 41 13 5 37
4 6 -1 12 16 19 20
39 18 -1 41 11 2 35
4 6 -1 12 16 19 20
41 20 -1 41 10 0 33
4 6 -1 12 16 18 20
42 21 -1 40 9 58 30
4 6 -1 12 16 18 20
44 22 -1 40 7 56 28
4 6 -1 12 16 18 20
45 24 -1 39 6 54 26
4 6 -1 12 16 18 20
47 25 -1 39 4 52 24
4 6 -1 12 16 18 20
48 26 -1 39 3 50 21
4 6 -1 12 16 18 20
50 28 -1 38 1 48 19
4 6 -1 12 16 18 20
51 29 -1 38 0 46 17
4 6 -1 12 15 18 20
53 30 -1 38 58 44 15
4 6 -1 12 15 18 20
54 32 -1 37 57 42 13
4 6 -1 12 15 18 20
56 33 -1 37 55 40 10
4 6 -1 12 15 18 20
57 34 -1 36 54 38 8
4 6 -1 12 15 18 20
58 36 -1 36 52 36 6
5 6 -1 12 15 18 20
0 37 -1 36 51 34 4
5 6 -1 12 15 18 20
1 39 -1 35 49 32 2
5 6 -1 12 15 18 20
3 40 -1 35 48 30 0
5 6 -1 12 15 18 19
4 41 -1 35 46 28 58
30






























1
По всем вопросам касающимся приложения обращайтесь по WhatsApp +79952867503
1
09.2026

      
	
