1
For advertising or questions send us e-mail kogdanamaz@gmail.com 
30
4 5 -1 12 16 19 21
13 59 -1 40 22 19 0
4 6 -1 12 16 19 20
15 0 -1 39 21 17 57
4 6 -1 12 16 19 20
17 2 -1 39 20 15 55
4 6 -1 12 16 19 20
18 3 -1 39 18 13 53
4 6 -1 12 16 19 20
20 4 -1 38 17 11 50
4 6 -1 12 16 19 20
22 5 -1 38 16 9 48
4 6 -1 12 16 19 20
23 7 -1 38 15 7 46
4 6 -1 12 16 19 20
25 8 -1 37 13 5 44
4 6 -1 12 16 19 20
26 9 -1 37 12 3 41
4 6 -1 12 16 19 20
28 11 -1 37 11 1 39
4 6 -1 12 16 18 20
30 12 -1 36 10 59 37
4 6 -1 12 16 18 20
31 13 -1 36 8 57 34
4 6 -1 12 16 18 20
33 14 -1 36 7 55 32
4 6 -1 12 16 18 20
34 16 -1 35 6 53 30
4 6 -1 12 16 18 20
36 17 -1 35 4 51 28
4 6 -1 12 16 18 20
37 18 -1 35 3 49 26
4 6 -1 12 16 18 20
39 19 -1 34 2 47 23
4 6 -1 12 16 18 20
40 21 -1 34 0 45 21
4 6 -1 12 15 18 20
42 22 -1 34 59 43 19
4 6 -1 12 15 18 20
43 23 -1 33 57 41 17
4 6 -1 12 15 18 20
45 24 -1 33 56 39 15
4 6 -1 12 15 18 20
46 26 -1 33 55 38 12
4 6 -1 12 15 18 20
48 27 -1 32 53 36 10
4 6 -1 12 15 18 20
49 28 -1 32 52 34 8
4 6 -1 12 15 18 20
51 30 -1 31 50 32 6
4 6 -1 12 15 18 20
52 31 -1 31 49 30 4
4 6 -1 12 15 18 20
54 32 -1 31 48 28 2
4 6 -1 12 15 18 20
55 33 -1 30 46 26 0
4 6 -1 12 15 18 19
56 35 -1 30 45 24 58
4 6 -1 12 15 18 19
58 36 -1 30 43 22 56
30






























1
По всем вопросам касающимся приложения обращайтесь по WhatsApp +79952867503
1
09.2026

      
	
