1
For advertising or questions send us e-mail kogdanamaz@gmail.com 
30
4 6 -1 12 16 19 21
21 7 -1 47 29 26 7
4 6 -1 12 16 19 21
23 8 -1 47 28 24 5
4 6 -1 12 16 19 21
24 9 -1 47 27 22 2
4 6 -1 12 16 19 21
26 11 -1 46 26 20 0
4 6 -1 12 16 19 20
28 12 -1 46 25 18 58
4 6 -1 12 16 19 20
29 13 -1 46 23 17 56
4 6 -1 12 16 19 20
31 14 -1 45 22 15 53
4 6 -1 12 16 19 20
33 16 -1 45 21 13 51
4 6 -1 12 16 19 20
34 17 -1 45 20 11 49
4 6 -1 12 16 19 20
36 18 -1 44 18 9 46
4 6 -1 12 16 19 20
37 19 -1 44 17 7 44
4 6 -1 12 16 19 20
39 21 -1 44 16 5 42
4 6 -1 12 16 19 20
41 22 -1 43 15 3 40
4 6 -1 12 16 19 20
42 23 -1 43 13 1 37
4 6 -1 12 16 18 20
44 24 -1 43 12 59 35
4 6 -1 12 16 18 20
45 26 -1 42 11 57 33
4 6 -1 12 16 18 20
47 27 -1 42 9 55 31
4 6 -1 12 16 18 20
48 28 -1 42 8 53 29
4 6 -1 12 16 18 20
50 30 -1 41 6 51 26
4 6 -1 12 16 18 20
51 31 -1 41 5 49 24
4 6 -1 12 16 18 20
53 32 -1 40 4 47 22
4 6 -1 12 16 18 20
54 33 -1 40 2 45 20
4 6 -1 12 16 18 20
56 35 -1 40 1 43 18
4 6 -1 12 15 18 20
57 36 -1 39 59 41 16
4 6 -1 12 15 18 20
58 37 -1 39 58 39 14
5 6 -1 12 15 18 20
0 38 -1 39 57 37 11
5 6 -1 12 15 18 20
1 40 -1 38 55 35 9
5 6 -1 12 15 18 20
3 41 -1 38 54 33 7
5 6 -1 12 15 18 20
4 42 -1 38 52 31 5
5 6 -1 12 15 18 20
6 44 -1 37 51 29 3
30






























1
По всем вопросам касающимся приложения обращайтесь по WhatsApp +79952867503
1
09.2026

      
	
