1
For advertising or questions send us e-mail kogdanamaz@gmail.com 
30
4 5 -1 12 16 19 21
3 54 -1 37 20 19 4
4 5 -1 12 16 19 21
5 56 -1 37 18 17 2
4 5 -1 12 16 19 20
7 57 -1 37 17 15 59
4 5 -1 12 16 19 20
9 58 -1 36 16 12 57
4 6 -1 12 16 19 20
11 0 -1 36 15 10 54
4 6 -1 12 16 19 20
13 1 -1 36 13 8 52
4 6 -1 12 16 19 20
14 2 -1 35 12 6 49
4 6 -1 12 16 19 20
16 4 -1 35 11 4 47
4 6 -1 12 16 19 20
18 5 -1 35 9 2 44
4 6 -1 12 16 19 20
20 7 -1 34 8 0 42
4 6 -1 12 16 18 20
21 8 -1 34 7 58 40
4 6 -1 12 16 18 20
23 9 -1 34 5 56 37
4 6 -1 12 16 18 20
25 11 -1 33 4 54 35
4 6 -1 12 16 18 20
27 12 -1 33 2 52 32
4 6 -1 12 16 18 20
28 13 -1 33 1 50 30
4 6 -1 12 16 18 20
30 15 -1 32 0 48 28
4 6 -1 12 15 18 20
32 16 -1 32 58 46 25
4 6 -1 12 15 18 20
33 17 -1 31 57 44 23
4 6 -1 12 15 18 20
35 19 -1 31 55 41 21
4 6 -1 12 15 18 20
37 20 -1 31 54 39 18
4 6 -1 12 15 18 20
38 22 -1 30 52 37 16
4 6 -1 12 15 18 20
40 23 -1 30 51 35 14
4 6 -1 12 15 18 20
41 24 -1 30 49 33 12
4 6 -1 12 15 18 20
43 26 -1 29 48 31 9
4 6 -1 12 15 18 20
45 27 -1 29 46 29 7
4 6 -1 12 15 18 20
46 29 -1 29 45 27 5
4 6 -1 12 15 18 20
48 30 -1 28 43 25 3
4 6 -1 12 15 18 20
49 31 -1 28 42 23 0
4 6 -1 12 15 18 19
51 33 -1 28 40 21 58
4 6 -1 12 15 18 19
52 34 -1 27 39 19 56
30






























1
По всем вопросам касающимся приложения обращайтесь по WhatsApp +79952867503
1
09.2026

      
	
