1
For advertising or questions send us e-mail kogdanamaz@gmail.com 
30
4 6 -1 12 16 19 21
12 0 -1 42 24 21 4
4 6 -1 12 16 19 21
14 1 -1 41 23 19 2
4 6 -1 12 16 19 20
16 3 -1 41 21 17 59
4 6 -1 12 16 19 20
18 4 -1 41 20 15 57
4 6 -1 12 16 19 20
19 5 -1 40 19 13 54
4 6 -1 12 16 19 20
21 7 -1 40 18 11 52
4 6 -1 12 16 19 20
23 8 -1 40 16 9 50
4 6 -1 12 16 19 20
24 9 -1 39 15 7 47
4 6 -1 12 16 19 20
26 10 -1 39 14 5 45
4 6 -1 12 16 19 20
28 12 -1 39 13 4 43
4 6 -1 12 16 19 20
29 13 -1 38 11 2 40
4 6 -1 12 16 19 20
31 14 -1 38 10 0 38
4 6 -1 12 16 18 20
33 16 -1 38 9 57 36
4 6 -1 12 16 18 20
34 17 -1 37 7 55 34
4 6 -1 12 16 18 20
36 18 -1 37 6 53 31
4 6 -1 12 16 18 20
38 20 -1 36 4 51 29
4 6 -1 12 16 18 20
39 21 -1 36 3 49 27
4 6 -1 12 16 18 20
41 22 -1 36 2 47 24
4 6 -1 12 16 18 20
42 23 -1 35 0 45 22
4 6 -1 12 15 18 20
44 25 -1 35 59 43 20
4 6 -1 12 15 18 20
45 26 -1 35 57 41 18
4 6 -1 12 15 18 20
47 27 -1 34 56 39 16
4 6 -1 12 15 18 20
48 29 -1 34 55 37 13
4 6 -1 12 15 18 20
50 30 -1 34 53 35 11
4 6 -1 12 15 18 20
51 31 -1 33 52 33 9
4 6 -1 12 15 18 20
53 33 -1 33 50 31 7
4 6 -1 12 15 18 20
54 34 -1 33 49 29 5
4 6 -1 12 15 18 20
56 35 -1 32 47 27 3
4 6 -1 12 15 18 20
57 37 -1 32 46 25 1
4 6 -1 12 15 18 19
59 38 -1 32 44 23 58
30






























1
По всем вопросам касающимся приложения обращайтесь по WhatsApp +79952867503
1
09.2026

      
	
