1
For advertising or questions send us e-mail kogdanamaz@gmail.com 
30
4 5 -1 12 16 19 20
2 52 -1 34 16 14 59
4 5 -1 12 16 19 20
4 53 -1 34 15 12 56
4 5 -1 12 16 19 20
6 54 -1 33 14 10 54
4 5 -1 12 16 19 20
8 56 -1 33 13 8 51
4 5 -1 12 16 19 20
9 57 -1 33 11 6 49
4 5 -1 12 16 19 20
11 58 -1 32 10 4 46
4 6 -1 12 16 19 20
13 0 -1 32 9 2 44
4 6 -1 12 16 19 20
15 1 -1 32 7 0 42
4 6 -1 12 16 18 20
16 2 -1 31 6 58 39
4 6 -1 12 16 18 20
18 4 -1 31 5 56 37
4 6 -1 12 16 18 20
20 5 -1 31 3 54 35
4 6 -1 12 16 18 20
22 6 -1 30 2 52 32
4 6 -1 12 16 18 20
23 8 -1 30 1 50 30
4 6 -1 12 15 18 20
25 9 -1 29 59 48 27
4 6 -1 12 15 18 20
27 10 -1 29 58 46 25
4 6 -1 12 15 18 20
28 12 -1 29 56 44 23
4 6 -1 12 15 18 20
30 13 -1 28 55 42 21
4 6 -1 12 15 18 20
31 14 -1 28 54 40 18
4 6 -1 12 15 18 20
33 16 -1 28 52 38 16
4 6 -1 12 15 18 20
35 17 -1 27 51 36 14
4 6 -1 12 15 18 20
36 18 -1 27 49 34 11
4 6 -1 12 15 18 20
38 20 -1 27 48 32 9
4 6 -1 12 15 18 20
39 21 -1 26 46 30 7
4 6 -1 12 15 18 20
41 22 -1 26 45 28 5
4 6 -1 12 15 18 20
42 24 -1 26 43 26 3
4 6 -1 12 15 18 20
44 25 -1 25 42 24 0
4 6 -1 12 15 18 19
45 26 -1 25 40 22 58
4 6 -1 12 15 18 19
47 28 -1 25 39 20 56
4 6 -1 12 15 18 19
48 29 -1 24 37 17 54
4 6 -1 12 15 18 19
50 31 -1 24 36 15 52
30






























1
По всем вопросам касающимся приложения обращайтесь по WhatsApp +79952867503
1
09.2026

      
	
