1
For advertising or questions send us e-mail kogdanamaz@gmail.com 
30
4 6 -1 13 17 19 21
57 38 -1 15 54 54 24
4 6 -1 13 17 19 21
58 39 -1 14 52 52 22
5 6 -1 13 17 19 21
0 40 -1 14 50 50 20
5 6 -1 13 17 19 21
1 41 -1 14 49 49 19
5 6 -1 13 17 19 21
3 42 -1 14 47 47 17
5 6 -1 13 17 19 21
4 43 -1 13 45 45 15
5 6 -1 13 17 19 21
5 44 -1 13 43 43 13
5 6 -1 13 17 19 21
7 46 -1 12 42 42 12
5 6 -1 13 17 19 21
8 47 -1 12 40 40 10
5 6 -1 13 17 19 21
10 48 -1 12 38 38 8
5 6 -1 13 17 19 21
11 49 -1 11 36 36 6
5 6 -1 13 17 19 21
12 50 -1 11 34 34 4
5 6 -1 13 17 19 21
14 51 -1 11 33 33 3
5 6 -1 13 17 19 21
15 52 -1 10 31 31 1
5 6 -1 13 17 19 20
16 53 -1 10 29 29 59
5 6 -1 13 17 19 20
18 54 -1 10 27 27 57
5 6 -1 13 17 19 20
19 55 -1 9 25 25 55
5 6 -1 13 17 19 20
20 56 -1 9 24 24 54
5 6 -1 13 17 19 20
21 57 -1 9 22 22 52
5 6 -1 13 17 19 20
23 59 -1 8 20 20 50
5 7 -1 13 17 19 20
24 0 -1 8 18 18 48
5 7 -1 13 17 19 20
25 1 -1 8 16 16 46
5 7 -1 13 17 19 20
26 2 -1 7 15 15 45
5 7 -1 13 17 19 20
28 3 -1 7 13 13 43
5 7 -1 13 17 19 20
29 4 -1 6 11 11 41
5 7 -1 13 17 19 20
30 5 -1 6 9 9 39
5 7 -1 13 17 19 20
31 6 -1 6 8 8 38
5 7 -1 13 17 19 20
33 7 -1 5 6 6 36
5 7 -1 13 17 18 20
34 8 -1 5 4 4 34
5 7 -1 13 17 18 20
35 10 -1 5 2 2 32
30






























1
По всем вопросам касающимся приложения обращайтесь по WhatsApp +79952867503
1
09.2026

      
	
