1
For advertising or questions send us e-mail kogdanamaz@gmail.com 
31
5 7 -1 13 16 18 20
38 13 -1 6 20 57 28
5 7 -1 13 16 18 20
38 13 -1 6 20 57 28
5 7 -1 13 16 18 20
41 15 -1 5 17 53 24
5 7 -1 13 16 18 20
42 16 -1 5 16 51 22
5 7 -1 13 16 18 20
43 18 -1 4 15 50 20
5 7 -1 13 16 18 20
44 19 -1 4 13 48 18
5 7 -1 13 16 18 20
46 20 -1 4 12 46 17
5 7 -1 13 16 18 20
47 21 -1 4 11 44 15
5 7 -1 13 16 18 20
48 23 -1 3 9 42 13
5 7 -1 13 16 18 20
49 24 -1 3 8 41 11
5 7 -1 13 16 18 20
51 25 -1 3 7 39 9
5 7 -1 13 16 18 20
52 26 -1 3 5 37 8
5 7 -1 13 16 18 20
53 28 -1 2 4 35 6
5 7 -1 13 16 18 20
54 29 -1 2 3 34 4
5 7 -1 13 16 18 20
55 30 -1 2 1 32 3
5 7 -1 13 16 18 20
57 31 -1 2 0 30 1
5 7 -1 13 15 18 19
58 33 -1 1 59 29 59
5 7 -1 13 15 18 19
59 34 -1 1 57 27 58
6 7 -1 13 15 18 19
0 35 -1 1 56 25 56
6 7 -1 13 15 18 19
1 37 -1 1 55 24 55
6 7 -1 13 15 18 19
3 38 -1 1 53 22 53
6 7 -1 13 15 18 19
4 39 -1 1 52 20 52
6 7 -1 13 15 18 19
5 40 -1 0 51 19 50
6 7 -1 13 15 18 19
6 42 -1 0 50 17 49
6 7 -1 13 15 18 19
7 43 -1 0 48 16 47
6 7 -1 13 15 18 19
9 44 -1 0 47 14 46
6 7 -1 13 15 18 19
10 46 -1 0 46 13 44
5 6 -1 12 14 17 18
11 47 -1 0 45 11 43
5 6 -1 12 14 17 18
12 48 -1 0 44 10 42
5 6 -1 12 14 17 18
13 50 -1 0 42 8 40
5 6 -1 12 14 17 18
15 51 -1 0 41 7 39
31































1
По всем вопросам касающимся приложения обращайтесь по WhatsApp +79952867503
1
10.2026

      
	
