1
For advertising or questions send us e-mail kogdanamaz@gmail.com 
30
4 6 -1 13 16 19 21
40 28 -1 10 52 50 33
4 6 -1 13 16 19 21
41 29 -1 10 51 48 31
4 6 -1 13 16 19 21
43 31 -1 9 50 46 29
4 6 -1 13 16 19 21
45 32 -1 9 49 44 26
4 6 -1 13 16 19 21
47 33 -1 9 47 42 24
4 6 -1 13 16 19 21
49 35 -1 8 46 40 21
4 6 -1 13 16 19 21
50 36 -1 8 45 38 19
4 6 -1 13 16 19 21
52 37 -1 8 44 36 17
4 6 -1 13 16 19 21
54 39 -1 7 42 34 14
4 6 -1 13 16 19 21
55 40 -1 7 41 32 12
4 6 -1 13 16 19 21
57 41 -1 7 40 30 10
4 6 -1 13 16 19 21
59 43 -1 6 38 28 7
5 6 -1 13 16 19 21
0 44 -1 6 37 26 5
5 6 -1 13 16 19 21
2 45 -1 6 36 24 3
5 6 -1 13 16 19 21
4 47 -1 5 34 22 0
5 6 -1 13 16 19 20
5 48 -1 5 33 20 58
5 6 -1 13 16 19 20
5 48 -1 5 33 20 58
5 6 -1 13 16 19 20
8 51 -1 4 30 16 54
5 6 -1 13 16 19 20
10 52 -1 4 29 14 51
5 6 -1 13 16 19 20
12 53 -1 3 27 12 49
5 6 -1 13 16 19 20
13 54 -1 3 26 10 47
5 6 -1 13 16 19 20
15 56 -1 3 24 8 45
5 6 -1 13 16 19 20
16 57 -1 2 23 6 42
5 6 -1 13 16 19 20
18 58 -1 2 21 4 40
5 7 -1 13 16 19 20
19 0 -1 2 20 2 38
5 7 -1 13 16 19 20
21 1 -1 1 18 0 36
5 7 -1 13 16 18 20
22 2 -1 1 17 58 34
5 7 -1 13 16 18 20
24 4 -1 1 16 56 32
5 7 -1 13 16 18 20
25 5 -1 0 14 54 29
5 7 -1 13 16 18 20
27 7 -1 0 13 52 27
30






























1
По всем вопросам касающимся приложения обращайтесь по WhatsApp +79952867503
1
09.2026

      
	
