1
For advertising or questions send us e-mail kogdanamaz@gmail.com 
31
5 7 -1 13 16 19 20
56 33 -1 25 38 16 49
5 7 -1 13 16 19 20
56 33 -1 25 38 16 49
5 7 -1 13 16 19 20
58 35 -1 25 35 12 45
6 7 -1 13 16 19 20
0 37 -1 24 34 10 43
6 7 -1 13 16 19 20
1 38 -1 24 33 8 41
6 7 -1 13 16 19 20
2 39 -1 24 31 6 39
6 7 -1 13 16 19 20
4 41 -1 23 30 4 37
6 7 -1 13 16 19 20
5 42 -1 23 28 3 35
6 7 -1 13 16 19 20
6 43 -1 23 27 1 33
6 7 -1 13 16 18 20
8 45 -1 23 25 59 32
6 7 -1 13 16 18 20
9 46 -1 22 24 57 30
6 7 -1 13 16 18 20
10 47 -1 22 23 55 28
6 7 -1 13 16 18 20
12 48 -1 22 21 53 26
6 7 -1 13 16 18 20
13 50 -1 22 20 52 25
6 7 -1 13 16 18 20
14 51 -1 21 18 50 23
6 7 -1 13 16 18 20
15 52 -1 21 17 48 21
6 7 -1 13 16 18 20
17 54 -1 21 16 46 19
6 7 -1 13 16 18 20
18 55 -1 21 14 45 18
6 7 -1 13 16 18 20
19 57 -1 21 13 43 16
6 7 -1 13 16 18 20
21 58 -1 20 12 41 14
6 7 -1 13 16 18 20
22 59 -1 20 10 39 13
6 8 -1 13 16 18 20
23 1 -1 20 9 38 11
6 8 -1 13 16 18 20
24 2 -1 20 8 36 10
6 8 -1 13 16 18 20
26 3 -1 20 6 35 8
6 8 -1 13 16 18 20
27 5 -1 20 5 33 7
6 8 -1 13 16 18 20
28 6 -1 20 4 31 5
6 8 -1 13 16 18 20
29 8 -1 19 3 30 4
5 7 -1 12 15 17 19
31 9 -1 19 1 28 2
5 7 -1 12 15 17 19
32 10 -1 19 0 27 1
5 7 -1 12 14 17 19
33 12 -1 19 59 25 0
5 7 -1 12 14 17 18
34 13 -1 19 58 24 58
31































1
По всем вопросам касающимся приложения обращайтесь по WhatsApp +79952867503
1
10.2026

      
	
