1
For advertising or questions send us e-mail kogdanamaz@gmail.com 
30
4 6 -1 13 16 19 21
46 28 -1 6 47 42 19
4 6 -1 13 16 19 21
48 29 -1 6 46 40 17
4 6 -1 13 16 19 21
50 30 -1 5 45 39 14
4 6 -1 13 16 19 21
51 31 -1 5 44 37 12
4 6 -1 13 16 19 21
53 32 -1 5 43 35 10
4 6 -1 13 16 19 21
54 34 -1 4 42 33 8
4 6 -1 13 16 19 21
56 35 -1 4 41 31 6
4 6 -1 13 16 19 21
57 36 -1 4 40 29 4
4 6 -1 13 16 19 21
59 37 -1 3 38 28 2
5 6 -1 13 16 19 21
0 38 -1 3 37 26 0
5 6 -1 13 16 19 20
1 39 -1 2 36 24 57
5 6 -1 13 16 19 20
3 40 -1 2 35 22 55
5 6 -1 13 16 19 20
4 42 -1 2 34 20 53
5 6 -1 13 16 19 20
6 43 -1 1 32 18 51
5 6 -1 13 16 19 20
7 44 -1 1 31 16 49
5 6 -1 13 16 19 20
8 45 -1 1 30 15 47
5 6 -1 13 16 19 20
8 45 -1 1 30 15 47
5 6 -1 13 16 19 20
11 47 -1 0 27 11 43
5 6 -1 13 16 19 20
12 49 -1 0 26 9 41
5 6 -1 12 16 19 20
14 50 -1 59 25 7 39
5 6 -1 12 16 19 20
15 51 -1 59 23 5 37
5 6 -1 12 16 19 20
17 52 -1 59 22 3 35
5 6 -1 12 16 19 20
18 53 -1 58 21 2 33
5 6 -1 12 16 19 20
19 54 -1 58 20 0 31
5 6 -1 12 16 18 20
20 55 -1 58 18 58 29
5 6 -1 12 16 18 20
22 57 -1 57 17 56 27
5 6 -1 12 16 18 20
23 58 -1 57 16 54 25
5 6 -1 12 16 18 20
24 59 -1 57 14 52 23
5 7 -1 12 16 18 20
26 0 -1 56 13 50 21
5 7 -1 12 16 18 20
27 1 -1 56 12 49 19
30






























1
По всем вопросам касающимся приложения обращайтесь по WhatsApp +79952867503
1
09.2026

      
	
