1
For advertising or questions send us e-mail kogdanamaz@gmail.com 
30
4 6 -1 13 16 19 21
58 39 -1 17 58 52 28
5 6 -1 13 16 19 21
0 40 -1 16 57 51 26
5 6 -1 13 16 19 21
1 41 -1 16 56 49 24
5 6 -1 13 16 19 21
3 42 -1 16 55 47 22
5 6 -1 13 16 19 21
4 43 -1 15 54 45 20
5 6 -1 13 16 19 21
6 45 -1 15 53 43 18
5 6 -1 13 16 19 21
7 46 -1 15 51 42 16
5 6 -1 13 16 19 21
9 47 -1 14 50 40 14
5 6 -1 13 16 19 21
10 48 -1 14 49 38 12
5 6 -1 13 16 19 21
12 49 -1 14 48 36 9
5 6 -1 13 16 19 21
13 50 -1 13 47 34 7
5 6 -1 13 16 19 21
14 51 -1 13 46 33 5
5 6 -1 13 16 19 21
16 53 -1 13 44 31 3
5 6 -1 13 16 19 21
17 54 -1 12 43 29 1
5 6 -1 13 16 19 20
18 55 -1 12 42 27 59
5 6 -1 13 16 19 20
20 56 -1 11 41 25 57
5 6 -1 13 16 19 20
20 56 -1 11 41 25 57
5 6 -1 13 16 19 20
23 58 -1 11 38 21 53
5 6 -1 13 16 19 20
24 59 -1 10 37 20 51
5 7 -1 13 16 19 20
25 0 -1 10 36 18 49
5 7 -1 13 16 19 20
27 2 -1 10 34 16 47
5 7 -1 13 16 19 20
28 3 -1 9 33 14 45
5 7 -1 13 16 19 20
29 4 -1 9 32 12 43
5 7 -1 13 16 19 20
30 5 -1 9 30 10 41
5 7 -1 13 16 19 20
32 6 -1 8 29 9 39
5 7 -1 13 16 19 20
33 7 -1 8 28 7 37
5 7 -1 13 16 19 20
34 8 -1 8 27 5 35
5 7 -1 13 16 19 20
36 10 -1 7 25 3 33
5 7 -1 13 16 19 20
37 11 -1 7 24 1 31
5 7 -1 13 16 18 20
38 12 -1 7 23 59 29
30






























1
По всем вопросам касающимся приложения обращайтесь по WhatsApp +79952867503
1
09.2026

      
	
