1
For advertising or questions send us e-mail kogdanamaz@gmail.com 
31
5 7 -1 13 16 19 20
46 17 -1 11 28 3 31
5 7 -1 13 16 19 20
46 17 -1 11 28 3 31
5 7 -1 13 16 19 20
48 20 -1 10 25 0 27
5 7 -1 13 16 18 20
50 21 -1 10 24 58 25
5 7 -1 13 16 18 20
51 22 -1 10 23 56 24
5 7 -1 13 16 18 20
52 23 -1 10 21 55 22
5 7 -1 13 16 18 20
53 24 -1 9 20 53 20
5 7 -1 13 16 18 20
54 25 -1 9 19 51 18
5 7 -1 13 16 18 20
55 26 -1 9 18 50 17
5 7 -1 13 16 18 20
56 27 -1 8 16 48 15
5 7 -1 13 16 18 20
57 29 -1 8 15 46 14
5 7 -1 13 16 18 20
59 30 -1 8 14 45 12
6 7 -1 13 16 18 20
0 31 -1 8 13 43 10
6 7 -1 13 16 18 20
1 32 -1 7 11 41 9
6 7 -1 13 16 18 20
2 33 -1 7 10 40 7
6 7 -1 13 16 18 20
3 34 -1 7 9 38 6
6 7 -1 13 16 18 20
4 35 -1 7 8 37 4
6 7 -1 13 16 18 20
5 37 -1 7 6 35 3
6 7 -1 13 16 18 20
6 38 -1 6 5 34 1
6 7 -1 13 16 18 20
7 39 -1 6 4 32 0
6 7 -1 13 16 18 19
8 40 -1 6 3 31 58
6 7 -1 13 16 18 19
10 41 -1 6 2 29 57
6 7 -1 13 16 18 19
11 42 -1 6 1 28 56
6 7 -1 13 15 18 19
12 44 -1 6 59 26 54
6 7 -1 13 15 18 19
13 45 -1 6 58 25 53
6 7 -1 13 15 18 19
14 46 -1 5 57 23 52
6 7 -1 13 15 18 19
15 47 -1 5 56 22 50
5 6 -1 12 14 17 18
16 48 -1 5 55 21 49
5 6 -1 12 14 17 18
17 50 -1 5 54 19 48
5 6 -1 12 14 17 18
18 51 -1 5 53 18 47
5 6 -1 12 14 17 18
19 52 -1 5 52 17 45
31































1
По всем вопросам касающимся приложения обращайтесь по WhatsApp +79952867503
1
10.2026

      
	
