1
For advertising or questions send us e-mail kogdanamaz@gmail.com 
31
5 7 -1 13 16 18 20
35 7 -1 0 16 52 20
5 7 -1 13 16 18 20
35 7 -1 0 16 52 20
5 7 -1 13 16 18 20
37 9 -1 0 14 49 16
5 7 -1 12 16 18 20
38 10 -1 59 13 47 15
5 7 -1 12 16 18 20
40 11 -1 59 11 45 13
5 7 -1 12 16 18 20
41 12 -1 59 10 44 11
5 7 -1 12 16 18 20
42 13 -1 58 9 42 10
5 7 -1 12 16 18 20
43 15 -1 58 8 40 8
5 7 -1 12 16 18 20
44 16 -1 58 6 38 6
5 7 -1 12 16 18 20
45 17 -1 58 5 37 5
5 7 -1 12 16 18 20
46 18 -1 57 4 35 3
5 7 -1 12 16 18 20
48 19 -1 57 3 33 1
5 7 -1 12 16 18 20
49 20 -1 57 1 32 0
5 7 -1 12 16 18 19
50 21 -1 57 0 30 58
5 7 -1 12 15 18 19
51 23 -1 56 59 29 56
5 7 -1 12 15 18 19
52 24 -1 56 58 27 55
5 7 -1 12 15 18 19
53 25 -1 56 56 25 53
5 7 -1 12 15 18 19
54 26 -1 56 55 24 52
5 7 -1 12 15 18 19
55 27 -1 56 54 22 50
5 7 -1 12 15 18 19
56 28 -1 55 53 21 49
5 7 -1 12 15 18 19
58 30 -1 55 51 19 48
5 7 -1 12 15 18 19
59 31 -1 55 50 18 46
6 7 -1 12 15 18 19
0 32 -1 55 49 16 45
6 7 -1 12 15 18 19
1 33 -1 55 48 15 43
6 7 -1 12 15 18 19
2 35 -1 55 47 13 42
6 7 -1 12 15 18 19
3 36 -1 55 46 12 41
6 7 -1 12 15 18 19
4 37 -1 55 44 10 39
5 6 -1 11 14 17 18
5 38 -1 54 43 9 38
5 6 -1 11 14 17 18
6 39 -1 54 42 8 37
5 6 -1 11 14 17 18
8 41 -1 54 41 6 36
5 6 -1 11 14 17 18
9 42 -1 54 40 5 34
31































1
По всем вопросам касающимся приложения обращайтесь по WhatsApp +79952867503
1
10.2026

      
	