1
For advertising or questions send us e-mail kogdanamaz@gmail.com 
31
5 6 -1 12 15 18 19
0 21 -1 17 39 12 30
5 6 -1 12 15 18 19
1 22 -1 17 38 11 29
5 6 -1 12 15 18 19
1 23 -1 17 37 9 27
5 6 -1 12 15 18 19
2 24 -1 17 36 8 26
5 6 -1 12 15 18 19
3 24 -1 16 35 7 25
5 6 -1 12 15 18 19
4 25 -1 16 35 5 23
5 6 -1 12 15 18 19
4 26 -1 16 34 4 22
5 6 -1 12 15 18 19
5 27 -1 15 33 3 21
5 6 -1 12 15 18 19
6 27 -1 15 32 1 19
5 6 -1 12 15 18 19
7 28 -1 15 31 0 18
5 6 -1 12 15 17 19
7 29 -1 15 30 59 17
5 6 -1 12 15 17 19
8 30 -1 14 29 57 16
5 6 -1 12 15 17 19
9 30 -1 14 28 56 14
5 6 -1 12 15 17 19
10 31 -1 14 27 55 13
5 6 -1 12 15 17 19
10 32 -1 14 26 54 12
5 6 -1 12 15 17 19
11 33 -1 13 25 52 11
5 6 -1 12 15 17 19
12 34 -1 13 24 51 10
5 6 -1 12 15 17 19
13 34 -1 13 23 50 8
5 6 -1 12 15 17 19
13 35 -1 13 23 49 7
5 6 -1 12 15 17 19
13 35 -1 13 23 49 7
5 6 -1 12 15 17 19
15 37 -1 12 21 47 5
5 6 -1 12 15 17 19
16 38 -1 12 20 45 4
5 6 -1 12 15 17 19
16 39 -1 12 19 44 3
5 6 -1 12 15 17 19
17 39 -1 12 18 43 2
5 6 -1 12 15 17 19
18 40 -1 12 17 42 1
5 6 -1 12 15 17 19
19 41 -1 12 17 41 0
5 6 -1 12 15 17 18
20 42 -1 12 16 40 59
5 6 -1 12 15 17 18
20 43 -1 12 15 39 58
5 6 -1 12 15 17 18
21 44 -1 12 14 38 57
5 6 -1 12 15 17 18
22 45 -1 12 13 37 56
5 6 -1 12 15 17 18
23 46 -1 11 13 36 55
31































1
По всем вопросам касающимся приложения обращайтесь по WhatsApp +79952867503
1
10.2026

      
	