1
For advertising or questions send us e-mail kogdanamaz@gmail.com 
30
4 5 -1 12 16 18 20
28 55 -1 24 2 51 14
4 5 -1 12 16 18 20
29 56 -1 23 1 50 13
4 5 -1 12 16 18 20
30 56 -1 23 0 48 11
4 5 -1 12 15 18 20
31 57 -1 23 59 47 10
4 5 -1 12 15 18 20
32 58 -1 22 58 45 8
4 5 -1 12 15 18 20
32 58 -1 22 58 45 8
4 5 -1 12 15 18 20
33 59 -1 22 57 43 5
4 6 -1 12 15 18 20
34 0 -1 21 56 41 3
4 6 -1 12 15 18 20
35 1 -1 21 55 40 1
4 6 -1 12 15 18 20
36 2 -1 21 54 38 0
4 6 -1 12 15 18 19
37 2 -1 20 53 37 58
4 6 -1 12 15 18 19
38 3 -1 20 53 35 57
4 6 -1 12 15 18 19
39 4 -1 20 52 34 55
4 6 -1 12 15 18 19
40 5 -1 19 51 32 53
4 6 -1 12 15 18 19
41 5 -1 19 50 31 52
4 6 -1 12 15 18 19
42 6 -1 19 49 29 50
4 6 -1 12 15 18 19
43 7 -1 18 48 28 49
4 6 -1 12 15 18 19
44 8 -1 18 47 26 47
4 6 -1 12 15 18 19
44 8 -1 17 46 25 45
4 6 -1 12 15 18 19
45 9 -1 17 45 23 44
4 6 -1 12 15 18 19
45 9 -1 17 45 23 44
4 6 -1 12 15 18 19
47 11 -1 16 43 21 41
4 6 -1 12 15 18 19
48 11 -1 16 42 19 39
4 6 -1 12 15 18 19
49 12 -1 16 41 18 38
4 6 -1 12 15 18 19
50 13 -1 15 40 16 36
4 6 -1 12 15 18 19
50 14 -1 15 39 15 35
4 6 -1 12 15 18 19
51 15 -1 15 38 13 33
4 6 -1 12 15 18 19
52 15 -1 14 37 12 32
4 6 -1 12 15 18 19
53 16 -1 14 36 10 30
4 6 -1 12 15 18 19
54 17 -1 14 35 9 29
30






























1
По всем вопросам касающимся приложения обращайтесь по WhatsApp +79952867503
1
09.2026

      
	
