1
For advertising or questions send us e-mail kogdanamaz@gmail.com 
30
4 6 -1 12 16 18 20
40 4 -1 31 7 56 17
4 6 -1 12 16 18 20
40 5 -1 31 7 55 16
4 6 -1 12 16 18 20
41 5 -1 30 6 54 14
4 6 -1 12 16 18 20
42 6 -1 30 5 52 13
4 6 -1 12 16 18 20
43 7 -1 30 5 51 11
4 6 -1 12 16 18 20
43 7 -1 30 5 51 11
4 6 -1 12 16 18 20
45 8 -1 29 3 48 8
4 6 -1 12 16 18 20
46 9 -1 29 2 47 7
4 6 -1 12 16 18 20
46 9 -1 28 2 46 5
4 6 -1 12 16 18 20
47 10 -1 28 1 44 4
4 6 -1 12 16 18 20
48 11 -1 28 0 43 2
4 6 -1 12 15 18 20
49 11 -1 27 59 41 0
4 6 -1 12 15 18 19
50 12 -1 27 58 40 59
4 6 -1 12 15 18 19
50 13 -1 26 58 39 57
4 6 -1 12 15 18 19
51 13 -1 26 57 37 56
4 6 -1 12 15 18 19
52 14 -1 26 56 36 54
4 6 -1 12 15 18 19
53 15 -1 25 55 35 53
4 6 -1 12 15 18 19
54 15 -1 25 54 33 52
4 6 -1 12 15 18 19
54 16 -1 25 53 32 50
4 6 -1 12 15 18 19
55 17 -1 24 53 30 49
4 6 -1 12 15 18 19
55 17 -1 24 53 30 49
4 6 -1 12 15 18 19
57 18 -1 24 51 28 46
4 6 -1 12 15 18 19
57 19 -1 23 50 26 44
4 6 -1 12 15 18 19
58 19 -1 23 49 25 43
4 6 -1 12 15 18 19
59 20 -1 23 48 23 41
5 6 -1 12 15 18 19
0 21 -1 22 47 22 40
5 6 -1 12 15 18 19
0 22 -1 22 46 21 38
5 6 -1 12 15 18 19
1 22 -1 22 45 19 37
5 6 -1 12 15 18 19
2 23 -1 21 44 18 36
5 6 -1 12 15 18 19
3 24 -1 21 43 17 34
30






























1
По всем вопросам касающимся приложения обращайтесь по WhatsApp +79952867503
1
09.2026

      
	
