1
For advertising or questions send us e-mail kogdanamaz@gmail.com 
30
4 6 -1 12 16 18 20
45 7 -1 32 8 56 15
4 6 -1 12 16 18 20
46 8 -1 32 7 55 14
4 6 -1 12 16 18 20
46 8 -1 32 6 54 12
4 6 -1 12 16 18 20
47 9 -1 31 6 52 11
4 6 -1 12 16 18 20
48 10 -1 31 5 51 9
4 6 -1 12 16 18 20
48 10 -1 31 5 51 9
4 6 -1 12 16 18 20
50 11 -1 30 4 49 6
4 6 -1 12 16 18 20
50 11 -1 30 3 47 5
4 6 -1 12 16 18 20
51 12 -1 30 2 46 4
4 6 -1 12 16 18 20
52 13 -1 29 2 45 2
4 6 -1 12 16 18 20
52 13 -1 29 1 43 1
4 6 -1 12 16 18 19
53 14 -1 29 0 42 59
4 6 -1 12 15 18 19
54 14 -1 28 59 41 58
4 6 -1 12 15 18 19
55 15 -1 28 59 40 57
4 6 -1 12 15 18 19
55 16 -1 28 58 38 55
4 6 -1 12 15 18 19
56 16 -1 27 57 37 54
4 6 -1 12 15 18 19
57 17 -1 27 56 36 52
4 6 -1 12 15 18 19
57 17 -1 27 56 34 51
4 6 -1 12 15 18 19
58 18 -1 26 55 33 49
4 6 -1 12 15 18 19
59 19 -1 26 54 32 48
4 6 -1 12 15 18 19
59 19 -1 26 54 32 48
5 6 -1 12 15 18 19
0 20 -1 25 52 29 45
5 6 -1 12 15 18 19
1 20 -1 25 52 28 44
5 6 -1 12 15 18 19
2 21 -1 24 51 26 43
5 6 -1 12 15 18 19
2 22 -1 24 50 25 41
5 6 -1 12 15 18 19
3 22 -1 24 49 24 40
5 6 -1 12 15 18 19
4 23 -1 23 48 23 39
5 6 -1 12 15 18 19
4 23 -1 23 47 21 37
5 6 -1 12 15 18 19
5 24 -1 23 47 20 36
5 6 -1 12 15 18 19
5 25 -1 22 46 19 35
30






























1
По всем вопросам касающимся приложения обращайтесь по WhatsApp +79952867503
1
09.2026

      
	
