1
For advertising or questions send us e-mail kogdanamaz@gmail.com 
30
4 5 -1 12 15 18 20
28 53 -1 20 57 46 7
4 5 -1 12 15 18 20
29 54 -1 20 57 45 6
4 5 -1 12 15 18 20
30 54 -1 20 56 44 4
4 5 -1 12 15 18 20
31 55 -1 19 55 42 3
4 5 -1 12 15 18 20
32 56 -1 19 54 41 1
4 5 -1 12 15 18 20
32 56 -1 19 54 41 1
4 5 -1 12 15 18 19
33 57 -1 18 53 38 58
4 5 -1 12 15 18 19
34 58 -1 18 52 37 57
4 5 -1 12 15 18 19
35 59 -1 18 51 35 55
4 5 -1 12 15 18 19
36 59 -1 17 50 34 54
4 6 -1 12 15 18 19
37 0 -1 17 50 33 52
4 6 -1 12 15 18 19
38 1 -1 17 49 31 51
4 6 -1 12 15 18 19
38 1 -1 16 48 30 49
4 6 -1 12 15 18 19
39 2 -1 16 47 28 48
4 6 -1 12 15 18 19
40 3 -1 16 46 27 46
4 6 -1 12 15 18 19
41 3 -1 15 46 26 45
4 6 -1 12 15 18 19
42 4 -1 15 45 24 43
4 6 -1 12 15 18 19
42 5 -1 15 44 23 42
4 6 -1 12 15 18 19
43 5 -1 14 43 21 40
4 6 -1 12 15 18 19
44 6 -1 14 42 20 39
4 6 -1 12 15 18 19
44 6 -1 14 42 20 39
4 6 -1 12 15 18 19
46 8 -1 13 40 17 36
4 6 -1 12 15 18 19
46 8 -1 13 39 16 34
4 6 -1 12 15 18 19
47 9 -1 12 38 14 33
4 6 -1 12 15 18 19
48 10 -1 12 37 13 31
4 6 -1 12 15 18 19
49 10 -1 12 37 12 30
4 6 -1 12 15 18 19
49 11 -1 11 36 10 28
4 6 -1 12 15 18 19
50 12 -1 11 35 9 27
4 6 -1 12 15 18 19
51 12 -1 11 34 7 25
4 6 -1 12 15 18 19
52 13 -1 10 33 6 24
30






























1
По всем вопросам касающимся приложения обращайтесь по WhatsApp +79952867503
1
09.2026

      
	
