1
For advertising or questions send us e-mail kogdanamaz@gmail.com 
30
4 6 -1 12 16 19 20
43 16 -1 49 29 21 50
4 6 -1 12 16 19 20
44 17 -1 49 28 19 48
4 6 -1 12 16 19 20
45 18 -1 48 27 17 46
4 6 -1 12 16 19 20
46 19 -1 48 26 16 44
4 6 -1 12 16 19 20
47 20 -1 48 25 14 42
4 6 -1 12 16 19 20
49 21 -1 47 24 13 40
4 6 -1 12 16 19 20
50 21 -1 47 23 11 39
4 6 -1 12 16 19 20
51 22 -1 47 22 9 37
4 6 -1 12 16 19 20
52 23 -1 46 21 8 35
4 6 -1 12 16 19 20
53 24 -1 46 20 6 33
4 6 -1 12 16 19 20
55 25 -1 46 19 4 31
4 6 -1 12 16 19 20
56 26 -1 45 18 3 29
4 6 -1 12 16 19 20
57 27 -1 45 17 1 28
4 6 -1 12 16 18 20
58 28 -1 45 16 59 26
4 6 -1 12 16 18 20
59 29 -1 44 15 58 24
5 6 -1 12 16 18 20
0 30 -1 44 14 56 22
5 6 -1 12 16 18 20
0 30 -1 44 14 56 22
5 6 -1 12 16 18 20
2 32 -1 43 12 53 18
5 6 -1 12 16 18 20
3 33 -1 43 11 51 17
5 6 -1 12 16 18 20
5 34 -1 42 10 50 15
5 6 -1 12 16 18 20
6 35 -1 42 9 48 13
5 6 -1 12 16 18 20
7 36 -1 42 7 46 11
5 6 -1 12 16 18 20
8 37 -1 41 6 45 10
5 6 -1 12 16 18 20
9 37 -1 41 5 43 8
5 6 -1 12 16 18 20
10 38 -1 41 4 41 6
5 6 -1 12 16 18 20
11 39 -1 40 3 40 4
5 6 -1 12 16 18 20
12 40 -1 40 2 38 3
5 6 -1 12 16 18 20
13 41 -1 40 1 36 1
5 6 -1 12 15 18 19
14 42 -1 39 59 35 59
5 6 -1 12 15 18 19
15 43 -1 39 58 33 58
30






























1
По всем вопросам касающимся приложения обращайтесь по WhatsApp +79952867503
1
09.2026

      
	
