1
For advertising or questions send us e-mail kogdanamaz@gmail.com 
30
4 6 -1 12 16 19 20
52 25 -1 58 38 30 59
4 6 -1 12 16 19 20
54 26 -1 58 38 28 57
4 6 -1 12 16 19 20
55 27 -1 58 37 27 55
4 6 -1 12 16 19 20
56 28 -1 57 36 25 53
4 6 -1 12 16 19 20
57 29 -1 57 35 23 51
4 6 -1 12 16 19 20
58 30 -1 57 34 22 49
5 6 -1 12 16 19 20
0 31 -1 56 33 20 48
5 6 -1 12 16 19 20
1 32 -1 56 32 19 46
5 6 -1 12 16 19 20
2 33 -1 56 31 17 44
5 6 -1 12 16 19 20
3 34 -1 55 30 15 42
5 6 -1 12 16 19 20
4 35 -1 55 29 14 40
5 6 -1 12 16 19 20
5 36 -1 55 28 12 38
5 6 -1 12 16 19 20
6 37 -1 54 27 10 37
5 6 -1 12 16 19 20
8 37 -1 54 26 9 35
5 6 -1 12 16 19 20
9 38 -1 54 25 7 33
5 6 -1 12 16 19 20
10 39 -1 53 23 5 31
5 6 -1 12 16 19 20
10 39 -1 53 23 5 31
5 6 -1 12 16 19 20
12 41 -1 53 21 2 28
5 6 -1 12 16 19 20
13 42 -1 52 20 1 26
5 6 -1 12 16 18 20
14 43 -1 52 19 59 24
5 6 -1 12 16 18 20
15 44 -1 51 18 57 22
5 6 -1 12 16 18 20
16 45 -1 51 17 56 21
5 6 -1 12 16 18 20
17 46 -1 51 16 54 19
5 6 -1 12 16 18 20
18 47 -1 50 15 52 17
5 6 -1 12 16 18 20
19 48 -1 50 13 51 15
5 6 -1 12 16 18 20
20 49 -1 50 12 49 14
5 6 -1 12 16 18 20
22 50 -1 49 11 47 12
5 6 -1 12 16 18 20
23 51 -1 49 10 46 10
5 6 -1 12 16 18 20
24 52 -1 49 9 44 8
5 6 -1 12 16 18 20
25 53 -1 48 8 43 7
30






























1
По всем вопросам касающимся приложения обращайтесь по WhatsApp +79952867503
1
09.2026

      
	
