1
For advertising or questions send us e-mail kogdanamaz@gmail.com 
30
4 6 -1 12 16 19 20
40 9 -1 39 18 8 33
4 6 -1 12 16 19 20
41 10 -1 39 17 6 31
4 6 -1 12 16 19 20
42 11 -1 39 16 5 29
4 6 -1 12 16 19 20
43 11 -1 38 15 3 28
4 6 -1 12 16 19 20
44 12 -1 38 15 2 26
4 6 -1 12 16 19 20
45 13 -1 38 14 0 24
4 6 -1 12 16 18 20
46 14 -1 37 13 59 23
4 6 -1 12 16 18 20
47 15 -1 37 12 57 21
4 6 -1 12 16 18 20
48 15 -1 36 11 56 19
4 6 -1 12 16 18 20
49 16 -1 36 10 54 18
4 6 -1 12 16 18 20
50 17 -1 36 9 53 16
4 6 -1 12 16 18 20
51 18 -1 35 8 51 14
4 6 -1 12 16 18 20
52 19 -1 35 7 50 13
4 6 -1 12 16 18 20
53 19 -1 35 6 48 11
4 6 -1 12 16 18 20
54 20 -1 34 5 47 9
4 6 -1 12 16 18 20
55 21 -1 34 4 45 8
4 6 -1 12 16 18 20
55 21 -1 34 4 45 8
4 6 -1 12 16 18 20
57 23 -1 33 3 42 4
4 6 -1 12 16 18 20
58 24 -1 33 2 41 3
4 6 -1 12 16 18 20
59 24 -1 33 1 39 1
5 6 -1 12 16 18 19
0 25 -1 32 0 38 59
5 6 -1 12 15 18 19
1 26 -1 32 59 36 58
5 6 -1 12 15 18 19
2 27 -1 32 57 35 56
5 6 -1 12 15 18 19
3 28 -1 31 56 33 55
5 6 -1 12 15 18 19
4 28 -1 31 55 32 53
5 6 -1 12 15 18 19
4 29 -1 30 54 30 51
5 6 -1 12 15 18 19
5 30 -1 30 53 29 50
5 6 -1 12 15 18 19
6 31 -1 30 52 27 48
5 6 -1 12 15 18 19
7 32 -1 29 51 26 47
5 6 -1 12 15 18 19
8 33 -1 29 50 24 45
30






























1
По всем вопросам касающимся приложения обращайтесь по WhatsApp +79952867503
1
09.2026

      
	
