1
For advertising or questions send us e-mail kogdanamaz@gmail.com 
31
5 7 -1 12 16 18 20
31 0 -1 54 12 47 11
5 7 -1 12 16 18 20
31 0 -1 54 12 47 11
5 7 -1 12 16 18 20
33 2 -1 53 10 43 8
5 7 -1 12 16 18 20
34 3 -1 53 9 42 6
5 7 -1 12 16 18 20
35 4 -1 53 7 40 5
5 7 -1 12 16 18 20
36 5 -1 52 6 39 3
5 7 -1 12 16 18 20
37 6 -1 52 5 37 2
5 7 -1 12 16 18 20
38 7 -1 52 4 35 0
5 7 -1 12 16 18 19
39 8 -1 52 3 34 58
5 7 -1 12 16 18 19
40 9 -1 51 1 32 57
5 7 -1 12 16 18 19
41 10 -1 51 0 31 55
5 7 -1 12 15 18 19
42 11 -1 51 59 29 54
5 7 -1 12 15 18 19
43 12 -1 50 58 28 52
5 7 -1 12 15 18 19
44 13 -1 50 57 26 51
5 7 -1 12 15 18 19
45 14 -1 50 56 25 49
5 7 -1 12 15 18 19
46 15 -1 50 54 23 48
5 7 -1 12 15 18 19
47 16 -1 50 53 22 47
5 7 -1 12 15 18 19
48 17 -1 49 52 20 45
5 7 -1 12 15 18 19
49 18 -1 49 51 19 44
5 7 -1 12 15 18 19
50 19 -1 49 50 17 42
5 7 -1 12 15 18 19
51 20 -1 49 49 16 41
5 7 -1 12 15 18 19
52 21 -1 49 48 14 40
5 7 -1 12 15 18 19
53 23 -1 49 47 13 38
5 7 -1 12 15 18 19
54 24 -1 48 46 12 37
5 7 -1 12 15 18 19
55 25 -1 48 45 10 36
5 7 -1 12 15 18 19
56 26 -1 48 44 9 35
5 7 -1 12 15 18 19
57 27 -1 48 42 8 34
5 7 -1 12 15 18 19
58 28 -1 48 41 6 32
5 7 -1 12 15 18 19
59 29 -1 48 40 5 31
6 7 -1 12 15 18 19
0 30 -1 48 39 4 30
6 7 -1 12 15 18 19
1 31 -1 48 39 3 29
31































1
По всем вопросам касающимся приложения обращайтесь по WhatsApp +79952867503
1
10.2026

      
	
