1
For advertising or questions send us e-mail kogdanamaz@gmail.com 
30
4 6 -1 13 16 19 21
55 30 -1 5 45 37 8
4 6 -1 13 16 19 21
56 31 -1 4 44 36 6
4 6 -1 13 16 19 21
58 32 -1 4 43 34 4
4 6 -1 13 16 19 21
59 33 -1 4 42 32 2
5 6 -1 13 16 19 21
0 34 -1 3 41 31 0
5 6 -1 13 16 19 20
2 35 -1 3 40 29 59
5 6 -1 13 16 19 20
3 36 -1 3 39 27 57
5 6 -1 13 16 19 20
4 37 -1 2 38 26 55
5 6 -1 13 16 19 20
5 38 -1 2 37 24 53
5 6 -1 13 16 19 20
7 39 -1 2 36 22 51
5 6 -1 13 16 19 20
8 40 -1 1 35 21 49
5 6 -1 13 16 19 20
9 41 -1 1 34 19 47
5 6 -1 13 16 19 20
10 42 -1 1 33 17 45
5 6 -1 13 16 19 20
11 43 -1 0 32 16 43
5 6 -1 13 16 19 20
13 44 -1 0 31 14 41
5 6 -1 12 16 19 20
14 45 -1 59 29 12 40
5 6 -1 12 16 19 20
14 45 -1 59 29 12 40
5 6 -1 12 16 19 20
16 47 -1 59 27 9 36
5 6 -1 12 16 19 20
17 48 -1 58 26 7 34
5 6 -1 12 16 19 20
18 49 -1 58 25 5 32
5 6 -1 12 16 19 20
19 50 -1 58 24 4 30
5 6 -1 12 16 19 20
21 51 -1 57 23 2 28
5 6 -1 12 16 19 20
22 52 -1 57 21 0 27
5 6 -1 12 16 18 20
23 53 -1 57 20 59 25
5 6 -1 12 16 18 20
24 54 -1 56 19 57 23
5 6 -1 12 16 18 20
25 55 -1 56 18 55 21
5 6 -1 12 16 18 20
26 56 -1 56 17 53 20
5 6 -1 12 16 18 20
27 57 -1 55 15 52 18
5 6 -1 12 16 18 20
28 58 -1 55 14 50 16
5 6 -1 12 16 18 20
30 59 -1 55 13 48 14
30






























1
По всем вопросам касающимся приложения обращайтесь по WhatsApp +79952867503
1
09.2026

      
	
