1
For advertising or questions send us e-mail kogdanamaz@gmail.com 
30
4 6 -1 12 16 19 20
59 28 -1 58 36 26 51
5 6 -1 12 16 19 20
0 28 -1 57 36 25 49
5 6 -1 12 16 19 20
1 29 -1 57 35 23 48
5 6 -1 12 16 19 20
2 30 -1 57 34 22 46
5 6 -1 12 16 19 20
3 31 -1 56 33 20 44
5 6 -1 12 16 19 20
4 32 -1 56 32 19 43
5 6 -1 12 16 19 20
5 32 -1 56 31 17 41
5 6 -1 12 16 19 20
6 33 -1 55 30 16 39
5 6 -1 12 16 19 20
7 34 -1 55 30 14 38
5 6 -1 12 16 19 20
8 35 -1 55 29 13 36
5 6 -1 12 16 19 20
9 36 -1 54 28 11 34
5 6 -1 12 16 19 20
10 36 -1 54 27 10 33
5 6 -1 12 16 19 20
11 37 -1 54 26 8 31
5 6 -1 12 16 19 20
12 38 -1 53 25 7 29
5 6 -1 12 16 19 20
13 39 -1 53 24 5 28
5 6 -1 12 16 19 20
14 40 -1 53 23 4 26
5 6 -1 12 16 19 20
14 40 -1 53 23 4 26
5 6 -1 12 16 19 20
16 41 -1 52 21 1 23
5 6 -1 12 16 18 20
17 42 -1 51 20 59 21
5 6 -1 12 16 18 20
18 43 -1 51 19 58 19
5 6 -1 12 16 18 20
19 44 -1 51 18 56 18
5 6 -1 12 16 18 20
19 45 -1 50 17 55 16
5 6 -1 12 16 18 20
20 45 -1 50 16 53 15
5 6 -1 12 16 18 20
21 46 -1 50 15 52 13
5 6 -1 12 16 18 20
22 47 -1 49 14 50 11
5 6 -1 12 16 18 20
23 48 -1 49 13 49 10
5 6 -1 12 16 18 20
24 49 -1 49 12 47 8
5 6 -1 12 16 18 20
25 49 -1 48 11 46 7
5 6 -1 12 16 18 20
26 50 -1 48 10 44 5
5 6 -1 12 16 18 20
27 51 -1 48 9 43 4
30






























1
По всем вопросам касающимся приложения обращайтесь по WhatsApp +79952867503
1
09.2026

      
	
