1
For advertising or questions send us e-mail kogdanamaz@gmail.com 
31
5 6 -1 12 15 18 19
1 25 -1 21 41 14 35
5 6 -1 12 15 18 19
1 25 -1 21 41 14 35
5 6 -1 12 15 18 19
2 27 -1 20 39 11 32
5 6 -1 12 15 18 19
3 28 -1 20 38 10 31
5 6 -1 12 15 18 19
4 29 -1 19 37 8 29
5 6 -1 12 15 18 19
5 30 -1 19 36 7 28
5 6 -1 12 15 18 19
6 30 -1 19 35 6 27
5 6 -1 12 15 18 19
7 31 -1 19 34 4 25
5 6 -1 12 15 18 19
8 32 -1 18 32 3 24
5 6 -1 12 15 18 19
9 33 -1 18 31 1 22
5 6 -1 12 15 18 19
9 34 -1 18 30 0 21
5 6 -1 12 15 17 19
10 35 -1 17 29 58 20
5 6 -1 12 15 17 19
11 36 -1 17 28 57 18
5 6 -1 12 15 17 19
12 37 -1 17 27 56 17
5 6 -1 12 15 17 19
13 38 -1 17 26 54 16
5 6 -1 12 15 17 19
14 39 -1 17 25 53 14
5 6 -1 12 15 17 19
15 40 -1 16 24 52 13
5 6 -1 12 15 17 19
16 40 -1 16 23 50 12
5 6 -1 12 15 17 19
16 41 -1 16 22 49 10
5 6 -1 12 15 17 19
17 42 -1 16 21 48 9
5 6 -1 12 15 17 19
18 43 -1 16 20 46 8
5 6 -1 12 15 17 19
19 44 -1 15 19 45 7
5 6 -1 12 15 17 19
20 45 -1 15 18 44 6
5 6 -1 12 15 17 19
21 46 -1 15 17 43 4
5 6 -1 12 15 17 19
22 47 -1 15 16 41 3
5 6 -1 12 15 17 19
23 48 -1 15 15 40 2
5 6 -1 12 15 17 19
23 49 -1 15 14 39 1
5 6 -1 12 15 17 19
24 50 -1 15 14 38 0
5 6 -1 12 15 17 18
25 51 -1 15 13 37 59
5 6 -1 12 15 17 18
26 52 -1 15 12 36 58
5 6 -1 12 15 17 18
27 53 -1 15 11 35 57
31































1
По всем вопросам касающимся приложения обращайтесь по WhatsApp +79952867503
1
10.2026

      
	
