1
For advertising or questions send us e-mail kogdanamaz@gmail.com 
31
5 6 -1 12 15 18 19
7 33 -1 28 47 21 44
5 6 -1 12 15 18 19
7 33 -1 28 47 21 44
5 6 -1 12 15 18 19
9 35 -1 28 45 18 41
5 6 -1 12 15 18 19
10 36 -1 27 44 17 40
5 6 -1 12 15 18 19
11 37 -1 27 43 15 38
5 6 -1 12 15 18 19
12 38 -1 27 42 14 37
5 6 -1 12 15 18 19
13 39 -1 26 41 12 35
5 6 -1 12 15 18 19
14 40 -1 26 40 11 34
5 6 -1 12 15 18 19
14 41 -1 26 38 9 32
5 6 -1 12 15 18 19
15 42 -1 26 37 8 31
5 6 -1 12 15 18 19
16 43 -1 25 36 6 29
5 6 -1 12 15 18 19
17 44 -1 25 35 5 28
5 6 -1 12 15 18 19
18 45 -1 25 34 3 26
5 6 -1 12 15 18 19
19 46 -1 25 33 2 25
5 6 -1 12 15 18 19
20 47 -1 24 32 0 23
5 6 -1 12 15 17 19
21 48 -1 24 31 59 22
5 6 -1 12 15 17 19
22 49 -1 24 30 58 21
5 6 -1 12 15 17 19
23 50 -1 24 29 56 19
5 6 -1 12 15 17 19
24 51 -1 24 28 55 18
5 6 -1 12 15 17 19
25 52 -1 23 26 53 17
5 6 -1 12 15 17 19
26 53 -1 23 25 52 15
5 6 -1 12 15 17 19
27 54 -1 23 24 51 14
5 6 -1 12 15 17 19
28 55 -1 23 23 49 13
5 6 -1 12 15 17 19
29 56 -1 23 22 48 12
5 6 -1 12 15 17 19
30 57 -1 23 21 47 11
5 6 -1 12 15 17 19
30 58 -1 23 20 46 9
5 6 -1 12 15 17 19
31 59 -1 22 19 44 8
5 7 -1 12 15 17 19
32 0 -1 22 18 43 7
5 7 -1 12 15 17 19
33 1 -1 22 17 42 6
5 7 -1 12 15 17 19
34 2 -1 22 17 41 5
5 7 -1 12 15 17 19
35 3 -1 22 16 40 4
31































1
По всем вопросам касающимся приложения обращайтесь по WhatsApp +79952867503
1
10.2026

      
	
