1
For advertising or questions send us e-mail kogdanamaz@gmail.com 
30
4 6 -1 12 16 19 20
49 19 -1 51 30 20 46
4 6 -1 12 16 19 20
51 20 -1 50 29 19 44
4 6 -1 12 16 19 20
52 21 -1 50 28 17 43
4 6 -1 12 16 19 20
53 22 -1 50 27 15 41
4 6 -1 12 16 19 20
54 23 -1 49 26 14 39
4 6 -1 12 16 19 20
55 24 -1 49 25 12 37
4 6 -1 12 16 19 20
56 25 -1 49 24 11 36
4 6 -1 12 16 19 20
57 25 -1 48 24 9 34
4 6 -1 12 16 19 20
58 26 -1 48 23 8 32
4 6 -1 12 16 19 20
59 27 -1 48 22 6 31
5 6 -1 12 16 19 20
0 28 -1 47 21 5 29
5 6 -1 12 16 19 20
1 29 -1 47 20 3 27
5 6 -1 12 16 19 20
2 30 -1 46 19 2 25
5 6 -1 12 16 19 20
3 30 -1 46 18 0 24
5 6 -1 12 16 18 20
4 31 -1 46 17 59 22
5 6 -1 12 16 18 20
5 32 -1 45 16 57 20
5 6 -1 12 16 18 20
5 32 -1 45 16 57 20
5 6 -1 12 16 18 20
7 34 -1 45 14 54 17
5 6 -1 12 16 18 20
8 35 -1 44 13 52 15
5 6 -1 12 16 18 20
9 36 -1 44 12 51 14
5 6 -1 12 16 18 20
10 36 -1 44 11 49 12
5 6 -1 12 16 18 20
11 37 -1 43 10 48 10
5 6 -1 12 16 18 20
12 38 -1 43 9 46 9
5 6 -1 12 16 18 20
13 39 -1 43 8 45 7
5 6 -1 12 16 18 20
14 40 -1 42 6 43 5
5 6 -1 12 16 18 20
15 41 -1 42 5 41 4
5 6 -1 12 16 18 20
16 42 -1 42 4 40 2
5 6 -1 12 16 18 20
17 42 -1 41 3 38 0
5 6 -1 12 16 18 19
18 43 -1 41 2 37 59
5 6 -1 12 16 18 19
19 44 -1 41 1 35 57
30






























1
По всем вопросам касающимся приложения обращайтесь по WhatsApp +79952867503
1
09.2026

      
	
