1
For advertising or questions send us e-mail kogdanamaz@gmail.com 
30
4 6 -1 12 16 19 20
43 12 -1 42 20 10 35
4 6 -1 12 16 19 20
44 13 -1 42 20 9 33
4 6 -1 12 16 19 20
45 13 -1 41 19 7 32
4 6 -1 12 16 19 20
46 14 -1 41 18 6 30
4 6 -1 12 16 19 20
47 15 -1 41 17 4 28
4 6 -1 12 16 19 20
48 16 -1 40 16 3 27
4 6 -1 12 16 19 20
49 17 -1 40 15 2 25
4 6 -1 12 16 19 20
50 17 -1 40 15 0 23
4 6 -1 12 16 18 20
51 18 -1 39 14 59 22
4 6 -1 12 16 18 20
52 19 -1 39 13 57 20
4 6 -1 12 16 18 20
53 20 -1 39 12 56 18
4 6 -1 12 16 18 20
54 21 -1 38 11 54 17
4 6 -1 12 16 18 20
55 21 -1 38 10 53 15
4 6 -1 12 16 18 20
56 22 -1 37 9 51 13
4 6 -1 12 16 18 20
57 23 -1 37 8 50 12
4 6 -1 12 16 18 20
58 24 -1 37 7 48 10
4 6 -1 12 16 18 20
58 24 -1 37 7 48 10
5 6 -1 12 16 18 20
0 25 -1 36 5 45 7
5 6 -1 12 16 18 20
1 26 -1 36 4 43 5
5 6 -1 12 16 18 20
2 27 -1 35 3 42 3
5 6 -1 12 16 18 20
3 28 -1 35 2 40 2
5 6 -1 12 16 18 20
4 29 -1 35 1 39 0
5 6 -1 12 16 18 19
5 30 -1 34 0 37 59
5 6 -1 12 15 18 19
6 30 -1 34 59 36 57
5 6 -1 12 15 18 19
7 31 -1 34 58 34 55
5 6 -1 12 15 18 19
7 32 -1 33 57 33 54
5 6 -1 12 15 18 19
8 33 -1 33 56 31 52
5 6 -1 12 15 18 19
9 34 -1 33 55 30 51
5 6 -1 12 15 18 19
10 34 -1 32 54 28 49
5 6 -1 12 15 18 19
11 35 -1 32 53 27 48
30






























1
По всем вопросам касающимся приложения обращайтесь по WhatsApp +79952867503
1
09.2026

      
	
