1
For advertising or questions send us e-mail kogdanamaz@gmail.com 
30
4 5 -1 11 15 18 19
0 26 -1 54 31 20 47
4 5 -1 11 15 18 19
1 26 -1 53 30 19 46
4 5 -1 11 15 18 19
2 27 -1 53 30 18 44
4 5 -1 11 15 18 19
3 28 -1 53 29 16 43
4 5 -1 11 15 18 19
4 29 -1 52 28 15 41
4 5 -1 11 15 18 19
5 29 -1 52 27 13 39
4 5 -1 11 15 18 19
6 30 -1 52 27 12 38
4 5 -1 11 15 18 19
6 30 -1 52 27 12 38
4 5 -1 11 15 18 19
7 31 -1 51 25 9 35
4 5 -1 11 15 18 19
8 32 -1 51 24 8 33
4 5 -1 11 15 18 19
9 33 -1 50 23 6 32
4 5 -1 11 15 18 19
10 34 -1 50 22 5 30
4 5 -1 11 15 18 19
11 34 -1 50 22 4 28
4 5 -1 11 15 18 19
12 35 -1 49 21 2 27
4 5 -1 11 15 18 19
13 36 -1 49 20 1 25
4 5 -1 11 15 17 19
13 36 -1 49 19 59 24
4 5 -1 11 15 17 19
14 37 -1 48 18 58 22
4 5 -1 11 15 17 19
15 38 -1 48 17 56 21
4 5 -1 11 15 17 19
16 39 -1 48 16 55 19
4 5 -1 11 15 17 19
17 39 -1 47 15 54 18
4 5 -1 11 15 17 19
18 40 -1 47 15 52 16
4 5 -1 11 15 17 19
18 41 -1 46 14 51 15
4 5 -1 11 15 17 19
18 41 -1 46 14 51 15
4 5 -1 11 15 17 19
20 42 -1 46 12 48 12
4 5 -1 11 15 17 19
21 43 -1 45 11 47 10
4 5 -1 11 15 17 19
22 44 -1 45 10 45 9
4 5 -1 11 15 17 19
22 44 -1 45 9 44 7
4 5 -1 11 15 17 19
23 45 -1 44 8 42 6
4 5 -1 11 15 17 19
24 46 -1 44 7 41 4
4 5 -1 11 15 17 19
25 47 -1 44 6 39 3
30






























1
По всем вопросам касающимся приложения обращайтесь по WhatsApp +79952867503
1
09.2026

      
	
