1
For advertising or questions send us e-mail kogdanamaz@gmail.com 
30
4 5 -1 12 15 18 20
4 32 -1 2 41 31 0
4 5 -1 12 15 18 19
5 33 -1 2 40 29 59
4 5 -1 12 15 18 19
6 34 -1 1 39 28 57
4 5 -1 12 15 18 19
7 34 -1 1 38 26 55
4 5 -1 12 15 18 19
8 35 -1 1 37 25 54
4 5 -1 12 15 18 19
9 36 -1 0 37 23 52
4 5 -1 12 15 18 19
10 37 -1 0 36 22 50
4 5 -1 12 15 18 19
10 37 -1 0 36 22 50
4 5 -1 11 15 18 19
12 38 -1 59 34 19 47
4 5 -1 11 15 18 19
13 39 -1 59 33 17 45
4 5 -1 11 15 18 19
14 40 -1 59 32 16 44
4 5 -1 11 15 18 19
15 41 -1 58 31 14 42
4 5 -1 11 15 18 19
16 42 -1 58 30 13 40
4 5 -1 11 15 18 19
17 42 -1 58 29 11 39
4 5 -1 11 15 18 19
18 43 -1 57 28 10 37
4 5 -1 11 15 18 19
19 44 -1 57 27 8 35
4 5 -1 11 15 18 19
19 45 -1 57 26 7 34
4 5 -1 11 15 18 19
20 46 -1 56 26 5 32
4 5 -1 11 15 18 19
21 46 -1 56 25 4 30
4 5 -1 11 15 18 19
22 47 -1 55 24 2 29
4 5 -1 11 15 18 19
23 48 -1 55 23 1 27
4 5 -1 11 15 17 19
24 49 -1 55 22 59 26
4 5 -1 11 15 17 19
24 49 -1 55 22 59 26
4 5 -1 11 15 17 19
26 50 -1 54 20 56 22
4 5 -1 11 15 17 19
27 51 -1 54 18 55 21
4 5 -1 11 15 17 19
28 52 -1 53 17 53 19
4 5 -1 11 15 17 19
28 53 -1 53 16 52 18
4 5 -1 11 15 17 19
29 54 -1 53 15 50 16
4 5 -1 11 15 17 19
30 55 -1 52 14 49 14
4 5 -1 11 15 17 19
31 55 -1 52 13 47 13
30






























1
По всем вопросам касающимся приложения обращайтесь по WhatsApp +79952867503
1
09.2026

      
	
