1
For advertising or questions send us e-mail kogdanamaz@gmail.com 
31
4 6 -1 12 15 18 19
53 15 -1 11 33 6 29
4 6 -1 12 15 18 19
54 16 -1 11 32 5 28
4 6 -1 12 15 18 19
55 17 -1 11 31 3 26
4 6 -1 12 15 18 19
56 17 -1 10 30 2 25
4 6 -1 12 15 18 19
57 18 -1 10 29 1 24
4 6 -1 12 15 17 19
57 19 -1 10 28 59 22
4 6 -1 12 15 17 19
58 20 -1 10 27 58 21
4 6 -1 12 15 17 19
59 20 -1 9 26 57 20
5 6 -1 12 15 17 19
0 21 -1 9 26 55 18
5 6 -1 12 15 17 19
0 22 -1 9 25 54 17
5 6 -1 12 15 17 19
1 23 -1 8 24 53 16
5 6 -1 12 15 17 19
2 24 -1 8 23 51 15
5 6 -1 12 15 17 19
3 24 -1 8 22 50 13
5 6 -1 12 15 17 19
3 25 -1 8 21 49 12
5 6 -1 12 15 17 19
4 26 -1 7 20 48 11
5 6 -1 12 15 17 19
5 27 -1 7 19 46 10
5 6 -1 12 15 17 19
6 28 -1 7 18 45 8
5 6 -1 12 15 17 19
6 28 -1 7 17 44 7
5 6 -1 12 15 17 19
7 29 -1 7 16 43 6
5 6 -1 12 15 17 19
8 30 -1 7 15 41 5
5 6 -1 12 15 17 19
9 31 -1 6 14 40 4
5 6 -1 12 15 17 19
9 31 -1 6 14 40 4
5 6 -1 12 15 17 19
10 33 -1 6 13 38 2
5 6 -1 12 15 17 19
11 34 -1 6 12 37 1
5 6 -1 12 15 17 19
12 34 -1 6 11 36 0
5 6 -1 12 15 17 18
13 35 -1 6 10 35 59
5 6 -1 12 15 17 18
13 36 -1 6 9 34 58
5 6 -1 12 15 17 18
14 37 -1 5 9 33 57
5 6 -1 12 15 17 18
15 38 -1 5 8 32 56
5 6 -1 12 15 17 18
16 39 -1 5 7 31 55
5 6 -1 12 15 17 18
16 40 -1 5 6 30 54
31































1
По всем вопросам касающимся приложения обращайтесь по WhatsApp +79952867503
1
10.2026

      
	
