1
For advertising or questions send us e-mail kogdanamaz@gmail.com 
30
4 5 -1 12 15 18 19
20 42 -1 8 43 32 55
4 5 -1 12 15 18 19
21 43 -1 7 42 30 54
4 5 -1 12 15 18 19
22 43 -1 7 42 29 53
4 5 -1 12 15 18 19
22 44 -1 7 41 28 51
4 5 -1 12 15 18 19
23 45 -1 6 40 27 50
4 5 -1 12 15 18 19
24 45 -1 6 40 25 48
4 5 -1 12 15 18 19
25 46 -1 6 39 24 47
4 5 -1 12 15 18 19
25 46 -1 6 39 24 47
4 5 -1 12 15 18 19
26 47 -1 5 38 21 44
4 5 -1 12 15 18 19
27 48 -1 5 37 20 42
4 5 -1 12 15 18 19
28 48 -1 4 36 19 41
4 5 -1 12 15 18 19
28 49 -1 4 36 18 40
4 5 -1 12 15 18 19
29 49 -1 4 35 16 38
4 5 -1 12 15 18 19
30 50 -1 3 34 15 37
4 5 -1 12 15 18 19
30 51 -1 3 33 14 35
4 5 -1 12 15 18 19
31 51 -1 3 32 12 34
4 5 -1 12 15 18 19
32 52 -1 2 32 11 33
4 5 -1 12 15 18 19
33 52 -1 2 31 10 31
4 5 -1 12 15 18 19
33 53 -1 1 30 8 30
4 5 -1 12 15 18 19
34 54 -1 1 29 7 28
4 5 -1 12 15 18 19
35 54 -1 1 29 6 27
4 5 -1 12 15 18 19
35 55 -1 0 28 5 26
4 5 -1 12 15 18 19
35 55 -1 0 28 5 26
4 5 -1 12 15 18 19
37 56 -1 0 26 2 23
4 5 -1 11 15 18 19
37 57 -1 59 25 1 21
4 5 -1 11 15 17 19
38 57 -1 59 24 59 20
4 5 -1 11 15 17 19
39 58 -1 59 24 58 19
4 5 -1 11 15 17 19
39 58 -1 58 23 57 17
4 5 -1 11 15 17 19
40 59 -1 58 22 55 16
4 6 -1 11 15 17 19
41 0 -1 58 21 54 15
30






























1
По всем вопросам касающимся приложения обращайтесь по WhatsApp +79952867503
1
09.2026

      
	
