1
For advertising or questions send us e-mail kogdanamaz@gmail.com 
31
4 5 -1 11 15 17 18
20 42 -1 38 0 33 56
4 5 -1 11 14 17 18
21 43 -1 38 59 32 55
4 5 -1 11 14 17 18
22 44 -1 38 58 30 54
4 5 -1 11 14 17 18
23 44 -1 37 57 29 52
4 5 -1 11 14 17 18
23 45 -1 37 56 28 51
4 5 -1 11 14 17 18
24 46 -1 37 55 26 49
4 5 -1 11 14 17 18
25 47 -1 37 54 25 48
4 5 -1 11 14 17 18
26 47 -1 36 53 24 47
4 5 -1 11 14 17 18
27 48 -1 36 52 22 45
4 5 -1 11 14 17 18
27 49 -1 36 51 21 44
4 5 -1 11 14 17 18
28 50 -1 35 51 20 43
4 5 -1 11 14 17 18
29 51 -1 35 50 18 42
4 5 -1 11 14 17 18
30 51 -1 35 49 17 40
4 5 -1 11 14 17 18
30 52 -1 35 48 16 39
4 5 -1 11 14 17 18
31 53 -1 34 47 14 38
4 5 -1 11 14 17 18
32 54 -1 34 46 13 37
4 5 -1 11 14 17 18
33 55 -1 34 45 12 35
4 5 -1 11 14 17 18
33 55 -1 34 44 11 34
4 5 -1 11 14 17 18
34 56 -1 34 43 10 33
4 5 -1 11 14 17 18
35 57 -1 33 42 8 32
4 5 -1 11 14 17 18
36 58 -1 33 41 7 31
4 5 -1 11 14 17 18
36 58 -1 33 41 7 31
4 6 -1 11 14 17 18
37 0 -1 33 40 5 29
4 6 -1 11 14 17 18
38 1 -1 33 39 4 28
4 6 -1 11 14 17 18
39 1 -1 33 38 3 27
4 6 -1 11 14 17 18
40 2 -1 33 37 2 26
4 6 -1 11 14 17 18
40 3 -1 33 36 0 25
4 6 -1 11 14 16 18
41 4 -1 32 35 59 24
4 6 -1 11 14 16 18
42 5 -1 32 35 58 23
4 6 -1 11 14 16 18
43 6 -1 32 34 57 22
4 6 -1 11 14 16 18
44 7 -1 32 33 56 21
31































1
По всем вопросам касающимся приложения обращайтесь по WhatsApp +79952867503
1
10.2026

      
	