1
For advertising or questions send us e-mail kogdanamaz@gmail.com 
30
4 5 -1 12 17 19 21
9 50 -1 50 31 40 21
4 5 -1 12 17 19 21
11 52 -1 50 29 38 18
4 5 -1 12 17 19 21
14 53 -1 50 27 35 15
4 5 -1 12 17 19 21
16 55 -1 49 25 33 12
4 5 -1 12 17 19 21
18 57 -1 49 23 30 9
4 5 -1 12 17 19 21
20 59 -1 49 21 28 6
4 6 -1 12 17 19 21
23 0 -1 48 19 26 3
4 6 -1 12 17 19 21
25 2 -1 48 17 23 0
4 6 -1 12 17 19 20
27 4 -1 48 16 21 57
4 6 -1 12 17 19 20
29 5 -1 47 14 18 54
4 6 -1 12 17 19 20
31 7 -1 47 12 16 51
4 6 -1 12 17 19 20
34 9 -1 47 10 14 49
4 6 -1 12 17 19 20
36 11 -1 46 8 11 46
4 6 -1 12 17 19 20
38 12 -1 46 6 9 43
4 6 -1 12 17 19 20
40 14 -1 46 4 6 40
4 6 -1 12 17 19 20
42 16 -1 45 2 4 37
4 6 -1 12 17 19 20
44 17 -1 45 0 1 35
4 6 -1 12 16 18 20
46 19 -1 45 58 59 32
4 6 -1 12 16 18 20
48 21 -1 44 56 56 29
4 6 -1 12 16 18 20
50 23 -1 44 54 54 26
4 6 -1 12 16 18 20
52 24 -1 44 51 52 24
4 6 -1 12 16 18 20
54 26 -1 43 49 49 21
4 6 -1 12 16 18 20
56 28 -1 43 47 47 18
4 6 -1 12 16 18 20
58 30 -1 42 45 44 16
5 6 -1 12 16 18 20
0 31 -1 42 43 42 13
5 6 -1 12 16 18 20
2 33 -1 42 41 39 11
5 6 -1 12 16 18 20
4 35 -1 41 39 37 8
5 6 -1 12 16 18 20
6 37 -1 41 37 35 5
5 6 -1 12 16 18 20
7 38 -1 41 35 32 3
5 6 -1 12 16 18 20
9 40 -1 40 33 30 0
30






























1
По всем вопросам касающимся приложения обращайтесь по WhatsApp +79952867503
1
09.2026

      
	
