1
For advertising or questions send us e-mail kogdanamaz@gmail.com 
30
4 5 -1 11 15 18 19
24 40 -1 59 27 17 34
4 5 -1 11 15 18 19
24 40 -1 59 26 16 33
4 5 -1 11 15 18 19
25 40 -1 58 26 15 32
4 5 -1 11 15 18 19
25 41 -1 58 26 14 31
4 5 -1 11 15 18 19
26 41 -1 58 25 13 29
4 5 -1 11 15 18 19
26 41 -1 57 25 12 28
4 5 -1 11 15 18 19
27 42 -1 57 24 11 27
4 5 -1 11 15 18 19
27 42 -1 57 24 10 26
4 5 -1 11 15 18 19
27 42 -1 56 24 9 25
4 5 -1 11 15 18 19
28 43 -1 56 23 8 24
4 5 -1 11 15 18 19
28 43 -1 56 23 7 23
4 5 -1 11 15 18 19
29 43 -1 55 22 6 22
4 5 -1 11 15 18 19
29 44 -1 55 22 5 21
4 5 -1 11 15 18 19
30 44 -1 54 21 4 19
4 5 -1 11 15 18 19
30 44 -1 54 21 3 18
4 5 -1 11 15 18 19
30 45 -1 54 20 2 17
4 5 -1 11 15 18 19
31 45 -1 53 20 1 16
4 5 -1 11 15 18 19
31 45 -1 53 20 0 15
4 5 -1 11 15 17 19
31 45 -1 53 19 59 14
4 5 -1 11 15 17 19
32 46 -1 52 18 57 13
4 5 -1 11 15 17 19
32 46 -1 52 18 56 12
4 5 -1 11 15 17 19
33 46 -1 52 17 55 11
4 5 -1 11 15 17 19
33 47 -1 51 17 54 10
4 5 -1 11 15 17 19
33 47 -1 51 16 53 8
4 5 -1 11 15 17 19
34 47 -1 51 16 52 7
4 5 -1 11 15 17 19
34 48 -1 50 15 51 6
4 5 -1 11 15 17 19
34 48 -1 50 15 50 5
4 5 -1 11 15 17 19
34 48 -1 50 15 50 5
4 5 -1 11 15 17 19
35 49 -1 49 14 48 3
4 5 -1 11 15 17 19
36 49 -1 49 13 47 2
30






























1
По всем вопросам касающимся приложения обращайтесь по WhatsApp +79952867503
1
09.2026

      
	
