1
For advertising or questions send us e-mail kogdanamaz@gmail.com 
30
4 5 -1 12 15 18 19
29 44 -1 2 29 20 36
4 5 -1 12 15 18 19
29 44 -1 2 29 19 35
4 5 -1 12 15 18 19
29 44 -1 2 28 18 34
4 5 -1 12 15 18 19
30 45 -1 1 28 17 33
4 5 -1 12 15 18 19
30 45 -1 1 28 16 32
4 5 -1 12 15 18 19
31 45 -1 1 27 15 31
4 5 -1 12 15 18 19
31 46 -1 0 27 14 30
4 5 -1 12 15 18 19
31 46 -1 0 27 13 29
4 5 -1 12 15 18 19
32 46 -1 0 26 12 27
4 5 -1 11 15 18 19
32 46 -1 59 26 11 26
4 5 -1 11 15 18 19
33 47 -1 59 25 10 25
4 5 -1 11 15 18 19
33 47 -1 59 25 9 24
4 5 -1 11 15 18 19
33 47 -1 58 25 8 23
4 5 -1 11 15 18 19
34 48 -1 58 24 7 22
4 5 -1 11 15 18 19
34 48 -1 58 24 6 21
4 5 -1 11 15 18 19
35 48 -1 57 23 5 20
4 5 -1 11 15 18 19
35 48 -1 57 23 4 19
4 5 -1 11 15 18 19
35 49 -1 56 22 3 18
4 5 -1 11 15 18 19
36 49 -1 56 22 2 17
4 5 -1 11 15 18 19
36 49 -1 56 21 1 16
4 5 -1 11 15 18 19
36 50 -1 55 21 0 15
4 5 -1 11 15 17 19
37 50 -1 55 20 59 13
4 5 -1 11 15 17 19
37 50 -1 55 20 58 12
4 5 -1 11 15 17 19
37 51 -1 54 19 57 11
4 5 -1 11 15 17 19
38 51 -1 54 19 56 10
4 5 -1 11 15 17 19
38 51 -1 54 18 55 9
4 5 -1 11 15 17 19
38 51 -1 53 18 54 8
4 5 -1 11 15 17 19
38 51 -1 53 18 54 8
4 5 -1 11 15 17 19
39 52 -1 53 17 52 6
4 5 -1 11 15 17 19
39 52 -1 52 16 51 5
30






























1
По всем вопросам касающимся приложения обращайтесь по WhatsApp +79952867503
1
09.2026

      
	
