1
For advertising or questions send us e-mail kogdanamaz@gmail.com 
30
4 5 -1 11 15 18 19
20 35 -1 53 19 10 26
4 5 -1 11 15 18 19
21 35 -1 53 19 9 25
4 5 -1 11 15 18 19
21 36 -1 53 19 8 24
4 5 -1 11 15 18 19
21 36 -1 52 19 7 23
4 5 -1 11 15 18 19
22 36 -1 52 18 7 22
4 5 -1 11 15 18 19
22 36 -1 52 18 6 21
4 5 -1 11 15 18 19
23 37 -1 51 18 5 20
4 5 -1 11 15 18 19
23 37 -1 51 17 4 19
4 5 -1 11 15 18 19
23 37 -1 51 17 3 18
4 5 -1 11 15 18 19
24 38 -1 50 16 2 17
4 5 -1 11 15 18 19
24 38 -1 50 16 1 16
4 5 -1 11 15 18 19
24 38 -1 50 16 0 15
4 5 -1 11 15 17 19
25 38 -1 49 15 59 14
4 5 -1 11 15 17 19
25 39 -1 49 15 58 13
4 5 -1 11 15 17 19
26 39 -1 49 14 57 12
4 5 -1 11 15 17 19
26 39 -1 48 14 56 10
4 5 -1 11 15 17 19
26 40 -1 48 14 55 9
4 5 -1 11 15 17 19
27 40 -1 47 13 54 8
4 5 -1 11 15 17 19
27 40 -1 47 13 53 7
4 5 -1 11 15 17 19
27 40 -1 47 12 52 6
4 5 -1 11 15 17 19
28 41 -1 46 12 51 5
4 5 -1 11 15 17 19
28 41 -1 46 11 50 4
4 5 -1 11 15 17 19
28 41 -1 46 11 49 3
4 5 -1 11 15 17 19
29 42 -1 45 10 48 2
4 5 -1 11 15 17 19
29 42 -1 45 10 47 1
4 5 -1 11 15 17 19
29 42 -1 45 9 46 0
4 5 -1 11 15 17 18
29 42 -1 44 9 45 59
4 5 -1 11 15 17 18
29 42 -1 44 9 45 59
4 5 -1 11 15 17 18
30 43 -1 44 8 43 57
4 5 -1 11 15 17 18
30 43 -1 43 7 42 56
30






























1
По всем вопросам касающимся приложения обращайтесь по WhatsApp +79952867503
1
09.2026

      
	
