1
For advertising or questions send us e-mail kogdanamaz@gmail.com 
30
4 5 -1 12 15 18 19
26 43 -1 4 33 23 41
4 5 -1 12 15 18 19
26 43 -1 3 33 22 40
4 5 -1 12 15 18 19
27 44 -1 3 33 21 39
4 5 -1 12 15 18 19
27 44 -1 3 32 20 38
4 5 -1 12 15 18 19
28 44 -1 2 32 19 37
4 5 -1 12 15 18 19
28 45 -1 2 31 18 36
4 5 -1 12 15 18 19
29 45 -1 2 31 17 34
4 5 -1 12 15 18 19
29 46 -1 1 30 16 33
4 5 -1 12 15 18 19
30 46 -1 1 30 14 32
4 5 -1 12 15 18 19
30 46 -1 1 29 13 31
4 5 -1 12 15 18 19
31 47 -1 0 29 12 30
4 5 -1 12 15 18 19
31 47 -1 0 28 11 28
4 5 -1 11 15 18 19
32 47 -1 59 28 10 27
4 5 -1 11 15 18 19
32 48 -1 59 27 9 26
4 5 -1 11 15 18 19
33 48 -1 59 27 8 25
4 5 -1 11 15 18 19
33 49 -1 58 26 7 24
4 5 -1 11 15 18 19
34 49 -1 58 26 6 22
4 5 -1 11 15 18 19
34 49 -1 58 25 5 21
4 5 -1 11 15 18 19
35 50 -1 57 25 3 20
4 5 -1 11 15 18 19
35 50 -1 57 24 2 19
4 5 -1 11 15 18 19
35 51 -1 57 23 1 18
4 5 -1 11 15 18 19
36 51 -1 56 23 0 17
4 5 -1 11 15 17 19
36 51 -1 56 22 59 15
4 5 -1 11 15 17 19
37 52 -1 56 22 58 14
4 5 -1 11 15 17 19
37 52 -1 55 21 57 13
4 5 -1 11 15 17 19
38 53 -1 55 20 56 12
4 5 -1 11 15 17 19
38 53 -1 55 20 55 11
4 5 -1 11 15 17 19
38 53 -1 55 20 55 11
4 5 -1 11 15 17 19
39 54 -1 54 18 52 9
4 5 -1 11 15 17 19
39 54 -1 54 18 51 8
30






























1
По всем вопросам касающимся приложения обращайтесь по WhatsApp +79952867503
1
09.2026

      
	
