1
For advertising or questions send us e-mail kogdanamaz@gmail.com 
30
4 6 -1 12 16 19 20
42 18 -1 48 27 17 44
4 6 -1 12 16 19 20
43 19 -1 48 26 15 42
4 6 -1 12 16 19 20
44 20 -1 48 25 14 40
4 6 -1 12 16 19 20
45 21 -1 47 24 12 39
4 6 -1 12 16 19 20
46 22 -1 47 23 11 37
4 6 -1 12 16 19 20
47 22 -1 47 23 9 35
4 6 -1 12 16 19 20
48 23 -1 46 22 8 34
4 6 -1 12 16 19 20
49 24 -1 46 21 6 32
4 6 -1 12 16 19 20
49 24 -1 46 21 6 32
4 6 -1 12 16 19 20
50 25 -1 46 20 5 30
4 6 -1 12 16 19 20
52 26 -1 45 18 2 27
4 6 -1 12 16 19 20
53 27 -1 45 17 0 25
4 6 -1 12 16 18 20
54 28 -1 44 16 59 24
4 6 -1 12 16 18 20
55 29 -1 44 15 57 22
4 6 -1 12 16 18 20
56 30 -1 43 14 56 20
4 6 -1 12 16 18 20
57 30 -1 43 14 54 19
4 6 -1 12 16 18 20
58 31 -1 43 13 53 17
4 6 -1 12 16 18 20
59 32 -1 42 12 51 16
5 6 -1 12 16 18 20
0 33 -1 42 11 50 14
5 6 -1 12 16 18 20
1 34 -1 42 10 48 12
5 6 -1 12 16 18 20
2 34 -1 41 9 47 11
5 6 -1 12 16 18 20
3 35 -1 41 8 45 9
5 6 -1 12 16 18 20
3 35 -1 41 8 45 9
5 6 -1 12 16 18 20
4 36 -1 41 7 44 7
5 6 -1 12 16 18 20
5 38 -1 40 5 41 4
5 6 -1 12 16 18 20
6 38 -1 40 4 39 3
5 6 -1 12 16 18 20
7 39 -1 39 2 38 1
5 6 -1 12 16 18 20
8 40 -1 39 1 36 0
5 6 -1 12 16 18 19
9 41 -1 39 0 35 58
5 6 -1 12 15 18 19
10 42 -1 38 59 33 56
30






























1
По всем вопросам касающимся приложения обращайтесь по WhatsApp +79952867503
1
09.2026

      
	
