1
For advertising or questions send us e-mail kogdanamaz@gmail.com 
31
5 6 -1 12 16 18 20
30 53 -1 51 15 48 3
5 6 -1 12 16 18 20
31 54 -1 51 14 46 2
5 6 -1 12 16 18 20
31 54 -1 51 13 45 1
5 6 -1 12 16 18 20
32 55 -1 50 13 44 0
5 6 -1 12 16 18 19
32 56 -1 50 12 43 59
5 6 -1 12 16 18 19
33 56 -1 50 11 42 57
5 6 -1 12 16 18 19
33 57 -1 49 11 41 56
5 6 -1 12 16 18 19
33 57 -1 49 11 41 56
5 6 -1 12 16 18 19
34 57 -1 49 10 40 55
5 6 -1 12 16 18 19
35 58 -1 49 8 38 53
5 6 -1 12 16 18 19
36 59 -1 48 8 37 52
5 6 -1 12 16 18 19
36 59 -1 48 7 36 51
5 7 -1 12 16 18 19
37 0 -1 48 6 34 50
5 7 -1 12 16 18 19
37 0 -1 48 6 33 49
5 7 -1 12 16 18 19
38 1 -1 47 5 32 48
5 7 -1 12 16 18 19
38 2 -1 47 4 31 47
5 7 -1 12 16 18 19
39 2 -1 47 3 30 46
5 7 -1 12 16 18 19
39 3 -1 47 3 29 45
5 7 -1 12 16 18 19
40 3 -1 47 2 28 44
5 7 -1 12 16 18 19
40 4 -1 46 1 28 43
5 7 -1 12 16 18 19
41 5 -1 46 1 27 43
5 7 -1 12 16 18 19
41 5 -1 46 0 26 42
5 7 -1 12 16 18 19
41 5 -1 46 0 26 42
5 7 -1 12 15 18 19
42 6 -1 46 59 25 41
5 7 -1 12 15 18 19
43 7 -1 46 58 23 39
5 7 -1 12 15 18 19
44 8 -1 46 57 22 39
5 7 -1 12 15 18 19
44 8 -1 45 57 21 38
5 7 -1 12 15 18 19
45 9 -1 45 56 20 37
5 7 -1 12 15 18 19
45 10 -1 45 56 20 36
5 7 -1 12 15 18 19
46 10 -1 45 55 19 36
5 7 -1 12 15 18 19
46 11 -1 45 55 18 35
31































1
По всем вопросам касающимся приложения обращайтесь по WhatsApp +79952867503
1
10.2026

      
	
