1
For advertising or questions send us e-mail kogdanamaz@gmail.com 
30
4 6 -1 12 16 19 20
28 4 -1 34 12 2 29
4 6 -1 12 16 19 20
29 5 -1 34 11 1 27
4 6 -1 12 16 18 20
30 6 -1 33 11 59 25
4 6 -1 12 16 18 20
31 7 -1 33 10 58 24
4 6 -1 12 16 18 20
32 8 -1 33 9 56 22
4 6 -1 12 16 18 20
34 8 -1 32 8 55 20
4 6 -1 12 16 18 20
35 9 -1 32 7 53 19
4 6 -1 12 16 18 20
36 10 -1 32 7 52 17
4 6 -1 12 16 18 20
36 10 -1 32 7 52 17
4 6 -1 12 16 18 20
37 11 -1 31 6 50 15
4 6 -1 12 16 18 20
39 12 -1 31 4 47 12
4 6 -1 12 16 18 20
39 13 -1 30 3 46 10
4 6 -1 12 16 18 20
40 14 -1 30 2 44 9
4 6 -1 12 16 18 20
41 15 -1 30 1 43 7
4 6 -1 12 16 18 20
42 15 -1 29 0 41 6
4 6 -1 12 15 18 20
43 16 -1 29 59 40 4
4 6 -1 12 15 18 20
44 17 -1 28 58 38 2
4 6 -1 12 15 18 20
45 18 -1 28 57 37 1
4 6 -1 12 15 18 19
46 19 -1 28 56 35 59
4 6 -1 12 15 18 19
47 19 -1 27 55 34 57
4 6 -1 12 15 18 19
48 20 -1 27 54 32 56
4 6 -1 12 15 18 19
49 21 -1 27 53 31 54
4 6 -1 12 15 18 19
49 21 -1 27 53 31 54
4 6 -1 12 15 18 19
50 22 -1 26 52 29 53
4 6 -1 12 15 18 19
52 23 -1 26 50 26 50
4 6 -1 12 15 18 19
52 24 -1 25 49 25 48
4 6 -1 12 15 18 19
53 25 -1 25 48 23 46
4 6 -1 12 15 18 19
54 26 -1 25 47 22 45
4 6 -1 12 15 18 19
55 27 -1 24 46 20 43
4 6 -1 12 15 18 19
56 27 -1 24 45 19 42
30






























1
По всем вопросам касающимся приложения обращайтесь по WhatsApp +79952867503
1
09.2026

      
	
