1
For advertising or questions send us e-mail kogdanamaz@gmail.com 
30
4 6 -1 13 16 19 20
59 34 -1 3 41 30 56
5 6 -1 13 16 19 20
0 35 -1 3 40 29 55
5 6 -1 13 16 19 20
1 36 -1 2 39 27 53
5 6 -1 13 16 19 20
2 36 -1 2 39 26 51
5 6 -1 13 16 19 20
3 37 -1 2 38 25 50
5 6 -1 13 16 19 20
4 38 -1 1 37 23 48
5 6 -1 13 16 19 20
5 39 -1 1 36 22 46
5 6 -1 13 16 19 20
6 39 -1 1 35 20 45
5 6 -1 13 16 19 20
6 39 -1 1 35 20 45
5 6 -1 13 16 19 20
7 40 -1 0 34 19 43
5 6 -1 13 16 19 20
9 42 -1 0 33 16 40
5 6 -1 12 16 19 20
10 42 -1 59 32 15 38
5 6 -1 12 16 19 20
11 43 -1 59 31 13 37
5 6 -1 12 16 19 20
12 44 -1 59 30 12 35
5 6 -1 12 16 19 20
13 45 -1 58 29 10 34
5 6 -1 12 16 19 20
13 45 -1 58 28 9 32
5 6 -1 12 16 19 20
14 46 -1 57 27 7 30
5 6 -1 12 16 19 20
15 47 -1 57 26 6 29
5 6 -1 12 16 19 20
16 48 -1 57 25 4 27
5 6 -1 12 16 19 20
17 49 -1 56 25 3 26
5 6 -1 12 16 19 20
18 49 -1 56 24 1 24
5 6 -1 12 16 19 20
19 50 -1 56 23 0 23
5 6 -1 12 16 19 20
19 50 -1 56 23 0 23
5 6 -1 12 16 18 20
20 51 -1 55 22 58 21
5 6 -1 12 16 18 20
21 52 -1 55 20 55 18
5 6 -1 12 16 18 20
22 53 -1 54 19 54 16
5 6 -1 12 16 18 20
23 54 -1 54 18 53 15
5 6 -1 12 16 18 20
24 55 -1 54 17 51 13
5 6 -1 12 16 18 20
25 55 -1 53 16 50 12
5 6 -1 12 16 18 20
26 56 -1 53 15 48 10
30






























1
По всем вопросам касающимся приложения обращайтесь по WhatsApp +79952867503
1
09.2026

      
	
