1
For advertising or questions send us e-mail kogdanamaz@gmail.com 
30
4 6 -1 12 16 19 20
32 7 -1 36 14 3 29
4 6 -1 12 16 19 20
33 8 -1 35 13 2 27
4 6 -1 12 16 19 20
34 9 -1 35 12 0 25
4 6 -1 12 16 18 20
35 9 -1 35 11 59 24
4 6 -1 12 16 18 20
36 10 -1 34 11 57 22
4 6 -1 12 16 18 20
37 11 -1 34 10 56 21
4 6 -1 12 16 18 20
38 12 -1 34 9 55 19
4 6 -1 12 16 18 20
39 12 -1 33 8 53 17
4 6 -1 12 16 18 20
39 12 -1 33 8 53 17
4 6 -1 12 16 18 20
40 13 -1 33 7 52 16
4 6 -1 12 16 18 20
42 15 -1 32 6 49 13
4 6 -1 12 16 18 20
43 15 -1 32 5 47 11
4 6 -1 12 16 18 20
44 16 -1 32 4 46 9
4 6 -1 12 16 18 20
45 17 -1 31 3 44 8
4 6 -1 12 16 18 20
46 18 -1 31 2 43 6
4 6 -1 12 16 18 20
46 18 -1 31 1 41 5
4 6 -1 12 16 18 20
47 19 -1 30 0 40 3
4 6 -1 12 15 18 20
48 20 -1 30 59 39 1
4 6 -1 12 15 18 20
49 21 -1 30 58 37 0
4 6 -1 12 15 18 19
50 21 -1 29 57 36 58
4 6 -1 12 15 18 19
51 22 -1 29 56 34 57
4 6 -1 12 15 18 19
52 23 -1 29 55 33 55
4 6 -1 12 15 18 19
52 23 -1 29 55 33 55
4 6 -1 12 15 18 19
53 24 -1 28 54 31 54
4 6 -1 12 15 18 19
54 25 -1 27 53 28 51
4 6 -1 12 15 18 19
55 26 -1 27 52 27 49
4 6 -1 12 15 18 19
56 27 -1 27 51 25 48
4 6 -1 12 15 18 19
57 27 -1 26 50 24 46
4 6 -1 12 15 18 19
58 28 -1 26 49 22 45
4 6 -1 12 15 18 19
59 29 -1 26 48 21 43
30






























1
По всем вопросам касающимся приложения обращайтесь по WhatsApp +79952867503
1
09.2026

      
	
