1
For advertising or questions send us e-mail kogdanamaz@gmail.com 
30
4 5 -1 12 16 19 21
14 56 -1 48 32 40 15
4 5 -1 12 16 19 21
16 57 -1 48 30 38 13
4 5 -1 12 16 19 21
18 59 -1 47 28 36 10
4 6 -1 12 16 19 21
20 1 -1 47 27 33 7
4 6 -1 12 16 19 21
22 2 -1 46 25 30 4
4 6 -1 12 16 19 21
24 4 -1 46 23 28 2
4 6 -1 12 16 19 21
26 6 -1 46 22 26 0
4 6 -1 12 16 19 20
28 8 -1 46 21 23 57
4 6 -1 12 16 19 20
30 10 -1 45 18 21 54
4 6 -1 12 16 19 20
32 12 -1 45 17 18 51
4 6 -1 12 16 19 20
33 13 -1 44 16 16 50
4 6 -1 12 16 19 20
36 15 -1 44 14 13 47
4 6 -1 12 16 19 20
37 16 -1 44 12 11 44
4 6 -1 12 16 19 20
39 18 -1 43 10 8 41
4 6 -1 12 16 19 20
41 20 -1 43 8 5 38
4 6 -1 12 16 19 20
42 22 -1 42 7 3 36
4 6 -1 12 16 19 20
44 23 -1 42 5 1 34
4 6 -1 12 16 18 20
46 25 -1 42 4 58 31
4 6 -1 12 16 18 20
48 27 -1 41 1 56 28
4 6 -1 12 16 18 20
50 29 -1 41 0 53 26
4 6 -1 12 15 18 20
52 31 -1 41 58 51 24
4 6 -1 12 15 18 20
54 33 -1 40 57 48 21
4 6 -1 12 15 18 20
56 34 -1 40 54 46 18
4 6 -1 12 15 18 20
57 36 -1 40 52 43 16
4 6 -1 12 15 18 20
59 38 -1 39 51 41 14
5 6 -1 12 15 18 20
0 39 -1 38 49 38 11
5 6 -1 12 15 18 20
2 41 -1 38 48 36 8
5 6 -1 12 15 18 20
4 43 -1 38 46 33 6
5 6 -1 12 15 18 20
6 44 -1 38 43 31 3
5 6 -1 12 15 18 20
8 47 -1 38 42 28 1
30






























1
По всем вопросам касающимся приложения обращайтесь по WhatsApp +79952867503
1
09.2026

      
	
