1
For advertising or questions send us e-mail kogdanamaz@gmail.com 
30
3 5 -1 12 17 19 20
46 27 -1 27 8 17 58
3 5 -1 12 17 19 20
48 29 -1 27 6 15 55
3 5 -1 12 17 19 20
50 30 -1 27 4 12 52
3 5 -1 12 17 19 20
53 32 -1 26 2 10 49
3 5 -1 12 17 19 20
55 34 -1 26 0 8 46
3 5 -1 12 16 19 20
57 35 -1 26 58 5 43
3 5 -1 12 16 19 20
59 37 -1 25 56 3 40
4 5 -1 12 16 19 20
2 39 -1 25 54 0 37
4 5 -1 12 16 18 20
4 41 -1 25 52 58 34
4 5 -1 12 16 18 20
6 42 -1 24 51 55 32
4 5 -1 12 16 18 20
8 44 -1 24 49 53 29
4 5 -1 12 16 18 20
10 46 -1 24 47 51 26
4 5 -1 12 16 18 20
12 47 -1 23 45 48 23
4 5 -1 12 16 18 20
14 49 -1 23 43 46 20
4 5 -1 12 16 18 20
17 51 -1 23 41 43 17
4 5 -1 12 16 18 20
19 53 -1 22 39 41 15
4 5 -1 12 16 18 20
21 54 -1 22 37 38 12
4 5 -1 12 16 18 20
23 56 -1 22 35 36 9
4 5 -1 12 16 18 20
25 58 -1 21 32 34 6
4 6 -1 12 16 18 20
27 0 -1 21 30 31 4
4 6 -1 12 16 18 20
29 1 -1 20 28 29 1
4 6 -1 12 16 18 19
31 3 -1 20 26 26 58
4 6 -1 12 16 18 19
33 5 -1 20 24 24 56
4 6 -1 12 16 18 19
35 7 -1 19 22 21 53
4 6 -1 12 16 18 19
37 8 -1 19 20 19 50
4 6 -1 12 16 18 19
39 10 -1 19 18 16 48
4 6 -1 12 16 18 19
40 12 -1 18 16 14 45
4 6 -1 12 16 18 19
42 13 -1 18 14 12 43
4 6 -1 12 16 18 19
44 15 -1 18 12 9 40
4 6 -1 12 16 18 19
46 17 -1 17 10 7 38
30






























1
По всем вопросам касающимся приложения обращайтесь по WhatsApp +79952867503
1
09.2026

      
	
