1
For advertising or questions send us e-mail kogdanamaz@gmail.com 
31
4 5 -1 12 15 18 19
38 51 -1 0 24 9 18
4 5 -1 12 15 18 19
37 50 -1 0 24 9 19
4 5 -1 12 15 18 19
36 49 -1 0 24 9 19
4 5 -1 11 15 18 19
35 48 -1 59 23 9 19
4 5 -1 11 15 18 19
35 48 -1 59 23 9 19
4 5 -1 11 15 18 19
33 47 -1 59 23 10 20
4 5 -1 11 15 18 19
32 46 -1 58 22 10 20
4 5 -1 11 15 18 19
31 45 -1 58 22 11 21
4 5 -1 11 15 18 19
30 44 -1 58 21 11 21
4 5 -1 11 15 18 19
29 43 -1 58 21 11 22
4 5 -1 11 15 18 19
28 42 -1 57 21 11 22
4 5 -1 11 15 18 19
27 42 -1 57 20 12 22
4 5 -1 11 15 18 19
26 41 -1 57 20 12 23
4 5 -1 11 15 18 19
25 40 -1 57 20 12 23
4 5 -1 11 15 18 19
24 39 -1 56 19 13 24
4 5 -1 11 15 18 19
24 38 -1 56 19 13 24
4 5 -1 11 15 18 19
23 38 -1 56 18 13 25
4 5 -1 11 15 18 19
22 37 -1 56 18 14 25
4 5 -1 11 15 18 19
22 37 -1 56 18 14 25
4 5 -1 11 15 18 19
21 36 -1 55 18 14 26
4 5 -1 11 15 18 19
19 35 -1 55 17 15 27
4 5 -1 11 15 18 19
18 34 -1 55 17 15 27
4 5 -1 11 15 18 19
18 33 -1 55 16 16 28
4 5 -1 11 15 18 19
17 33 -1 55 16 16 28
4 5 -1 11 15 18 19
16 32 -1 55 15 17 29
4 5 -1 11 15 18 19
15 31 -1 54 15 17 29
4 5 -1 11 15 18 19
14 31 -1 54 15 17 30
4 5 -1 11 15 18 19
14 30 -1 54 14 18 30
4 5 -1 11 15 18 19
13 29 -1 54 14 18 31
4 5 -1 11 15 18 19
12 29 -1 54 14 19 32
4 5 -1 11 15 18 19
11 28 -1 54 13 19 32
31































1
По всем вопросам касающимся приложения обращайтесь по WhatsApp +79952867503
1
10.2026

      
	
