1
For advertising or questions send us e-mail kogdanamaz@gmail.com 
30
5 6 -1 12 15 18 19
5 14 -1 21 28 27 33
5 6 -1 12 15 18 19
5 13 -1 20 27 26 32
5 6 -1 12 15 18 19
5 13 -1 20 26 26 32
5 6 -1 12 15 18 19
4 13 -1 20 25 26 31
5 6 -1 12 15 18 19
4 13 -1 20 24 25 31
5 6 -1 12 15 18 19
4 13 -1 19 23 25 30
5 6 -1 12 15 18 19
4 12 -1 19 22 24 30
5 6 -1 12 15 18 19
4 12 -1 18 20 24 29
5 6 -1 12 15 18 19
4 12 -1 18 19 23 29
5 6 -1 12 15 18 19
4 12 -1 18 19 23 28
5 6 -1 12 15 18 19
3 12 -1 17 19 22 27
5 6 -1 12 15 18 19
3 11 -1 17 20 22 27
5 6 -1 12 15 18 19
3 11 -1 17 20 21 26
5 6 -1 12 15 18 19
3 11 -1 16 20 21 26
5 6 -1 12 15 18 19
3 11 -1 16 20 20 25
5 6 -1 12 15 18 19
2 11 -1 16 21 20 25
5 6 -1 12 15 18 19
2 10 -1 15 21 19 24
5 6 -1 12 15 18 19
2 10 -1 15 21 19 24
5 6 -1 12 15 18 19
2 10 -1 15 21 18 23
5 6 -1 12 15 18 19
2 10 -1 14 22 18 23
5 6 -1 12 15 18 19
1 9 -1 14 22 17 22
5 6 -1 12 15 18 19
1 9 -1 14 22 17 22
5 6 -1 12 15 18 19
1 9 -1 13 22 16 21
5 6 -1 12 15 18 19
1 9 -1 13 22 16 21
5 6 -1 12 15 18 19
1 9 -1 12 23 15 20
5 6 -1 12 15 18 19
0 8 -1 12 23 15 20
5 6 -1 12 15 18 19
0 8 -1 12 23 14 19
5 6 -1 12 15 18 19
0 8 -1 11 23 14 19
5 6 -1 12 15 18 19
0 8 -1 11 23 14 19
5 6 -1 12 15 18 19
0 7 -1 11 23 13 18
30






























1
По всем вопросам касающимся приложения обращайтесь по WhatsApp +79952867503
1
09.2026

      
	
