1
For advertising or questions send us e-mail kogdanamaz@gmail.com 
30
4 6 -1 12 15 18 19
55 6 -1 18 32 30 38
4 6 -1 12 15 18 19
55 6 -1 18 32 30 38
4 6 -1 12 15 18 19
55 6 -1 18 32 28 36
4 6 -1 12 15 18 19
55 6 -1 17 32 28 35
4 6 -1 12 15 18 19
56 6 -1 17 32 27 35
4 6 -1 12 15 18 19
56 6 -1 17 32 26 34
4 6 -1 12 15 18 19
56 6 -1 16 32 26 33
4 6 -1 12 15 18 19
56 6 -1 16 32 25 32
4 6 -1 12 15 18 19
56 6 -1 16 32 24 31
4 6 -1 12 15 18 19
56 6 -1 15 32 23 31
4 6 -1 12 15 18 19
56 6 -1 15 32 23 30
4 6 -1 12 15 18 19
56 6 -1 15 32 22 29
4 6 -1 12 15 18 19
56 6 -1 14 32 21 28
4 6 -1 12 15 18 19
56 6 -1 14 32 21 27
4 6 -1 12 15 18 19
57 6 -1 14 32 20 27
4 6 -1 12 15 18 19
57 6 -1 14 32 20 27
4 6 -1 12 15 18 19
57 6 -1 13 31 19 26
4 6 -1 12 15 18 19
57 6 -1 13 31 18 24
4 6 -1 12 15 18 19
57 6 -1 12 31 17 24
4 6 -1 12 15 18 19
57 6 -1 12 31 16 23
4 6 -1 12 15 18 19
57 6 -1 12 31 15 22
4 6 -1 12 15 18 19
57 7 -1 11 31 15 21
4 6 -1 12 15 18 19
57 7 -1 11 30 14 21
4 6 -1 12 15 18 19
57 7 -1 10 30 13 20
4 6 -1 12 15 18 19
57 7 -1 10 30 12 19
4 6 -1 12 15 18 19
57 7 -1 10 30 12 18
4 6 -1 12 15 18 19
57 7 -1 9 30 11 18
4 6 -1 12 15 18 19
57 7 -1 9 29 10 17
4 6 -1 12 15 18 19
57 7 -1 9 29 10 16
4 6 -1 12 15 18 19
57 7 -1 8 29 9 15
30






























1
По всем вопросам касающимся приложения обращайтесь по WhatsApp +79952867503
1
09.2026

      
	
