1
For advertising or questions send us e-mail kogdanamaz@gmail.com 
30
4 6 -1 12 15 18 19
56 9 -1 25 46 39 49
4 6 -1 12 15 18 19
56 9 -1 25 46 39 49
4 6 -1 12 15 18 19
56 9 -1 24 46 38 47
4 6 -1 12 15 18 19
57 9 -1 24 45 37 46
4 6 -1 12 15 18 19
57 9 -1 23 45 36 45
4 6 -1 12 15 18 19
57 10 -1 23 45 35 44
4 6 -1 12 15 18 19
58 10 -1 23 45 34 43
4 6 -1 12 15 18 19
58 10 -1 22 45 33 42
4 6 -1 12 15 18 19
58 10 -1 22 45 32 41
4 6 -1 12 15 18 19
58 10 -1 22 44 32 41
4 6 -1 12 15 18 19
59 11 -1 21 44 31 40
4 6 -1 12 15 18 19
59 11 -1 21 44 30 39
4 6 -1 12 15 18 19
59 11 -1 21 43 29 38
4 6 -1 12 15 18 19
59 11 -1 20 43 28 37
5 6 -1 12 15 18 19
0 11 -1 20 43 27 36
5 6 -1 12 15 18 19
0 11 -1 20 43 27 36
5 6 -1 12 15 18 19
0 11 -1 19 43 26 35
5 6 -1 12 15 18 19
0 12 -1 19 42 24 33
5 6 -1 12 15 18 19
0 12 -1 18 42 24 32
5 6 -1 12 15 18 19
1 12 -1 18 41 23 31
5 6 -1 12 15 18 19
1 12 -1 18 41 22 30
5 6 -1 12 15 18 19
1 12 -1 17 41 21 29
5 6 -1 12 15 18 19
1 13 -1 17 40 20 28
5 6 -1 12 15 18 19
1 13 -1 17 40 19 28
5 6 -1 12 15 18 19
2 13 -1 16 40 18 27
5 6 -1 12 15 18 19
2 13 -1 16 39 17 26
5 6 -1 12 15 18 19
2 13 -1 16 39 17 25
5 6 -1 12 15 18 19
2 14 -1 15 38 16 24
5 6 -1 12 15 18 19
2 14 -1 15 38 15 23
5 6 -1 12 15 18 19
3 14 -1 15 38 14 22
30






























1
По всем вопросам касающимся приложения обращайтесь по WhatsApp +79952867503
1
09.2026

      
	
