1
For advertising or questions send us e-mail kogdanamaz@gmail.com 
31
4 6 -1 12 15 18 19
58 6 -1 9 24 10 16
4 6 -1 12 15 18 19
57 6 -1 8 24 10 15
4 6 -1 12 15 18 19
57 5 -1 8 24 9 14
4 6 -1 12 15 18 19
57 5 -1 7 24 8 14
4 6 -1 12 15 18 19
57 5 -1 7 24 8 13
4 6 -1 12 15 18 19
57 5 -1 7 24 7 13
4 6 -1 12 15 18 19
57 5 -1 6 24 7 12
4 6 -1 12 15 18 19
56 5 -1 6 24 7 12
4 6 -1 12 15 18 19
56 5 -1 6 24 6 12
4 6 -1 12 15 18 19
56 5 -1 6 24 6 11
4 6 -1 12 15 18 19
56 5 -1 5 24 5 11
4 6 -1 12 15 18 19
56 4 -1 5 24 5 10
4 6 -1 12 15 18 19
56 4 -1 5 24 4 10
4 6 -1 12 15 18 19
56 4 -1 5 24 4 10
4 6 -1 12 15 18 19
56 4 -1 4 24 3 9
4 6 -1 12 15 18 19
56 4 -1 4 24 3 9
4 6 -1 12 15 18 19
55 4 -1 4 24 3 9
4 6 -1 12 15 18 19
55 4 -1 4 23 2 8
4 6 -1 12 15 18 19
55 4 -1 4 23 2 8
4 6 -1 12 15 18 19
55 4 -1 3 23 2 8
4 6 -1 12 15 18 19
55 4 -1 3 23 1 7
4 6 -1 12 15 18 19
55 4 -1 3 23 1 7
4 6 -1 12 15 18 19
55 4 -1 3 23 1 7
4 6 -1 12 15 18 19
55 4 -1 3 23 0 7
4 6 -1 12 15 18 19
55 4 -1 3 23 0 6
4 6 -1 12 15 18 19
55 4 -1 3 23 0 6
4 6 -1 12 15 17 19
55 4 -1 3 23 59 6
4 6 -1 12 15 17 19
55 5 -1 2 23 59 6
4 6 -1 12 15 17 19
55 5 -1 2 23 59 6
4 6 -1 12 15 17 19
55 5 -1 2 23 59 6
4 6 -1 12 15 17 19
55 5 -1 2 24 59 6
31































1
По всем вопросам касающимся приложения обращайтесь по WhatsApp +79952867503
1
10.2026

      
	