1
For advertising or questions send us e-mail kogdanamaz@gmail.com 
30
4 5 -1 11 15 18 19
15 34 -1 54 22 12 42
4 5 -1 11 15 18 19
16 34 -1 53 22 11 41
4 5 -1 11 15 18 19
16 35 -1 53 22 10 40
4 5 -1 11 15 18 19
17 35 -1 53 21 9 39
4 5 -1 11 15 18 19
17 35 -1 52 21 8 38
4 5 -1 11 15 18 19
18 36 -1 52 21 7 37
4 5 -1 11 15 18 19
18 36 -1 52 20 6 36
4 5 -1 11 15 18 19
19 36 -1 51 20 5 35
4 5 -1 11 15 18 19
19 37 -1 51 19 4 34
4 5 -1 11 15 18 19
20 37 -1 51 19 3 33
4 5 -1 11 15 18 19
20 37 -1 50 18 2 32
4 5 -1 11 15 18 19
20 38 -1 50 18 1 31
4 5 -1 11 15 18 19
21 38 -1 50 17 0 30
4 5 -1 11 15 17 19
21 38 -1 49 17 59 29
4 5 -1 11 15 17 19
22 39 -1 49 16 58 28
4 5 -1 11 15 17 19
22 39 -1 49 16 57 27
4 5 -1 11 15 17 19
22 39 -1 49 16 57 27
4 5 -1 11 15 17 19
23 40 -1 48 15 54 24
4 5 -1 11 15 17 19
23 40 -1 48 14 53 23
4 5 -1 11 15 17 19
24 41 -1 47 14 52 22
4 5 -1 11 15 17 19
24 41 -1 47 13 51 21
4 5 -1 11 15 17 19
25 41 -1 46 13 50 20
4 5 -1 11 15 17 19
25 42 -1 46 12 49 19
4 5 -1 11 15 17 19
26 42 -1 46 11 48 18
4 5 -1 11 15 17 19
26 42 -1 45 11 47 17
4 5 -1 11 15 17 19
26 43 -1 45 10 46 16
4 5 -1 11 15 17 19
27 43 -1 45 10 45 15
4 5 -1 11 15 17 19
27 44 -1 44 9 44 14
4 5 -1 11 15 17 19
28 44 -1 44 8 43 13
4 5 -1 11 15 17 19
28 44 -1 44 8 42 12
30






























1
По всем вопросам касающимся приложения обращайтесь по WhatsApp +79952867503
1
09.2026

      
	
