1
For advertising or questions send us e-mail kogdanamaz@gmail.com 
30
5 6 -1 13 18 20 21
35 56 -1 38 17 14 34
5 6 -1 13 18 20 21
37 57 -1 38 16 12 32
5 6 -1 13 18 20 21
38 58 -1 38 15 11 30
5 6 -1 13 18 20 21
40 59 -1 37 13 9 28
5 7 -1 13 18 20 21
41 0 -1 37 12 7 26
5 7 -1 13 18 20 21
42 2 -1 37 10 5 24
5 7 -1 13 18 20 21
44 3 -1 36 9 3 22
5 7 -1 13 18 20 21
45 4 -1 36 8 2 20
5 7 -1 13 18 20 21
46 5 -1 36 6 0 18
5 7 -1 13 18 19 21
48 6 -1 35 5 58 16
5 7 -1 13 18 19 21
49 7 -1 35 3 56 14
5 7 -1 13 18 19 21
50 8 -1 35 2 54 12
5 7 -1 13 18 19 21
52 9 -1 34 0 52 10
5 7 -1 13 17 19 21
53 10 -1 34 59 51 8
5 7 -1 13 17 19 21
54 12 -1 34 57 49 6
5 7 -1 13 17 19 21
56 13 -1 33 56 47 4
5 7 -1 13 17 19 21
57 14 -1 33 54 45 2
5 7 -1 13 17 19 21
58 15 -1 33 53 43 0
5 7 -1 13 17 19 20
59 16 -1 32 51 41 58
6 7 -1 13 17 19 20
1 17 -1 32 49 40 56
6 7 -1 13 17 19 20
2 18 -1 31 48 38 54
6 7 -1 13 17 19 20
3 19 -1 31 46 36 52
6 7 -1 13 17 19 20
4 21 -1 31 45 34 50
6 7 -1 13 17 19 20
6 22 -1 30 43 32 48
6 7 -1 13 17 19 20
7 23 -1 30 42 30 46
6 7 -1 13 17 19 20
8 24 -1 30 40 29 45
6 7 -1 13 17 19 20
9 25 -1 29 39 27 43
6 7 -1 13 17 19 20
10 26 -1 29 37 25 41
6 7 -1 13 17 19 20
12 27 -1 29 35 23 39
6 7 -1 13 17 19 20
13 29 -1 28 34 21 37
30






























1
По всем вопросам касающимся приложения обращайтесь по WhatsApp +79952867503
1
09.2026

      
	
