1
For advertising or questions send us e-mail kogdanamaz@gmail.com 
31
4 6 -1 12 15 18 19
57 11 -1 11 34 9 39
4 6 -1 12 15 18 19
57 11 -1 11 34 9 39
4 6 -1 12 15 18 19
57 12 -1 10 33 7 37
4 6 -1 12 15 18 19
58 12 -1 10 33 6 36
4 6 -1 12 15 18 19
58 13 -1 10 32 5 35
4 6 -1 12 15 18 19
58 13 -1 9 32 4 34
4 6 -1 12 15 18 19
59 13 -1 9 31 4 34
4 6 -1 12 15 18 19
59 14 -1 9 31 3 33
4 6 -1 12 15 18 19
59 14 -1 8 30 2 32
4 6 -1 12 15 18 19
59 14 -1 8 30 1 31
5 6 -1 12 15 18 19
0 15 -1 8 29 0 30
5 6 -1 12 15 17 19
0 15 -1 8 29 59 29
5 6 -1 12 15 17 19
0 15 -1 7 28 58 28
5 6 -1 12 15 17 19
1 16 -1 7 28 58 28
5 6 -1 12 15 17 19
1 16 -1 7 27 57 27
5 6 -1 12 15 17 19
1 16 -1 7 27 56 26
5 6 -1 12 15 17 19
2 17 -1 7 26 55 25
5 6 -1 12 15 17 19
2 17 -1 6 26 54 24
5 6 -1 12 15 17 19
2 17 -1 6 25 54 24
5 6 -1 12 15 17 19
3 18 -1 6 25 53 23
5 6 -1 12 15 17 19
3 18 -1 6 24 52 22
5 6 -1 12 15 17 19
3 19 -1 6 24 51 21
5 6 -1 12 15 17 19
4 19 -1 6 24 51 21
5 6 -1 12 15 17 19
4 20 -1 5 23 50 20
5 6 -1 12 15 17 19
4 20 -1 5 23 49 19
5 6 -1 12 15 17 19
5 20 -1 5 22 49 19
5 6 -1 12 15 17 19
5 21 -1 5 22 48 18
5 6 -1 12 15 17 19
5 21 -1 5 21 47 17
5 6 -1 12 15 17 19
6 22 -1 5 21 47 17
5 6 -1 12 15 17 19
6 22 -1 5 21 46 16
5 6 -1 12 15 17 19
6 22 -1 5 21 46 16
31































1
По всем вопросам касающимся приложения обращайтесь по WhatsApp +79952867503
1
10.2026

      
	
