1
For advertising or questions send us e-mail kogdanamaz@gmail.com 
31
4 6 -1 12 15 18 19
56 13 -1 11 35 9 39
4 6 -1 12 15 18 19
56 13 -1 11 35 9 39
4 6 -1 12 15 18 19
57 14 -1 11 34 7 37
4 6 -1 12 15 18 19
58 14 -1 11 34 6 36
4 6 -1 12 15 18 19
58 14 -1 10 33 5 35
4 6 -1 12 15 18 19
58 15 -1 10 32 4 34
4 6 -1 12 15 18 19
59 15 -1 10 32 3 33
4 6 -1 12 15 18 19
59 16 -1 9 31 2 32
5 6 -1 12 15 18 19
0 16 -1 9 30 1 31
5 6 -1 12 15 18 19
0 16 -1 9 30 0 30
5 6 -1 12 15 17 19
0 17 -1 9 29 59 29
5 6 -1 12 15 17 19
1 17 -1 8 29 58 28
5 6 -1 12 15 17 19
1 18 -1 8 28 57 27
5 6 -1 12 15 17 19
2 18 -1 8 27 56 26
5 6 -1 12 15 17 19
2 19 -1 8 27 55 25
5 6 -1 12 15 17 19
2 19 -1 7 26 54 24
5 6 -1 12 15 17 19
3 20 -1 7 26 53 23
5 6 -1 12 15 17 19
3 20 -1 7 25 53 23
5 6 -1 12 15 17 19
4 21 -1 7 25 52 22
5 6 -1 12 15 17 19
4 21 -1 7 24 51 21
5 6 -1 12 15 17 19
5 22 -1 6 23 50 20
5 6 -1 12 15 17 19
5 22 -1 6 23 49 19
5 6 -1 12 15 17 19
5 23 -1 6 22 48 18
5 6 -1 12 15 17 19
6 23 -1 6 22 48 18
5 6 -1 12 15 17 19
6 24 -1 6 21 47 17
5 6 -1 12 15 17 19
7 24 -1 6 21 46 16
5 6 -1 12 15 17 19
7 25 -1 6 20 45 15
5 6 -1 12 15 17 19
8 25 -1 6 20 45 15
5 6 -1 12 15 17 19
8 26 -1 6 19 44 14
5 6 -1 12 15 17 19
9 26 -1 5 19 43 13
5 6 -1 12 15 17 19
9 26 -1 5 19 43 13
31































1
По всем вопросам касающимся приложения обращайтесь по WhatsApp +79952867503
1
10.2026

      
	