1
For advertising or questions send us e-mail kogdanamaz@gmail.com 
31
4 6 -1 12 15 17 19
32 11 -1 7 22 58 31
4 6 -1 12 15 17 19
34 12 -1 6 20 56 29
4 6 -1 12 15 17 19
35 13 -1 6 19 54 27
4 6 -1 12 15 17 19
36 15 -1 6 17 52 25
4 6 -1 12 15 17 19
38 16 -1 5 16 50 23
4 6 -1 12 15 17 19
39 17 -1 5 15 48 21
4 6 -1 12 15 17 19
40 18 -1 5 13 47 20
4 6 -1 12 15 17 19
42 20 -1 5 12 45 18
4 6 -1 12 15 17 19
43 21 -1 4 11 43 16
4 6 -1 12 15 17 19
44 22 -1 4 9 41 14
4 6 -1 12 15 17 19
45 23 -1 4 8 39 12
4 6 -1 12 15 17 19
47 25 -1 3 6 38 11
4 6 -1 12 15 17 19
48 26 -1 3 5 36 9
4 6 -1 12 15 17 19
49 27 -1 3 4 34 7
4 6 -1 12 15 17 19
51 29 -1 3 2 32 5
4 6 -1 12 15 17 19
52 30 -1 3 1 31 4
4 6 -1 12 15 17 19
53 31 -1 2 0 29 2
4 6 -1 12 14 17 19
54 32 -1 2 58 27 0
4 6 -1 12 14 17 18
56 34 -1 2 57 26 59
4 6 -1 12 14 17 18
57 35 -1 2 56 24 57
4 6 -1 12 14 17 18
58 36 -1 2 54 22 56
4 6 -1 12 14 17 18
59 38 -1 1 53 21 54
5 6 -1 12 14 17 18
1 39 -1 1 52 19 52
5 6 -1 12 14 17 18
2 40 -1 1 51 17 51
5 6 -1 12 14 17 18
3 42 -1 1 49 16 50
5 6 -1 12 14 17 18
4 43 -1 1 48 14 48
5 6 -1 12 14 17 18
5 44 -1 1 47 13 47
5 6 -1 12 14 17 18
7 46 -1 1 46 11 45
5 6 -1 12 14 17 18
8 47 -1 1 44 10 44
5 6 -1 12 14 17 18
9 49 -1 1 43 8 43
5 6 -1 12 14 17 18
10 50 -1 1 42 7 41
31































1
По всем вопросам касающимся приложения обращайтесь по WhatsApp +79952867503
1
10.2026

      
	
