1
For advertising or questions send us e-mail kogdanamaz@gmail.com 
30
4 5 -1 12 15 18 19
12 36 -1 3 39 28 49
4 5 -1 12 15 18 19
13 37 -1 3 39 27 47
4 5 -1 12 15 18 19
14 37 -1 2 38 26 46
4 5 -1 12 15 18 19
14 38 -1 2 37 24 44
4 5 -1 12 15 18 19
15 39 -1 2 37 23 43
4 5 -1 12 15 18 19
16 39 -1 1 36 22 41
4 5 -1 12 15 18 19
17 40 -1 1 35 20 40
4 5 -1 12 15 18 19
18 41 -1 1 34 19 38
4 5 -1 12 15 18 19
19 41 -1 0 34 18 37
4 5 -1 12 15 18 19
19 42 -1 0 33 16 35
4 5 -1 12 15 18 19
20 43 -1 0 32 15 34
4 5 -1 11 15 18 19
21 43 -1 59 31 14 32
4 5 -1 11 15 18 19
22 44 -1 59 30 12 31
4 5 -1 11 15 18 19
23 45 -1 58 30 11 29
4 5 -1 11 15 18 19
23 45 -1 58 29 9 28
4 5 -1 11 15 18 19
24 46 -1 58 28 8 26
4 5 -1 11 15 18 19
24 46 -1 58 28 8 26
4 5 -1 11 15 18 19
26 47 -1 57 26 5 23
4 5 -1 11 15 18 19
27 48 -1 57 25 4 22
4 5 -1 11 15 18 19
27 49 -1 56 25 3 20
4 5 -1 11 15 18 19
28 49 -1 56 24 1 19
4 5 -1 11 15 18 19
29 50 -1 56 23 0 18
4 5 -1 11 15 17 19
30 51 -1 55 22 58 16
4 5 -1 11 15 17 19
30 51 -1 55 21 57 15
4 5 -1 11 15 17 19
31 52 -1 55 20 56 13
4 5 -1 11 15 17 19
32 53 -1 54 19 54 12
4 5 -1 11 15 17 19
33 53 -1 54 18 53 10
4 5 -1 11 15 17 19
33 54 -1 54 17 52 9
4 5 -1 11 15 17 19
34 55 -1 53 17 50 8
4 5 -1 11 15 17 19
35 55 -1 53 16 49 6
30






























1
По всем вопросам касающимся приложения обращайтесь по WhatsApp +79952867503
1
09.2026

      
	
