1
For advertising or questions send us e-mail kogdanamaz@gmail.com 
30
4 5 -1 11 15 18 19
4 25 -1 49 23 12 30
4 5 -1 11 15 18 19
4 25 -1 49 23 11 28
4 5 -1 11 15 18 19
5 26 -1 49 22 10 27
4 5 -1 11 15 18 19
6 26 -1 48 22 9 26
4 5 -1 11 15 18 19
7 27 -1 48 21 7 24
4 5 -1 11 15 18 19
7 28 -1 48 21 6 23
4 5 -1 11 15 18 19
8 28 -1 47 20 5 22
4 5 -1 11 15 18 19
9 29 -1 47 19 4 20
4 5 -1 11 15 18 19
9 29 -1 47 19 2 19
4 5 -1 11 15 18 19
10 30 -1 46 18 1 18
4 5 -1 11 15 18 19
11 30 -1 46 17 0 16
4 5 -1 11 15 17 19
11 31 -1 45 17 59 15
4 5 -1 11 15 17 19
12 31 -1 45 16 57 13
4 5 -1 11 15 17 19
13 32 -1 45 15 56 12
4 5 -1 11 15 17 19
13 33 -1 44 14 55 11
4 5 -1 11 15 17 19
14 33 -1 44 14 54 9
4 5 -1 11 15 17 19
14 33 -1 44 14 54 9
4 5 -1 11 15 17 19
15 34 -1 43 12 51 7
4 5 -1 11 15 17 19
16 35 -1 43 11 50 5
4 5 -1 11 15 17 19
17 35 -1 43 11 48 4
4 5 -1 11 15 17 19
17 36 -1 42 10 47 3
4 5 -1 11 15 17 19
18 36 -1 42 9 46 1
4 5 -1 11 15 17 19
19 37 -1 42 8 45 0
4 5 -1 11 15 17 18
19 38 -1 41 8 43 59
4 5 -1 11 15 17 18
20 38 -1 41 7 42 57
4 5 -1 11 15 17 18
20 39 -1 41 6 41 56
4 5 -1 11 15 17 18
21 39 -1 40 5 40 55
4 5 -1 11 15 17 18
22 40 -1 40 4 38 53
4 5 -1 11 15 17 18
22 40 -1 40 4 37 52
4 5 -1 11 15 17 18
23 41 -1 39 3 36 51
30






























1
По всем вопросам касающимся приложения обращайтесь по WhatsApp +79952867503
1
09.2026

      
	
