1
For advertising or questions send us e-mail kogdanamaz@gmail.com 
30
4 5 -1 12 15 18 20
11 38 -1 8 46 36 0
4 5 -1 12 15 18 19
12 39 -1 8 46 35 58
4 5 -1 12 15 18 19
13 40 -1 7 45 33 57
4 5 -1 12 15 18 19
14 41 -1 7 44 32 55
4 5 -1 12 15 18 19
15 42 -1 7 43 30 53
4 5 -1 12 15 18 19
16 42 -1 6 42 29 52
4 5 -1 12 15 18 19
17 43 -1 6 41 27 50
4 5 -1 12 15 18 19
18 44 -1 6 41 26 49
4 5 -1 12 15 18 19
19 45 -1 5 40 24 47
4 5 -1 12 15 18 19
19 45 -1 5 39 23 45
4 5 -1 12 15 18 19
20 46 -1 5 38 21 44
4 5 -1 12 15 18 19
21 47 -1 4 37 20 42
4 5 -1 12 15 18 19
22 48 -1 4 36 19 40
4 5 -1 12 15 18 19
23 49 -1 4 35 17 39
4 5 -1 12 15 18 19
24 49 -1 3 34 16 37
4 5 -1 12 15 18 19
25 50 -1 3 33 14 35
4 5 -1 12 15 18 19
25 50 -1 3 33 14 35
4 5 -1 12 15 18 19
27 52 -1 2 31 11 32
4 5 -1 12 15 18 19
28 52 -1 2 30 10 31
4 5 -1 12 15 18 19
29 53 -1 1 29 8 29
4 5 -1 12 15 18 19
30 54 -1 1 29 7 27
4 5 -1 12 15 18 19
31 55 -1 1 28 5 26
4 5 -1 12 15 18 19
31 56 -1 0 27 4 24
4 5 -1 12 15 18 19
32 56 -1 0 26 2 23
4 5 -1 12 15 18 19
33 57 -1 0 25 1 21
4 5 -1 11 15 17 19
34 58 -1 59 24 59 20
4 5 -1 11 15 17 19
35 59 -1 59 22 58 18
4 6 -1 11 15 17 19
36 0 -1 59 21 56 16
4 6 -1 11 15 17 19
37 0 -1 58 20 55 15
4 6 -1 11 15 17 19
37 1 -1 58 19 53 13
30






























1
По всем вопросам касающимся приложения обращайтесь по WhatsApp +79952867503
1
09.2026

      
	
