1
For advertising or questions send us e-mail kogdanamaz@gmail.com 
30
4 5 -1 11 15 18 19
9 31 -1 55 30 19 37
4 5 -1 11 15 18 19
10 31 -1 55 30 18 36
4 5 -1 11 15 18 19
10 32 -1 55 29 16 34
4 5 -1 11 15 18 19
11 32 -1 54 28 15 33
4 5 -1 11 15 18 19
12 33 -1 54 28 14 31
4 5 -1 11 15 18 19
13 33 -1 54 27 13 30
4 5 -1 11 15 18 19
13 34 -1 53 26 11 29
4 5 -1 11 15 18 19
14 35 -1 53 26 10 27
4 5 -1 11 15 18 19
15 35 -1 53 25 9 26
4 5 -1 11 15 18 19
15 36 -1 52 24 8 25
4 5 -1 11 15 18 19
16 36 -1 52 24 6 23
4 5 -1 11 15 18 19
17 37 -1 52 23 5 22
4 5 -1 11 15 18 19
18 37 -1 51 22 4 20
4 5 -1 11 15 18 19
18 38 -1 51 22 3 19
4 5 -1 11 15 18 19
19 39 -1 51 21 1 18
4 5 -1 11 15 18 19
20 39 -1 50 20 0 16
4 5 -1 11 15 18 19
20 39 -1 50 20 0 16
4 5 -1 11 15 17 19
21 40 -1 50 19 57 13
4 5 -1 11 15 17 19
22 41 -1 49 18 56 12
4 5 -1 11 15 17 19
22 42 -1 49 17 55 11
4 5 -1 11 15 17 19
23 42 -1 49 16 53 9
4 5 -1 11 15 17 19
24 43 -1 48 15 52 8
4 5 -1 11 15 17 19
24 43 -1 48 15 51 7
4 5 -1 11 15 17 19
25 44 -1 47 14 50 5
4 5 -1 11 15 17 19
26 44 -1 47 13 48 4
4 5 -1 11 15 17 19
26 45 -1 47 12 47 3
4 5 -1 11 15 17 19
27 46 -1 46 11 46 1
4 5 -1 11 15 17 19
27 46 -1 46 11 45 0
4 5 -1 11 15 17 18
28 47 -1 46 10 43 59
4 5 -1 11 15 17 18
29 47 -1 45 9 42 57
30






























1
По всем вопросам касающимся приложения обращайтесь по WhatsApp +79952867503
1
09.2026

      
	
