1
For advertising or questions send us e-mail kogdanamaz@gmail.com 
31
4 5 -1 11 15 17 19
37 59 -1 55 17 50 9
4 5 -1 11 15 17 19
37 59 -1 55 17 50 9
4 6 -1 11 15 17 19
39 1 -1 55 15 47 6
4 6 -1 11 15 17 19
40 2 -1 54 14 46 4
4 6 -1 11 15 17 19
41 2 -1 54 13 44 3
4 6 -1 11 15 17 19
41 3 -1 54 12 43 2
4 6 -1 11 15 17 19
42 4 -1 54 11 42 0
4 6 -1 11 15 17 18
43 5 -1 53 10 40 59
4 6 -1 11 15 17 18
44 6 -1 53 9 39 58
4 6 -1 11 15 17 18
44 6 -1 53 8 38 56
4 6 -1 11 15 17 18
45 7 -1 53 7 36 55
4 6 -1 11 15 17 18
46 8 -1 52 6 35 54
4 6 -1 11 15 17 18
47 9 -1 52 6 34 53
4 6 -1 11 15 17 18
47 10 -1 52 5 33 51
4 6 -1 11 15 17 18
48 10 -1 52 4 31 50
4 6 -1 11 15 17 18
49 11 -1 51 3 30 49
4 6 -1 11 15 17 18
50 12 -1 51 2 29 48
4 6 -1 11 15 17 18
51 13 -1 51 1 28 46
4 6 -1 11 15 17 18
51 14 -1 51 0 26 45
4 6 -1 11 14 17 18
52 14 -1 51 59 25 44
4 6 -1 11 14 17 18
53 15 -1 50 58 24 43
4 6 -1 11 14 17 18
54 16 -1 50 57 23 42
4 6 -1 11 14 17 18
54 17 -1 50 56 22 41
4 6 -1 11 14 17 18
55 18 -1 50 56 21 40
4 6 -1 11 14 17 18
56 19 -1 50 55 19 39
4 6 -1 11 14 17 18
57 20 -1 50 54 18 38
4 6 -1 11 14 17 18
58 21 -1 50 53 17 37
4 6 -1 11 14 17 18
58 21 -1 50 52 16 36
4 6 -1 11 14 17 18
59 22 -1 50 51 15 35
5 6 -1 11 14 17 18
0 23 -1 49 51 14 34
5 6 -1 11 14 17 18
0 23 -1 49 51 14 34
31































1
По всем вопросам касающимся приложения обращайтесь по WhatsApp +79952867503
1
10.2026

      
	
