1
For advertising or questions send us e-mail kogdanamaz@gmail.com 
31
4 5 -1 11 15 17 19
34 57 -1 53 14 47 6
4 5 -1 11 15 17 19
34 57 -1 53 14 47 6
4 5 -1 11 15 17 19
36 58 -1 52 12 44 3
4 5 -1 11 15 17 19
36 59 -1 52 11 43 2
4 6 -1 11 15 17 19
37 0 -1 51 10 41 1
4 6 -1 11 15 17 18
38 1 -1 51 9 40 59
4 6 -1 11 15 17 18
39 2 -1 51 8 38 58
4 6 -1 11 15 17 18
40 2 -1 50 7 37 56
4 6 -1 11 15 17 18
40 3 -1 50 6 36 55
4 6 -1 11 15 17 18
41 4 -1 50 5 34 54
4 6 -1 11 15 17 18
42 5 -1 50 4 33 52
4 6 -1 11 15 17 18
43 6 -1 49 3 32 51
4 6 -1 11 15 17 18
44 7 -1 49 2 30 50
4 6 -1 11 15 17 18
44 7 -1 49 1 29 49
4 6 -1 11 15 17 18
45 8 -1 49 0 28 47
4 6 -1 11 14 17 18
46 9 -1 48 59 26 46
4 6 -1 11 14 17 18
47 10 -1 48 58 25 45
4 6 -1 11 14 17 18
48 11 -1 48 57 24 44
4 6 -1 11 14 17 18
48 12 -1 48 56 23 42
4 6 -1 11 14 17 18
49 13 -1 48 55 21 41
4 6 -1 11 14 17 18
50 13 -1 48 54 20 40
4 6 -1 11 14 17 18
51 14 -1 47 53 19 39
4 6 -1 11 14 17 18
52 15 -1 47 52 18 38
4 6 -1 11 14 17 18
53 16 -1 47 52 17 37
4 6 -1 11 14 17 18
53 17 -1 47 51 16 36
4 6 -1 11 14 17 18
54 18 -1 47 50 14 35
4 6 -1 11 14 17 18
55 19 -1 47 49 13 34
4 6 -1 11 14 17 18
56 20 -1 47 48 12 33
4 6 -1 11 14 17 18
57 21 -1 47 47 11 32
4 6 -1 11 14 17 18
57 22 -1 47 46 10 31
4 6 -1 11 14 17 18
57 22 -1 47 46 10 31
31































1
По всем вопросам касающимся приложения обращайтесь по WhatsApp +79952867503
1
10.2026

      
	
