1
For advertising or questions send us e-mail kogdanamaz@gmail.com 
31
4 5 -1 11 15 17 19
38 59 -1 55 17 50 7
4 5 -1 11 15 17 19
38 59 -1 55 17 50 7
4 6 -1 11 15 17 19
39 0 -1 54 15 47 5
4 6 -1 11 15 17 19
40 1 -1 54 14 46 3
4 6 -1 11 15 17 19
41 1 -1 54 14 45 2
4 6 -1 11 15 17 19
41 2 -1 53 13 43 1
4 6 -1 11 15 17 18
42 3 -1 53 12 42 59
4 6 -1 11 15 17 18
43 4 -1 53 11 41 58
4 6 -1 11 15 17 18
44 4 -1 53 10 39 57
4 6 -1 11 15 17 18
44 5 -1 52 9 38 56
4 6 -1 11 15 17 18
45 6 -1 52 8 37 54
4 6 -1 11 15 17 18
46 7 -1 52 7 36 53
4 6 -1 11 15 17 18
47 7 -1 52 6 34 52
4 6 -1 11 15 17 18
47 8 -1 51 5 33 51
4 6 -1 11 15 17 18
48 9 -1 51 4 32 50
4 6 -1 11 15 17 18
49 10 -1 51 4 31 48
4 6 -1 11 15 17 18
49 10 -1 51 3 30 47
4 6 -1 11 15 17 18
50 11 -1 51 2 28 46
4 6 -1 11 15 17 18
51 12 -1 50 1 27 45
4 6 -1 11 15 17 18
52 13 -1 50 0 26 44
4 6 -1 11 14 17 18
52 14 -1 50 59 25 43
4 6 -1 11 14 17 18
53 14 -1 50 58 24 42
4 6 -1 11 14 17 18
54 15 -1 50 58 23 41
4 6 -1 11 14 17 18
55 16 -1 50 57 22 40
4 6 -1 11 14 17 18
55 17 -1 49 56 21 39
4 6 -1 11 14 17 18
56 18 -1 49 55 20 38
4 6 -1 11 14 17 18
57 19 -1 49 54 18 37
4 6 -1 11 14 17 18
57 19 -1 49 54 17 36
4 6 -1 11 14 17 18
58 20 -1 49 53 16 35
4 6 -1 11 14 17 18
59 21 -1 49 52 16 34
4 6 -1 11 14 17 18
59 21 -1 49 52 16 34
31































1
По всем вопросам касающимся приложения обращайтесь по WhatsApp +79952867503
1
10.2026

      
	
