1
For advertising or questions send us e-mail kogdanamaz@gmail.com 
30
4 5 -1 12 15 18 19
10 35 -1 2 39 28 49
4 5 -1 12 15 18 19
11 35 -1 2 38 26 47
4 5 -1 12 15 18 19
12 36 -1 1 37 25 46
4 5 -1 12 15 18 19
13 37 -1 1 37 24 44
4 5 -1 12 15 18 19
14 37 -1 1 36 22 42
4 5 -1 12 15 18 19
14 38 -1 0 35 21 41
4 5 -1 12 15 18 19
15 39 -1 0 34 20 39
4 5 -1 12 15 18 19
16 39 -1 0 34 18 38
4 5 -1 11 15 18 19
17 40 -1 59 33 17 36
4 5 -1 11 15 18 19
18 41 -1 59 32 15 35
4 5 -1 11 15 18 19
19 41 -1 59 31 14 33
4 5 -1 11 15 18 19
19 42 -1 58 30 13 32
4 5 -1 11 15 18 19
20 43 -1 58 30 11 30
4 5 -1 11 15 18 19
21 44 -1 57 29 10 29
4 5 -1 11 15 18 19
22 44 -1 57 28 9 27
4 5 -1 11 15 18 19
23 45 -1 57 27 7 26
4 5 -1 11 15 18 19
23 45 -1 57 27 7 26
4 5 -1 11 15 18 19
24 46 -1 56 25 4 23
4 5 -1 11 15 18 19
25 47 -1 56 24 3 21
4 5 -1 11 15 18 19
26 48 -1 55 24 2 20
4 5 -1 11 15 18 19
27 48 -1 55 23 0 18
4 5 -1 11 15 17 19
27 49 -1 55 22 59 17
4 5 -1 11 15 17 19
28 50 -1 54 21 57 16
4 5 -1 11 15 17 19
29 50 -1 54 20 56 14
4 5 -1 11 15 17 19
30 51 -1 54 19 55 13
4 5 -1 11 15 17 19
30 52 -1 53 18 53 11
4 5 -1 11 15 17 19
31 52 -1 53 17 52 10
4 5 -1 11 15 17 19
32 53 -1 53 16 50 8
4 5 -1 11 15 17 19
33 54 -1 52 15 49 7
4 5 -1 11 15 17 19
33 55 -1 52 15 48 6
30






























1
По всем вопросам касающимся приложения обращайтесь по WhatsApp +79952867503
1
09.2026

      
	
