1
For advertising or questions send us e-mail kogdanamaz@gmail.com 
30
4 5 -1 11 15 18 19
8 31 -1 57 33 22 41
4 5 -1 11 15 18 19
9 32 -1 57 32 21 40
4 5 -1 11 15 18 19
9 32 -1 57 32 19 38
4 5 -1 11 15 18 19
10 33 -1 56 31 18 37
4 5 -1 11 15 18 19
11 34 -1 56 30 17 36
4 5 -1 11 15 18 19
12 34 -1 56 30 15 34
4 5 -1 11 15 18 19
13 35 -1 55 29 14 33
4 5 -1 11 15 18 19
13 35 -1 55 28 13 31
4 5 -1 11 15 18 19
14 36 -1 54 28 11 30
4 5 -1 11 15 18 19
15 37 -1 54 27 10 28
4 5 -1 11 15 18 19
16 37 -1 54 26 9 27
4 5 -1 11 15 18 19
17 38 -1 53 25 7 25
4 5 -1 11 15 18 19
17 39 -1 53 25 6 24
4 5 -1 11 15 18 19
18 39 -1 53 24 5 22
4 5 -1 11 15 18 19
19 40 -1 52 23 3 21
4 5 -1 11 15 18 19
20 41 -1 52 22 2 20
4 5 -1 11 15 18 19
20 41 -1 52 22 2 20
4 5 -1 11 15 17 19
21 42 -1 51 21 59 17
4 5 -1 11 15 17 19
22 42 -1 51 20 58 15
4 5 -1 11 15 17 19
22 43 -1 51 19 57 14
4 5 -1 11 15 17 19
23 44 -1 50 18 55 12
4 5 -1 11 15 17 19
24 44 -1 50 17 54 11
4 5 -1 11 15 17 19
25 45 -1 50 16 53 10
4 5 -1 11 15 17 19
25 46 -1 49 15 51 8
4 5 -1 11 15 17 19
26 46 -1 49 15 50 7
4 5 -1 11 15 17 19
27 47 -1 48 14 49 5
4 5 -1 11 15 17 19
27 48 -1 48 13 47 4
4 5 -1 11 15 17 19
28 48 -1 48 12 46 3
4 5 -1 11 15 17 19
29 49 -1 47 11 45 1
4 5 -1 11 15 17 19
30 49 -1 47 10 43 0
30






























1
По всем вопросам касающимся приложения обращайтесь по WhatsApp +79952867503
1
09.2026

      
	
