1
For advertising or questions send us e-mail kogdanamaz@gmail.com 
30
4 5 -1 12 15 18 19
12 35 -1 1 36 25 44
4 5 -1 12 15 18 19
13 36 -1 0 36 24 43
4 5 -1 12 15 18 19
14 36 -1 0 35 22 41
4 5 -1 12 15 18 19
15 37 -1 0 34 21 40
4 5 -1 11 15 18 19
16 38 -1 59 34 20 38
4 5 -1 11 15 18 19
16 38 -1 59 33 19 37
4 5 -1 11 15 18 19
17 39 -1 59 32 17 35
4 5 -1 11 15 18 19
18 39 -1 58 32 16 34
4 5 -1 11 15 18 19
19 40 -1 58 31 15 33
4 5 -1 11 15 18 19
19 41 -1 58 30 13 31
4 5 -1 11 15 18 19
20 41 -1 57 29 12 30
4 5 -1 11 15 18 19
21 42 -1 57 29 11 28
4 5 -1 11 15 18 19
22 42 -1 57 28 9 27
4 5 -1 11 15 18 19
22 43 -1 56 27 8 25
4 5 -1 11 15 18 19
23 44 -1 56 26 7 24
4 5 -1 11 15 18 19
24 44 -1 56 26 6 23
4 5 -1 11 15 18 19
24 44 -1 56 26 6 23
4 5 -1 11 15 18 19
25 45 -1 55 24 3 20
4 5 -1 11 15 18 19
26 46 -1 55 23 2 18
4 5 -1 11 15 18 19
27 47 -1 54 22 0 17
4 5 -1 11 15 17 19
27 47 -1 54 22 59 16
4 5 -1 11 15 17 19
28 48 -1 53 21 58 14
4 5 -1 11 15 17 19
29 49 -1 53 20 56 13
4 5 -1 11 15 17 19
29 49 -1 53 19 55 11
4 5 -1 11 15 17 19
30 50 -1 52 18 54 10
4 5 -1 11 15 17 19
31 50 -1 52 17 52 9
4 5 -1 11 15 17 19
31 51 -1 52 17 51 7
4 5 -1 11 15 17 19
32 52 -1 51 16 50 6
4 5 -1 11 15 17 19
33 52 -1 51 15 48 5
4 5 -1 11 15 17 19
33 53 -1 51 14 47 3
30






























1
По всем вопросам касающимся приложения обращайтесь по WhatsApp +79952867503
1
09.2026

      
	
