1
For advertising or questions send us e-mail kogdanamaz@gmail.com 
31
4 5 -1 11 15 17 19
36 56 -1 52 15 48 4
4 5 -1 11 15 17 19
36 56 -1 52 15 48 4
4 5 -1 11 15 17 19
37 57 -1 52 13 45 2
4 5 -1 11 15 17 19
38 58 -1 51 12 44 0
4 5 -1 11 15 17 18
39 58 -1 51 11 42 59
4 5 -1 11 15 17 18
39 59 -1 51 10 41 58
4 6 -1 11 15 17 18
40 0 -1 51 10 40 56
4 6 -1 11 15 17 18
41 1 -1 50 9 39 55
4 6 -1 11 15 17 18
41 1 -1 50 8 37 54
4 6 -1 11 15 17 18
42 2 -1 50 7 36 53
4 6 -1 11 15 17 18
43 3 -1 50 6 35 52
4 6 -1 11 15 17 18
43 3 -1 49 5 34 50
4 6 -1 11 15 17 18
44 4 -1 49 4 32 49
4 6 -1 11 15 17 18
45 5 -1 49 3 31 48
4 6 -1 11 15 17 18
45 6 -1 49 3 30 47
4 6 -1 11 15 17 18
46 6 -1 48 2 29 46
4 6 -1 11 15 17 18
47 7 -1 48 1 28 45
4 6 -1 11 15 17 18
47 8 -1 48 0 27 44
4 6 -1 11 14 17 18
48 9 -1 48 59 25 43
4 6 -1 11 14 17 18
49 9 -1 48 58 24 41
4 6 -1 11 14 17 18
50 10 -1 47 58 23 40
4 6 -1 11 14 17 18
50 11 -1 47 57 22 39
4 6 -1 11 14 17 18
51 12 -1 47 56 21 38
4 6 -1 11 14 17 18
52 12 -1 47 55 20 37
4 6 -1 11 14 17 18
52 13 -1 47 54 19 37
4 6 -1 11 14 17 18
53 14 -1 47 54 18 36
4 6 -1 11 14 17 18
54 15 -1 47 53 17 35
4 6 -1 11 14 17 18
55 16 -1 47 52 16 34
4 6 -1 11 14 17 18
55 17 -1 46 51 15 33
4 6 -1 11 14 17 18
56 17 -1 46 51 14 32
4 6 -1 11 14 17 18
56 17 -1 46 51 14 32
31































1
По всем вопросам касающимся приложения обращайтесь по WhatsApp +79952867503
1
10.2026

      
	
