1
For advertising or questions send us e-mail kogdanamaz@gmail.com 
30
4 5 -1 12 15 18 19
15 38 -1 4 40 29 49
4 5 -1 12 15 18 19
16 39 -1 4 40 28 47
4 5 -1 12 15 18 19
17 39 -1 4 39 27 46
4 5 -1 12 15 18 19
17 40 -1 3 38 25 44
4 5 -1 12 15 18 19
18 41 -1 3 38 24 43
4 5 -1 12 15 18 19
19 41 -1 3 37 23 42
4 5 -1 12 15 18 19
20 42 -1 2 36 21 40
4 5 -1 12 15 18 19
21 43 -1 2 36 20 39
4 5 -1 12 15 18 19
21 43 -1 2 35 19 37
4 5 -1 12 15 18 19
22 44 -1 1 34 17 36
4 5 -1 12 15 18 19
23 45 -1 1 33 16 34
4 5 -1 12 15 18 19
24 45 -1 1 33 15 33
4 5 -1 12 15 18 19
24 46 -1 0 32 13 31
4 5 -1 12 15 18 19
25 46 -1 0 31 12 30
4 5 -1 12 15 18 19
26 47 -1 0 30 11 28
4 5 -1 11 15 18 19
27 48 -1 59 29 9 27
4 5 -1 11 15 18 19
27 48 -1 59 29 9 27
4 5 -1 11 15 18 19
28 49 -1 59 28 7 24
4 5 -1 11 15 18 19
29 50 -1 58 27 5 23
4 5 -1 11 15 18 19
30 50 -1 58 26 4 21
4 5 -1 11 15 18 19
30 51 -1 57 25 3 20
4 5 -1 11 15 18 19
31 52 -1 57 24 1 18
4 5 -1 11 15 18 19
32 52 -1 57 24 0 17
4 5 -1 11 15 17 19
32 53 -1 56 23 59 16
4 5 -1 11 15 17 19
33 53 -1 56 22 57 14
4 5 -1 11 15 17 19
34 54 -1 56 21 56 13
4 5 -1 11 15 17 19
35 55 -1 55 20 55 11
4 5 -1 11 15 17 19
35 55 -1 55 19 53 10
4 5 -1 11 15 17 19
36 56 -1 55 18 52 9
4 5 -1 11 15 17 19
37 57 -1 54 17 51 7
30






























1
По всем вопросам касающимся приложения обращайтесь по WhatsApp +79952867503
1
09.2026

      
	
