1
For advertising or questions send us e-mail kogdanamaz@gmail.com 
30
4 5 -1 12 15 18 19
16 40 -1 7 44 33 53
4 5 -1 12 15 18 19
17 41 -1 7 43 31 52
4 5 -1 12 15 18 19
18 42 -1 7 42 30 50
4 5 -1 12 15 18 19
19 42 -1 6 42 29 49
4 5 -1 12 15 18 19
20 43 -1 6 41 27 47
4 5 -1 12 15 18 19
20 44 -1 6 40 26 46
4 5 -1 12 15 18 19
21 44 -1 5 40 25 44
4 5 -1 12 15 18 19
22 45 -1 5 39 23 43
4 5 -1 12 15 18 19
23 46 -1 5 38 22 41
4 5 -1 12 15 18 19
24 46 -1 4 37 21 40
4 5 -1 12 15 18 19
25 47 -1 4 36 19 38
4 5 -1 12 15 18 19
25 48 -1 4 36 18 37
4 5 -1 12 15 18 19
26 48 -1 3 35 17 35
4 5 -1 12 15 18 19
27 49 -1 3 34 15 34
4 5 -1 12 15 18 19
28 50 -1 2 33 14 32
4 5 -1 12 15 18 19
28 50 -1 2 32 12 31
4 5 -1 12 15 18 19
28 50 -1 2 32 12 31
4 5 -1 12 15 18 19
30 52 -1 1 31 10 28
4 5 -1 12 15 18 19
31 52 -1 1 30 8 26
4 5 -1 12 15 18 19
32 53 -1 1 29 7 25
4 5 -1 12 15 18 19
32 54 -1 0 28 6 23
4 5 -1 12 15 18 19
33 54 -1 0 27 4 22
4 5 -1 12 15 18 19
34 55 -1 0 26 3 21
4 5 -1 11 15 18 19
35 56 -1 59 25 1 19
4 5 -1 11 15 18 19
35 56 -1 59 25 0 18
4 5 -1 11 15 17 19
36 57 -1 59 24 59 16
4 5 -1 11 15 17 19
37 58 -1 58 23 57 15
4 5 -1 11 15 17 19
38 58 -1 58 22 56 13
4 5 -1 11 15 17 19
38 59 -1 58 21 55 12
4 6 -1 11 15 17 19
39 0 -1 57 20 53 11
30






























1
По всем вопросам касающимся приложения обращайтесь по WhatsApp +79952867503
1
09.2026

      
	
