1
For advertising or questions send us e-mail kogdanamaz@gmail.com 
30
4 6 -1 13 17 20 22
57 56 -1 43 25 28 21
4 6 -1 13 17 20 22
59 58 -1 43 24 26 19
5 6 -1 13 17 20 22
1 59 -1 42 23 23 16
5 7 -1 13 17 20 22
3 1 -1 42 21 21 13
5 7 -1 13 17 20 22
6 2 -1 42 20 19 10
5 7 -1 13 17 20 22
8 4 -1 41 18 17 7
5 7 -1 13 17 20 22
10 6 -1 41 17 14 5
5 7 -1 13 17 20 22
12 7 -1 41 15 12 2
5 7 -1 13 17 20 21
14 9 -1 40 14 10 59
5 7 -1 13 17 20 21
16 10 -1 40 12 8 57
5 7 -1 13 17 20 21
18 12 -1 40 11 6 54
5 7 -1 13 17 20 21
20 13 -1 39 9 3 51
5 7 -1 13 17 20 21
22 15 -1 39 8 1 49
5 7 -1 13 17 19 21
24 16 -1 39 6 59 46
5 7 -1 13 17 19 21
26 18 -1 38 5 57 43
5 7 -1 13 17 19 21
28 20 -1 38 3 54 41
5 7 -1 13 17 19 21
30 21 -1 38 2 52 38
5 7 -1 13 17 19 21
32 23 -1 37 0 50 36
5 7 -1 13 16 19 21
34 24 -1 37 58 47 33
5 7 -1 13 16 19 21
36 26 -1 36 57 45 30
5 7 -1 13 16 19 21
37 27 -1 36 55 43 28
5 7 -1 13 16 19 21
39 29 -1 36 54 41 25
5 7 -1 13 16 19 21
41 30 -1 35 52 38 23
5 7 -1 13 16 19 21
43 32 -1 35 50 36 20
5 7 -1 13 16 19 21
45 34 -1 35 49 34 18
5 7 -1 13 16 19 21
46 35 -1 34 47 32 16
5 7 -1 13 16 19 21
48 37 -1 34 45 29 13
5 7 -1 13 16 19 21
50 38 -1 34 44 27 11
5 7 -1 13 16 19 21
52 40 -1 33 42 25 8
5 7 -1 13 16 19 21
53 41 -1 33 41 23 6
30






























1
По всем вопросам касающимся приложения обращайтесь по WhatsApp +79952867503
1
09.2026

      
	
