1
For advertising or questions send us e-mail kogdanamaz@gmail.com 
30
4 5 -1 12 15 18 19
15 38 -1 3 38 27 51
4 5 -1 12 15 18 19
16 38 -1 3 38 26 49
4 5 -1 12 15 18 19
17 39 -1 2 37 25 48
4 5 -1 12 15 18 19
18 40 -1 2 36 23 46
4 5 -1 12 15 18 19
19 40 -1 2 36 22 45
4 5 -1 12 15 18 19
19 41 -1 1 35 21 44
4 5 -1 12 15 18 19
20 41 -1 1 34 19 42
4 5 -1 12 15 18 19
21 42 -1 1 34 18 41
4 5 -1 12 15 18 19
22 43 -1 0 33 17 39
4 5 -1 12 15 18 19
22 43 -1 0 32 16 38
4 5 -1 12 15 18 19
23 44 -1 0 32 14 36
4 5 -1 11 15 18 19
24 44 -1 59 31 13 35
4 5 -1 11 15 18 19
25 45 -1 59 30 12 34
4 5 -1 11 15 18 19
25 45 -1 59 29 10 32
4 5 -1 11 15 18 19
26 46 -1 58 29 9 31
4 5 -1 11 15 18 19
27 47 -1 58 28 8 29
4 5 -1 11 15 18 19
27 47 -1 58 27 7 28
4 5 -1 11 15 18 19
28 48 -1 57 26 5 27
4 5 -1 11 15 18 19
29 48 -1 57 26 4 25
4 5 -1 11 15 18 19
29 49 -1 57 25 3 24
4 5 -1 11 15 18 19
30 50 -1 56 24 1 22
4 5 -1 11 15 18 19
31 50 -1 56 23 0 21
4 5 -1 11 15 17 19
31 51 -1 55 22 59 20
4 5 -1 11 15 17 19
32 51 -1 55 22 57 18
4 5 -1 11 15 17 19
33 52 -1 55 21 56 17
4 5 -1 11 15 17 19
33 53 -1 54 20 55 16
4 5 -1 11 15 17 19
34 53 -1 54 19 53 14
4 5 -1 11 15 17 19
35 54 -1 54 18 52 13
4 5 -1 11 15 17 19
35 55 -1 53 17 51 12
4 5 -1 11 15 17 19
36 55 -1 53 17 50 10
30






























1
По всем вопросам касающимся приложения обращайтесь по WhatsApp +79952867503
1
09.2026

      
	
