1
For advertising or questions send us e-mail kogdanamaz@gmail.com 
31
4 6 -1 11 15 17 19
40 1 -1 58 20 53 15
4 6 -1 11 15 17 19
41 2 -1 58 19 52 14
4 6 -1 11 15 17 19
42 3 -1 57 18 50 13
4 6 -1 11 15 17 19
43 4 -1 57 17 49 11
4 6 -1 11 15 17 19
43 4 -1 57 16 47 10
4 6 -1 11 15 17 19
44 5 -1 56 15 46 9
4 6 -1 11 15 17 19
45 6 -1 56 14 45 7
4 6 -1 11 15 17 19
46 7 -1 56 14 44 6
4 6 -1 11 15 17 19
46 7 -1 56 13 42 5
4 6 -1 11 15 17 19
47 8 -1 55 12 41 3
4 6 -1 11 15 17 19
48 9 -1 55 11 40 2
4 6 -1 11 15 17 19
49 10 -1 55 10 38 1
4 6 -1 11 15 17 19
49 10 -1 54 9 37 0
4 6 -1 11 15 17 18
50 11 -1 54 8 36 59
4 6 -1 11 15 17 18
51 12 -1 54 7 35 57
4 6 -1 11 15 17 18
51 13 -1 54 6 34 56
4 6 -1 11 15 17 18
52 13 -1 54 5 32 55
4 6 -1 11 15 17 18
53 14 -1 53 4 31 54
4 6 -1 11 15 17 18
54 15 -1 53 4 30 53
4 6 -1 11 15 17 18
54 16 -1 53 3 29 52
4 6 -1 11 15 17 18
55 17 -1 53 2 28 51
4 6 -1 11 15 17 18
56 17 -1 53 1 27 50
4 6 -1 11 15 17 18
57 18 -1 53 0 25 49
4 6 -1 11 14 17 18
57 19 -1 52 59 24 48
4 6 -1 11 14 17 18
58 20 -1 52 58 23 47
4 6 -1 11 14 17 18
59 21 -1 52 58 22 46
5 6 -1 11 14 17 18
0 22 -1 52 57 21 45
5 6 -1 11 14 17 18
0 23 -1 52 56 20 44
5 6 -1 11 14 17 18
1 23 -1 52 55 19 43
5 6 -1 11 14 17 18
2 24 -1 52 55 18 42
5 6 -1 11 14 17 18
3 25 -1 52 54 17 41
31































1
По всем вопросам касающимся приложения обращайтесь по WhatsApp +79952867503
1
10.2026

      
	
