1
For advertising or questions send us e-mail kogdanamaz@gmail.com 
31
4 6 -1 11 15 17 19
43 3 -1 59 22 55 16
4 6 -1 11 15 17 19
44 3 -1 59 21 54 15
4 6 -1 11 15 17 19
44 4 -1 59 20 52 13
4 6 -1 11 15 17 19
45 5 -1 59 20 51 12
4 6 -1 11 15 17 19
46 5 -1 58 19 50 11
4 6 -1 11 15 17 19
46 6 -1 58 18 48 9
4 6 -1 11 15 17 19
47 7 -1 58 17 47 8
4 6 -1 11 15 17 19
48 7 -1 57 16 46 7
4 6 -1 11 15 17 19
48 8 -1 57 15 45 6
4 6 -1 11 15 17 19
49 9 -1 57 14 44 5
4 6 -1 11 15 17 19
50 9 -1 57 13 42 3
4 6 -1 11 15 17 19
50 10 -1 56 13 41 2
4 6 -1 11 15 17 19
51 11 -1 56 12 40 1
4 6 -1 11 15 17 19
52 12 -1 56 11 39 0
4 6 -1 11 15 17 18
52 12 -1 56 10 38 59
4 6 -1 11 15 17 18
53 13 -1 55 9 36 58
4 6 -1 11 15 17 18
54 14 -1 55 8 35 57
4 6 -1 11 15 17 18
54 14 -1 55 8 34 56
4 6 -1 11 15 17 18
55 15 -1 55 7 33 54
4 6 -1 11 15 17 18
56 16 -1 55 6 32 53
4 6 -1 11 15 17 18
57 17 -1 54 5 31 52
4 6 -1 11 15 17 18
57 17 -1 54 4 30 51
4 6 -1 11 15 17 18
58 18 -1 54 3 29 50
4 6 -1 11 15 17 18
59 19 -1 54 3 28 49
4 6 -1 11 15 17 18
59 20 -1 54 2 27 49
5 6 -1 11 15 17 18
0 21 -1 54 1 26 48
5 6 -1 11 15 17 18
1 21 -1 54 0 25 47
5 6 -1 11 15 17 18
1 22 -1 54 0 24 46
5 6 -1 11 14 17 18
2 23 -1 54 59 23 45
5 6 -1 11 14 17 18
3 24 -1 53 58 22 44
5 6 -1 11 14 17 18
4 25 -1 53 58 21 43
31































1
По всем вопросам касающимся приложения обращайтесь по WhatsApp +79952867503
1
10.2026

      
	