1
For advertising or questions send us e-mail kogdanamaz@gmail.com 
31
5 6 -1 12 15 18 19
7 25 -1 22 45 18 38
5 6 -1 12 15 18 19
7 25 -1 22 45 17 36
5 6 -1 12 15 18 19
8 26 -1 22 44 16 35
5 6 -1 12 15 18 19
9 27 -1 21 43 14 34
5 6 -1 12 15 18 19
9 27 -1 21 42 13 33
5 6 -1 12 15 18 19
10 28 -1 21 41 12 31
5 6 -1 12 15 18 19
10 28 -1 20 41 11 30
5 6 -1 12 15 18 19
11 29 -1 20 40 10 29
5 6 -1 12 15 18 19
12 30 -1 20 39 9 28
5 6 -1 12 15 18 19
12 30 -1 20 38 7 27
5 6 -1 12 15 18 19
13 31 -1 19 37 6 26
5 6 -1 12 15 18 19
13 32 -1 19 37 5 25
5 6 -1 12 15 18 19
14 32 -1 19 36 4 24
5 6 -1 12 15 18 19
15 33 -1 19 35 3 22
5 6 -1 12 15 18 19
15 33 -1 18 34 2 21
5 6 -1 12 15 18 19
16 34 -1 18 33 1 20
5 6 -1 12 15 18 19
16 35 -1 18 33 0 19
5 6 -1 12 15 17 19
17 35 -1 18 32 58 18
5 6 -1 12 15 17 19
18 36 -1 17 31 57 17
5 6 -1 12 15 17 19
18 37 -1 17 30 56 16
5 6 -1 12 15 17 19
19 38 -1 17 30 55 15
5 6 -1 12 15 17 19
19 38 -1 17 29 54 14
5 6 -1 12 15 17 19
20 39 -1 17 28 53 14
5 6 -1 12 15 17 19
21 40 -1 17 27 52 13
5 6 -1 12 15 17 19
21 40 -1 17 27 51 12
5 6 -1 12 15 17 19
22 41 -1 16 26 51 11
5 6 -1 12 15 17 19
23 42 -1 16 25 50 10
5 6 -1 12 15 17 19
23 43 -1 16 25 49 9
5 6 -1 12 15 17 19
24 43 -1 16 24 48 9
5 6 -1 12 15 17 19
25 44 -1 16 23 47 8
5 6 -1 12 15 17 19
25 45 -1 16 23 46 7
31































1
По всем вопросам касающимся приложения обращайтесь по WhatsApp +79952867503
1
10.2026

      
	
