1
For advertising or questions send us e-mail kogdanamaz@gmail.com 
31
4 5 -1 11 15 17 19
37 57 -1 53 16 49 10
4 5 -1 11 15 17 19
38 57 -1 53 15 48 9
4 5 -1 11 15 17 19
38 58 -1 53 14 46 7
4 5 -1 11 15 17 19
39 59 -1 52 13 45 6
4 5 -1 11 15 17 19
40 59 -1 52 13 44 5
4 6 -1 11 15 17 19
40 0 -1 52 12 42 3
4 6 -1 11 15 17 19
41 1 -1 52 11 41 2
4 6 -1 11 15 17 19
42 1 -1 51 10 40 1
4 6 -1 11 15 17 19
42 2 -1 51 9 39 0
4 6 -1 11 15 17 18
43 3 -1 51 8 37 59
4 6 -1 11 15 17 18
44 3 -1 51 7 36 57
4 6 -1 11 15 17 18
44 4 -1 50 7 35 56
4 6 -1 11 15 17 18
45 5 -1 50 6 34 55
4 6 -1 11 15 17 18
46 6 -1 50 5 33 54
4 6 -1 11 15 17 18
46 6 -1 50 4 31 53
4 6 -1 11 15 17 18
47 7 -1 49 3 30 52
4 6 -1 11 15 17 18
48 8 -1 49 2 29 51
4 6 -1 11 15 17 18
48 8 -1 49 1 28 49
4 6 -1 11 15 17 18
49 9 -1 49 1 27 48
4 6 -1 11 15 17 18
50 10 -1 49 0 26 47
4 6 -1 11 14 17 18
50 11 -1 48 59 25 46
4 6 -1 11 14 17 18
51 11 -1 48 58 24 45
4 6 -1 11 14 17 18
52 12 -1 48 57 23 44
4 6 -1 11 14 17 18
53 13 -1 48 57 22 43
4 6 -1 11 14 17 18
53 14 -1 48 56 20 42
4 6 -1 11 14 17 18
54 15 -1 48 55 19 42
4 6 -1 11 14 17 18
55 15 -1 48 54 19 41
4 6 -1 11 14 17 18
55 16 -1 48 54 18 40
4 6 -1 11 14 17 18
56 17 -1 47 53 17 39
4 6 -1 11 14 17 18
57 18 -1 47 52 16 38
4 6 -1 11 14 17 18
57 19 -1 47 51 15 37
31































1
По всем вопросам касающимся приложения обращайтесь по WhatsApp +79952867503
1
10.2026

      
	