1
For advertising or questions send us e-mail kogdanamaz@gmail.com 
30
4 6 -1 12 16 19 21
26 7 -1 56 39 46 26
4 6 -1 12 16 19 21
29 9 -1 56 37 44 24
4 6 -1 12 16 19 21
31 10 -1 56 36 41 21
4 6 -1 12 16 19 21
33 12 -1 55 34 39 18
4 6 -1 12 16 19 21
35 14 -1 55 33 37 15
4 6 -1 12 16 19 21
37 15 -1 55 31 34 12
4 6 -1 12 16 19 21
39 17 -1 54 30 32 9
4 6 -1 12 16 19 21
42 19 -1 54 28 30 7
4 6 -1 12 16 19 21
44 20 -1 54 27 27 4
4 6 -1 12 16 19 21
46 22 -1 53 25 25 1
4 6 -1 12 16 19 20
48 24 -1 53 24 23 58
4 6 -1 12 16 19 20
50 25 -1 53 22 20 56
4 6 -1 12 16 19 20
52 27 -1 52 20 18 53
4 6 -1 12 16 19 20
52 27 -1 52 20 18 53
4 6 -1 12 16 19 20
56 30 -1 52 17 13 48
4 6 -1 12 16 19 20
58 32 -1 51 16 11 45
5 6 -1 12 16 19 20
0 34 -1 51 14 8 42
5 6 -1 12 16 19 20
2 35 -1 51 12 6 40
5 6 -1 12 16 19 20
4 37 -1 50 11 4 37
5 6 -1 12 16 19 20
5 39 -1 50 9 1 34
5 6 -1 12 16 18 20
7 40 -1 50 7 59 32
5 6 -1 12 16 18 20
9 42 -1 49 5 56 29
5 6 -1 12 16 18 20
11 44 -1 49 4 54 27
5 6 -1 12 16 18 20
13 45 -1 48 2 52 24
5 6 -1 12 16 18 20
15 47 -1 48 0 49 21
5 6 -1 12 15 18 20
17 49 -1 48 59 47 19
5 6 -1 12 15 18 20
19 50 -1 47 57 45 16
5 6 -1 12 15 18 20
20 52 -1 47 55 42 14
5 6 -1 12 15 18 20
20 52 -1 47 55 42 14
5 6 -1 12 15 18 20
24 55 -1 46 52 38 9
30






























1
По всем вопросам касающимся приложения обращайтесь по WhatsApp +79952867503
1
09.2026

      
	
