1
For advertising or questions send us e-mail kogdanamaz@gmail.com 
30
4 5 -1 11 15 17 18
44 53 -1 53 11 53 59
4 5 -1 11 15 17 18
44 53 -1 53 11 53 59
4 5 -1 11 15 17 18
43 52 -1 53 10 53 58
4 5 -1 11 15 17 18
42 51 -1 52 10 52 58
4 5 -1 11 15 17 18
42 51 -1 52 9 52 58
4 5 -1 11 15 17 18
42 50 -1 52 8 52 58
4 5 -1 11 15 17 18
41 50 -1 51 8 52 57
4 5 -1 11 15 17 18
41 49 -1 51 7 52 57
4 5 -1 11 15 17 18
40 49 -1 51 6 52 57
4 5 -1 11 15 17 18
40 48 -1 50 6 51 57
4 5 -1 11 15 17 18
39 48 -1 50 5 51 57
4 5 -1 11 15 17 18
39 47 -1 50 4 51 56
4 5 -1 11 15 17 18
38 47 -1 49 4 51 56
4 5 -1 11 15 17 18
38 46 -1 49 3 51 56
4 5 -1 11 15 17 18
37 46 -1 48 2 50 56
4 5 -1 11 15 17 18
37 46 -1 48 2 50 56
4 5 -1 11 15 17 18
37 45 -1 48 1 50 55
4 5 -1 11 15 17 18
36 44 -1 47 0 50 55
4 5 -1 11 14 17 18
35 43 -1 47 59 50 55
4 5 -1 11 14 17 18
35 43 -1 47 58 50 55
4 5 -1 11 14 17 18
34 42 -1 46 57 49 55
4 5 -1 11 14 17 18
34 42 -1 46 57 49 54
4 5 -1 11 14 17 18
33 41 -1 46 56 49 54
4 5 -1 11 14 17 18
32 41 -1 45 55 49 54
4 5 -1 11 14 17 18
32 40 -1 45 54 49 54
4 5 -1 11 14 17 18
31 40 -1 45 53 48 54
4 5 -1 11 14 17 18
31 39 -1 44 52 48 54
4 5 -1 11 14 17 18
30 39 -1 44 51 48 53
4 5 -1 11 14 17 18
30 38 -1 44 50 48 53
4 5 -1 11 14 17 18
29 38 -1 43 50 48 53
30






























1
По всем вопросам касающимся приложения обращайтесь по WhatsApp +79952867503
1
09.2026

      
	
