1
For advertising or questions send us e-mail kogdanamaz@gmail.com 
30
4 5 -1 11 15 17 19
46 55 -1 56 14 56 1
4 5 -1 11 15 17 19
46 55 -1 56 14 56 1
4 5 -1 11 15 17 19
46 54 -1 55 13 55 1
4 5 -1 11 15 17 19
45 54 -1 55 12 55 1
4 5 -1 11 15 17 19
45 53 -1 55 12 55 1
4 5 -1 11 15 17 19
44 53 -1 54 11 55 0
4 5 -1 11 15 17 19
44 52 -1 54 10 55 0
4 5 -1 11 15 17 19
43 52 -1 54 10 55 0
4 5 -1 11 15 17 19
43 51 -1 53 9 54 0
4 5 -1 11 15 17 18
42 51 -1 53 8 54 59
4 5 -1 11 15 17 18
42 50 -1 53 8 54 59
4 5 -1 11 15 17 18
41 50 -1 52 7 54 59
4 5 -1 11 15 17 18
41 49 -1 52 6 54 59
4 5 -1 11 15 17 18
40 49 -1 52 6 53 59
4 5 -1 11 15 17 18
40 48 -1 51 5 53 58
4 5 -1 11 15 17 18
40 48 -1 51 5 53 58
4 5 -1 11 15 17 18
39 48 -1 51 4 53 58
4 5 -1 11 15 17 18
38 47 -1 50 2 53 58
4 5 -1 11 15 17 18
38 46 -1 50 2 52 58
4 5 -1 11 15 17 18
37 46 -1 49 1 52 57
4 5 -1 11 15 17 18
37 45 -1 49 0 52 57
4 5 -1 11 14 17 18
36 45 -1 49 59 52 57
4 5 -1 11 14 17 18
36 44 -1 48 58 52 57
4 5 -1 11 14 17 18
35 44 -1 48 57 51 57
4 5 -1 11 14 17 18
35 43 -1 48 57 51 57
4 5 -1 11 14 17 18
34 43 -1 47 56 51 56
4 5 -1 11 14 17 18
34 42 -1 47 55 51 56
4 5 -1 11 14 17 18
33 41 -1 47 54 51 56
4 5 -1 11 14 17 18
33 41 -1 46 53 51 56
4 5 -1 11 14 17 18
32 40 -1 46 52 50 56
30






























1
По всем вопросам касающимся приложения обращайтесь по WhatsApp +79952867503
1
09.2026

      
	
