1
For advertising or questions send us e-mail kogdanamaz@gmail.com 
30
5 6 -1 12 15 18 19
23 32 -1 39 45 46 52
5 6 -1 12 15 18 19
23 32 -1 39 45 46 52
5 6 -1 12 15 18 19
23 31 -1 39 43 45 51
5 6 -1 12 15 18 19
23 31 -1 38 42 44 50
5 6 -1 12 15 18 19
22 31 -1 38 41 44 49
5 6 -1 12 15 18 19
22 31 -1 38 40 43 49
5 6 -1 12 15 18 19
22 31 -1 37 39 43 48
5 6 -1 12 15 18 19
22 30 -1 37 38 42 48
5 6 -1 12 15 18 19
22 30 -1 37 38 42 47
5 6 -1 12 15 18 19
22 30 -1 36 39 41 47
5 6 -1 12 15 18 19
22 30 -1 36 39 41 46
5 6 -1 12 15 18 19
21 30 -1 36 39 40 46
5 6 -1 12 15 18 19
21 29 -1 35 40 40 45
5 6 -1 12 15 18 19
21 29 -1 35 40 39 45
5 6 -1 12 15 18 19
21 29 -1 34 40 39 44
5 6 -1 12 15 18 19
21 29 -1 34 40 39 44
5 6 -1 12 15 18 19
21 29 -1 34 40 38 43
5 6 -1 12 15 18 19
20 28 -1 33 41 37 42
5 6 -1 12 15 18 19
20 28 -1 33 41 37 42
5 6 -1 12 15 18 19
20 28 -1 33 41 36 41
5 6 -1 12 15 18 19
20 28 -1 32 41 36 41
5 6 -1 12 15 18 19
20 28 -1 32 42 35 40
5 6 -1 12 15 18 19
19 27 -1 32 42 35 40
5 6 -1 12 15 18 19
19 27 -1 31 42 34 39
5 6 -1 12 15 18 19
19 27 -1 31 42 34 39
5 6 -1 12 15 18 19
19 27 -1 31 42 33 38
5 6 -1 12 15 18 19
19 27 -1 30 42 33 38
5 6 -1 12 15 18 19
18 26 -1 30 42 32 37
5 6 -1 12 15 18 19
18 26 -1 30 42 32 37
5 6 -1 12 15 18 19
18 26 -1 29 43 31 36
30






























1
По всем вопросам касающимся приложения обращайтесь по WhatsApp +79952867503
1
09.2026

      
	
