1
For advertising or questions send us e-mail kogdanamaz@gmail.com 
31
5 6 -1 12 15 18 19
4 12 -1 16 27 18 23
5 6 -1 12 15 18 19
4 12 -1 16 27 18 23
5 6 -1 12 15 18 19
4 12 -1 15 27 17 22
5 6 -1 12 15 18 19
3 11 -1 15 27 17 22
5 6 -1 12 15 18 19
3 11 -1 14 27 16 21
5 6 -1 12 15 18 19
3 11 -1 14 28 16 21
5 6 -1 12 15 18 19
3 11 -1 14 28 16 21
5 6 -1 12 15 18 19
2 11 -1 13 28 15 20
5 6 -1 12 15 18 19
2 10 -1 13 28 15 20
5 6 -1 12 15 18 19
2 10 -1 13 28 14 20
5 6 -1 12 15 18 19
2 10 -1 13 28 14 19
5 6 -1 12 15 18 19
2 10 -1 12 28 14 19
5 6 -1 12 15 18 19
1 10 -1 12 28 13 19
5 6 -1 12 15 18 19
1 10 -1 12 29 13 19
5 6 -1 12 15 18 19
1 9 -1 12 29 13 18
5 6 -1 12 15 18 19
1 9 -1 12 29 13 18
5 6 -1 12 15 18 19
1 9 -1 11 29 12 18
5 6 -1 12 15 18 19
0 9 -1 11 29 12 18
5 6 -1 12 15 18 19
0 9 -1 11 29 12 17
5 6 -1 12 15 18 19
0 9 -1 11 29 11 17
5 6 -1 12 15 18 19
0 9 -1 10 29 11 17
5 6 -1 12 15 18 19
0 9 -1 10 29 11 17
5 6 -1 12 15 18 19
0 9 -1 10 29 11 17
4 6 -1 12 15 18 19
59 9 -1 10 30 10 17
4 6 -1 12 15 18 19
59 9 -1 10 30 10 16
4 6 -1 12 15 18 19
59 9 -1 10 30 10 16
4 6 -1 12 15 18 19
59 9 -1 10 30 10 16
4 6 -1 12 15 18 19
59 9 -1 10 30 10 16
4 6 -1 12 15 18 19
59 9 -1 10 30 10 16
4 6 -1 12 15 18 19
59 9 -1 10 30 10 16
4 6 -1 12 15 18 19
59 9 -1 10 30 9 16
31































1
По всем вопросам касающимся приложения обращайтесь по WhatsApp +79952867503
1
10.2026

      
	