1
For advertising or questions send us e-mail kogdanamaz@gmail.com 
30
5 6 -1 12 15 18 19
7 15 -1 19 33 22 27
5 6 -1 12 15 18 19
7 15 -1 19 33 22 27
5 6 -1 12 15 18 19
6 15 -1 18 32 21 27
5 6 -1 12 15 18 19
6 14 -1 18 31 21 26
5 6 -1 12 15 18 19
6 14 -1 18 30 21 26
5 6 -1 12 15 18 19
5 14 -1 17 29 20 25
5 6 -1 12 15 18 19
5 13 -1 17 28 20 25
5 6 -1 12 15 18 19
5 13 -1 17 28 20 25
5 6 -1 12 15 18 19
5 13 -1 16 27 19 24
5 6 -1 12 15 18 19
4 12 -1 16 26 19 24
5 6 -1 12 15 18 19
4 12 -1 16 25 19 24
5 6 -1 12 15 18 19
4 11 -1 15 24 18 23
5 6 -1 12 15 18 19
3 11 -1 15 23 18 23
5 6 -1 12 15 18 19
3 11 -1 15 22 18 23
5 6 -1 12 15 18 19
2 10 -1 14 21 17 22
5 6 -1 12 15 18 19
2 10 -1 14 21 17 22
5 6 -1 12 15 18 19
2 10 -1 14 20 17 22
5 6 -1 12 15 18 19
1 9 -1 13 18 16 21
5 6 -1 12 15 18 19
1 9 -1 13 17 16 21
5 6 -1 12 15 18 19
1 8 -1 13 16 16 21
5 6 -1 12 15 18 19
0 8 -1 12 15 15 20
5 6 -1 12 15 18 19
0 8 -1 12 14 15 20
4 6 -1 12 15 18 19
59 7 -1 11 13 15 20
4 6 -1 12 15 18 19
59 7 -1 11 12 14 19
4 6 -1 12 15 18 19
59 7 -1 11 11 14 19
4 6 -1 12 15 18 19
58 6 -1 10 12 14 19
4 6 -1 12 15 18 19
58 6 -1 10 12 13 18
4 6 -1 12 15 18 19
58 5 -1 10 12 13 18
4 6 -1 12 15 18 19
57 5 -1 9 13 13 18
4 6 -1 12 15 18 19
57 5 -1 9 13 13 17
30






























1
По всем вопросам касающимся приложения обращайтесь по WhatsApp +79952867503
1
09.2026

      
	
