1
For advertising or questions send us e-mail kogdanamaz@gmail.com 
31
4 5 -1 11 14 17 18
14 23 -1 29 39 34 40
4 5 -1 11 14 17 18
13 22 -1 29 38 34 40
4 5 -1 11 14 17 18
13 22 -1 28 37 34 40
4 5 -1 11 14 17 18
12 21 -1 28 36 34 40
4 5 -1 11 14 17 18
11 21 -1 28 35 34 40
4 5 -1 11 14 17 18
11 20 -1 27 34 34 40
4 5 -1 11 14 17 18
10 20 -1 27 34 34 40
4 5 -1 11 14 17 18
10 19 -1 27 33 34 40
4 5 -1 11 14 17 18
9 19 -1 27 32 34 40
4 5 -1 11 14 17 18
9 18 -1 26 31 34 40
4 5 -1 11 14 17 18
8 18 -1 26 30 34 40
4 5 -1 11 14 17 18
7 17 -1 26 29 34 40
4 5 -1 11 14 17 18
7 17 -1 25 28 34 40
4 5 -1 11 14 17 18
6 16 -1 25 28 34 40
4 5 -1 11 14 17 18
6 16 -1 25 28 34 40
4 5 -1 11 14 17 18
5 15 -1 25 28 34 40
4 5 -1 11 14 17 18
5 15 -1 25 29 34 40
4 5 -1 11 14 17 18
4 14 -1 24 29 34 40
4 5 -1 11 14 17 18
4 14 -1 24 30 34 41
4 5 -1 11 14 17 18
3 13 -1 24 31 34 41
4 5 -1 11 14 17 18
3 13 -1 24 31 34 41
4 5 -1 11 14 17 18
2 13 -1 24 32 34 41
4 5 -1 11 14 17 18
2 12 -1 24 32 34 41
4 5 -1 11 14 17 18
2 12 -1 24 32 34 41
4 5 -1 11 14 17 18
1 12 -1 23 33 34 42
4 5 -1 11 14 17 18
0 11 -1 23 34 34 42
4 5 -1 11 14 17 18
0 11 -1 23 34 34 42
3 5 -1 11 14 17 18
59 11 -1 23 35 34 42
3 5 -1 11 14 17 18
59 10 -1 23 36 35 42
3 5 -1 11 14 17 18
59 10 -1 23 36 35 43
3 5 -1 11 14 17 18
58 10 -1 23 37 35 43
31































1
По всем вопросам касающимся приложения обращайтесь по WhatsApp +79952867503
1
10.2026

      
	