1
For advertising or questions send us e-mail kogdanamaz@gmail.com 
30
5 6 -1 12 15 18 19
2 10 -1 15 27 18 24
5 6 -1 12 15 18 19
2 10 -1 15 27 18 24
5 6 -1 12 15 18 19
1 10 -1 14 26 18 23
5 6 -1 12 15 18 19
1 9 -1 14 25 17 23
5 6 -1 12 15 18 19
1 9 -1 13 24 17 22
5 6 -1 12 15 18 19
0 9 -1 13 23 17 22
5 6 -1 12 15 18 19
0 8 -1 13 22 16 21
5 6 -1 12 15 18 19
0 8 -1 12 21 16 21
5 6 -1 12 15 18 19
0 8 -1 12 20 16 21
4 6 -1 12 15 18 19
59 7 -1 12 19 15 20
4 6 -1 12 15 18 19
59 7 -1 11 18 15 20
4 6 -1 12 15 18 19
59 7 -1 11 17 14 19
4 6 -1 12 15 18 19
58 6 -1 11 16 14 19
4 6 -1 12 15 18 19
58 6 -1 10 15 14 19
4 6 -1 12 15 18 19
58 6 -1 10 14 13 18
4 6 -1 12 15 18 19
58 6 -1 10 14 13 18
4 6 -1 12 15 18 19
57 5 -1 10 13 13 18
4 6 -1 12 15 18 19
57 5 -1 9 11 12 17
4 6 -1 12 15 18 19
56 4 -1 9 10 12 17
4 6 -1 12 15 18 19
56 4 -1 8 9 11 16
4 6 -1 12 15 18 19
56 4 -1 8 8 11 16
4 6 -1 12 15 18 19
55 3 -1 7 8 11 15
4 6 -1 12 15 18 19
55 3 -1 7 9 10 15
4 6 -1 12 15 18 19
55 3 -1 7 9 10 15
4 6 -1 12 15 18 19
54 2 -1 6 10 10 14
4 6 -1 12 15 18 19
54 2 -1 6 10 9 14
4 6 -1 12 15 18 19
54 2 -1 6 10 9 14
4 6 -1 12 15 18 19
53 1 -1 5 11 9 13
4 6 -1 12 15 18 19
53 1 -1 5 11 8 13
4 6 -1 12 15 18 19
53 1 -1 5 11 8 13
30






























1
По всем вопросам касающимся приложения обращайтесь по WhatsApp +79952867503
1
09.2026

      
	
