1
For advertising or questions send us e-mail kogdanamaz@gmail.com 
31
4 5 -1 11 14 17 19
39 47 -1 52 52 55 0
4 5 -1 11 14 17 19
38 46 -1 51 53 55 0
4 5 -1 11 14 17 19
37 46 -1 51 53 55 0
4 5 -1 11 14 17 19
37 45 -1 50 54 54 0
4 5 -1 11 14 17 18
37 45 -1 50 54 54 59
4 5 -1 11 14 17 18
36 44 -1 50 55 54 59
4 5 -1 11 14 17 18
36 44 -1 49 55 54 59
4 5 -1 11 14 17 18
35 44 -1 49 56 54 59
4 5 -1 11 14 17 18
35 43 -1 49 56 53 59
4 5 -1 11 14 17 18
34 43 -1 49 56 53 59
4 5 -1 11 14 17 18
34 43 -1 48 57 53 58
4 5 -1 11 14 17 18
34 42 -1 48 57 53 58
4 5 -1 11 14 17 18
33 42 -1 48 57 53 58
4 5 -1 11 14 17 18
33 42 -1 48 58 53 58
4 5 -1 11 14 17 18
32 41 -1 47 58 52 58
4 5 -1 11 14 17 18
32 41 -1 47 58 52 58
4 5 -1 11 14 17 18
32 41 -1 47 59 52 58
4 5 -1 11 14 17 18
31 40 -1 47 59 52 58
4 5 -1 11 15 17 18
31 40 -1 46 0 52 58
4 5 -1 11 15 17 18
31 40 -1 46 0 52 58
4 5 -1 11 15 17 18
30 40 -1 46 0 52 58
4 5 -1 11 15 17 18
30 39 -1 46 1 52 58
4 5 -1 11 15 17 18
30 39 -1 46 1 52 58
4 5 -1 11 15 17 18
29 39 -1 46 1 52 58
4 5 -1 11 15 17 18
29 39 -1 46 2 52 58
4 5 -1 11 15 17 18
29 39 -1 45 2 51 58
4 5 -1 11 15 17 18
28 38 -1 45 2 51 58
4 5 -1 11 15 17 18
28 38 -1 45 3 51 58
4 5 -1 11 15 17 18
28 38 -1 45 3 51 58
4 5 -1 11 15 17 18
28 38 -1 45 3 51 58
4 5 -1 11 15 17 18
28 38 -1 45 3 51 58
31































1
По всем вопросам касающимся приложения обращайтесь по WhatsApp +79952867503
1
10.2026

      
	
