1
For advertising or questions send us e-mail kogdanamaz@gmail.com 
31
4 5 -1 11 14 17 18
36 44 -1 49 54 54 59
4 5 -1 11 14 17 18
35 44 -1 49 53 54 59
4 5 -1 11 14 17 18
34 43 -1 48 52 53 59
4 5 -1 11 14 17 18
34 42 -1 48 51 53 59
4 5 -1 11 14 17 18
33 42 -1 48 50 53 58
4 5 -1 11 14 17 18
33 41 -1 48 49 53 58
4 5 -1 11 14 17 18
32 41 -1 47 49 53 58
4 5 -1 11 14 17 18
32 41 -1 47 49 53 58
4 5 -1 11 14 17 18
31 40 -1 47 50 53 58
4 5 -1 11 14 17 18
31 40 -1 46 50 52 58
4 5 -1 11 14 17 18
30 39 -1 46 51 52 58
4 5 -1 11 14 17 18
30 39 -1 46 51 52 58
4 5 -1 11 14 17 18
29 38 -1 46 52 52 58
4 5 -1 11 14 17 18
29 38 -1 45 52 52 58
4 5 -1 11 14 17 18
28 38 -1 45 53 52 58
4 5 -1 11 14 17 18
28 38 -1 45 53 52 58
4 5 -1 11 14 17 18
28 37 -1 45 53 52 58
4 5 -1 11 14 17 18
27 37 -1 45 54 52 58
4 5 -1 11 14 17 18
27 36 -1 44 55 52 58
4 5 -1 11 14 17 18
26 36 -1 44 55 52 58
4 5 -1 11 14 17 18
26 36 -1 44 55 52 58
4 5 -1 11 14 17 18
26 35 -1 44 56 52 58
4 5 -1 11 14 17 18
25 35 -1 44 56 52 58
4 5 -1 11 14 17 18
25 35 -1 44 57 52 58
4 5 -1 11 14 17 18
24 34 -1 44 57 52 59
4 5 -1 11 14 17 18
24 34 -1 43 58 52 59
4 5 -1 11 14 17 18
24 34 -1 43 58 52 59
4 5 -1 11 14 17 18
23 34 -1 43 58 52 59
4 5 -1 11 14 17 18
23 34 -1 43 59 52 59
4 5 -1 11 14 17 18
23 34 -1 43 59 52 59
4 5 -1 11 14 17 18
23 33 -1 43 59 52 59
31































1
По всем вопросам касающимся приложения обращайтесь по WhatsApp +79952867503
1
10.2026

      
	