1
For advertising or questions send us e-mail kogdanamaz@gmail.com 
31
4 5 -1 11 14 17 18
26 34 -1 40 48 45 50
4 5 -1 11 14 17 18
25 34 -1 40 47 45 50
4 5 -1 11 14 17 18
24 33 -1 39 45 44 50
4 5 -1 11 14 17 18
24 32 -1 39 44 44 50
4 5 -1 11 14 17 18
23 32 -1 38 43 44 50
4 5 -1 11 14 17 18
23 31 -1 38 42 44 50
4 5 -1 11 14 17 18
22 31 -1 38 41 44 50
4 5 -1 11 14 17 18
21 30 -1 38 40 44 50
4 5 -1 11 14 17 18
21 30 -1 37 39 44 50
4 5 -1 11 14 17 18
20 30 -1 37 38 44 50
4 5 -1 11 14 17 18
20 29 -1 37 39 44 50
4 5 -1 11 14 17 18
19 29 -1 37 40 44 50
4 5 -1 11 14 17 18
19 28 -1 36 40 43 50
4 5 -1 11 14 17 18
18 28 -1 36 41 43 50
4 5 -1 11 14 17 18
18 27 -1 36 41 43 50
4 5 -1 11 14 17 18
18 27 -1 36 41 43 50
4 5 -1 11 14 17 18
17 27 -1 36 42 43 50
4 5 -1 11 14 17 18
16 26 -1 35 43 43 50
4 5 -1 11 14 17 18
16 26 -1 35 43 43 50
4 5 -1 11 14 17 18
16 25 -1 35 44 43 50
4 5 -1 11 14 17 18
15 25 -1 35 44 43 50
4 5 -1 11 14 17 18
15 25 -1 35 45 43 50
4 5 -1 11 14 17 18
14 24 -1 34 45 43 50
4 5 -1 11 14 17 18
14 24 -1 34 46 43 51
4 5 -1 11 14 17 18
13 24 -1 34 46 44 51
4 5 -1 11 14 17 18
13 23 -1 34 47 44 51
4 5 -1 11 14 17 18
13 23 -1 34 47 44 51
4 5 -1 11 14 17 18
12 23 -1 34 48 44 51
4 5 -1 11 14 17 18
12 23 -1 34 48 44 51
4 5 -1 11 14 17 18
12 23 -1 34 48 44 51
4 5 -1 11 14 17 18
11 22 -1 34 49 44 52
31































1
По всем вопросам касающимся приложения обращайтесь по WhatsApp +79952867503
1
10.2026

      
	
