1
For advertising or questions send us e-mail kogdanamaz@gmail.com 
30
4 6 -1 12 16 19 21
22 7 -1 59 41 51 36
4 6 -1 12 16 19 21
24 9 -1 59 40 49 33
4 6 -1 12 16 19 21
27 10 -1 58 38 46 30
4 6 -1 12 16 19 21
29 12 -1 58 37 44 27
4 6 -1 12 16 19 21
31 14 -1 58 35 41 24
4 6 -1 12 16 19 21
34 16 -1 57 34 39 21
4 6 -1 12 16 19 21
36 18 -1 57 32 36 18
4 6 -1 12 16 19 21
38 19 -1 57 30 34 15
4 6 -1 12 16 19 21
40 21 -1 56 29 31 12
4 6 -1 12 16 19 21
43 23 -1 56 27 29 9
4 6 -1 12 16 19 21
45 25 -1 56 25 27 6
4 6 -1 12 16 19 21
47 26 -1 55 24 24 4
4 6 -1 12 16 19 21
49 28 -1 55 22 22 1
4 6 -1 12 16 19 21
49 28 -1 55 22 22 1
4 6 -1 12 16 19 20
54 32 -1 54 19 17 55
4 6 -1 12 16 19 20
56 34 -1 54 17 14 52
4 6 -1 12 16 19 20
58 35 -1 54 15 12 49
5 6 -1 12 16 19 20
0 37 -1 53 13 9 46
5 6 -1 12 16 19 20
2 39 -1 53 12 7 44
5 6 -1 12 16 19 20
4 41 -1 52 10 4 41
5 6 -1 12 16 19 20
6 42 -1 52 8 2 38
5 6 -1 12 16 18 20
8 44 -1 52 6 59 35
5 6 -1 12 16 18 20
10 46 -1 51 5 57 33
5 6 -1 12 16 18 20
12 48 -1 51 3 54 30
5 6 -1 12 16 18 20
14 50 -1 51 1 52 27
5 6 -1 12 15 18 20
16 51 -1 50 59 49 25
5 6 -1 12 15 18 20
18 53 -1 50 57 47 22
5 6 -1 12 15 18 20
20 55 -1 50 55 44 19
5 6 -1 12 15 18 20
20 55 -1 50 55 44 19
5 6 -1 12 15 18 20
24 59 -1 49 52 39 14
30






























1
По всем вопросам касающимся приложения обращайтесь по WhatsApp +79952867503
1
09.2026

      
	
