1
For advertising or questions send us e-mail kogdanamaz@gmail.com 
30
4 5 -1 11 14 17 18
30 39 -1 39 58 38 44
4 5 -1 11 14 17 18
30 39 -1 39 58 38 44
4 5 -1 11 14 17 18
29 38 -1 38 56 38 44
4 5 -1 11 14 17 18
28 37 -1 38 56 38 43
4 5 -1 11 14 17 18
28 37 -1 38 55 38 43
4 5 -1 11 14 17 18
27 36 -1 37 55 37 43
4 5 -1 11 14 17 18
27 36 -1 37 54 37 43
4 5 -1 11 14 17 18
26 35 -1 37 53 37 43
4 5 -1 11 14 17 18
26 35 -1 36 53 37 42
4 5 -1 11 14 17 18
25 34 -1 36 52 37 42
4 5 -1 11 14 17 18
25 33 -1 36 51 37 42
4 5 -1 11 14 17 18
24 33 -1 35 51 36 42
4 5 -1 11 14 17 18
24 32 -1 35 50 36 42
4 5 -1 11 14 17 18
23 32 -1 34 49 36 41
4 5 -1 11 14 17 18
23 31 -1 34 49 36 41
4 5 -1 11 14 17 18
23 31 -1 34 49 36 41
4 5 -1 11 14 17 18
22 31 -1 34 48 36 41
4 5 -1 11 14 17 18
21 30 -1 33 46 35 41
4 5 -1 11 14 17 18
21 29 -1 33 46 35 41
4 5 -1 11 14 17 18
20 29 -1 32 45 35 40
4 5 -1 11 14 17 18
20 28 -1 32 44 35 40
4 5 -1 11 14 17 18
19 28 -1 32 43 35 40
4 5 -1 11 14 17 18
19 27 -1 31 43 35 40
4 5 -1 11 14 17 18
18 26 -1 31 42 34 40
4 5 -1 11 14 17 18
17 26 -1 31 41 34 40
4 5 -1 11 14 17 18
17 25 -1 30 40 34 40
4 5 -1 11 14 17 18
16 25 -1 30 39 34 39
4 5 -1 11 14 17 18
16 24 -1 30 38 34 39
4 5 -1 11 14 17 18
15 24 -1 29 37 34 39
4 5 -1 11 14 17 18
15 23 -1 29 37 34 39
30






























1
По всем вопросам касающимся приложения обращайтесь по WhatsApp +79952867503
1
09.2026

      
	
