1
For advertising or questions send us e-mail kogdanamaz@gmail.com 
31
4 5 -1 11 14 17 18
5 14 -1 20 28 24 30
4 5 -1 11 14 17 18
5 13 -1 19 27 24 30
4 5 -1 11 14 17 18
3 12 -1 19 25 24 30
4 5 -1 11 14 17 18
3 12 -1 18 24 24 30
4 5 -1 11 14 17 18
2 11 -1 18 23 24 29
4 5 -1 11 14 17 18
2 11 -1 18 22 24 29
4 5 -1 11 14 17 18
1 10 -1 17 21 24 29
4 5 -1 11 14 17 18
1 10 -1 17 21 23 29
4 5 -1 11 14 17 18
0 9 -1 17 20 23 29
4 5 -1 11 14 17 18
0 9 -1 17 19 23 29
3 5 -1 11 14 17 18
59 8 -1 16 18 23 29
3 5 -1 11 14 17 18
59 8 -1 16 18 23 29
3 5 -1 11 14 17 18
58 8 -1 16 19 23 29
3 5 -1 11 14 17 18
58 7 -1 16 20 23 29
3 5 -1 11 14 17 18
57 7 -1 15 20 23 29
3 5 -1 11 14 17 18
57 7 -1 15 20 23 29
3 5 -1 11 14 17 18
57 6 -1 15 21 23 29
3 5 -1 11 14 17 18
56 5 -1 15 22 23 30
3 5 -1 11 14 17 18
55 5 -1 14 22 23 30
3 5 -1 11 14 17 18
55 5 -1 14 23 23 30
3 5 -1 11 14 17 18
54 4 -1 14 23 23 30
3 5 -1 11 14 17 18
54 4 -1 14 24 23 30
3 5 -1 11 14 17 18
53 4 -1 14 24 23 30
3 5 -1 11 14 17 18
53 3 -1 14 25 23 30
3 5 -1 11 14 17 18
52 3 -1 14 25 23 31
3 5 -1 11 14 17 18
52 3 -1 13 26 23 31
3 5 -1 11 14 17 18
52 2 -1 13 26 23 31
3 5 -1 11 14 17 18
51 2 -1 13 27 24 31
3 5 -1 11 14 17 18
51 2 -1 13 27 24 31
3 5 -1 11 14 17 18
51 2 -1 13 27 24 31
3 5 -1 11 14 17 18
51 2 -1 13 28 24 32
31































1
По всем вопросам касающимся приложения обращайтесь по WhatsApp +79952867503
1
10.2026

      
	