1
For advertising or questions send us e-mail kogdanamaz@gmail.com 
31
4 5 -1 11 14 17 18
21 29 -1 33 39 36 41
4 5 -1 11 14 17 18
21 29 -1 33 39 36 41
4 5 -1 11 14 17 18
20 28 -1 32 40 36 40
4 5 -1 11 14 17 18
20 28 -1 32 40 35 40
4 5 -1 11 14 17 18
19 27 -1 32 40 35 40
4 5 -1 11 14 17 18
19 27 -1 31 41 35 40
4 5 -1 11 14 17 18
19 27 -1 31 41 34 39
4 5 -1 11 14 17 18
18 26 -1 31 41 34 39
4 5 -1 11 14 17 18
18 26 -1 30 41 34 39
4 5 -1 11 14 17 18
18 26 -1 30 42 34 39
4 5 -1 11 14 17 18
17 26 -1 30 42 33 39
4 5 -1 11 14 17 18
17 25 -1 30 42 33 38
4 5 -1 11 14 17 18
17 25 -1 29 42 33 38
4 5 -1 11 14 17 18
16 25 -1 29 43 33 38
4 5 -1 11 14 17 18
16 25 -1 29 43 32 38
4 5 -1 11 14 17 18
16 25 -1 29 43 32 38
4 5 -1 11 14 17 18
16 24 -1 29 43 32 38
4 5 -1 11 14 17 18
15 24 -1 28 44 32 37
4 5 -1 11 14 17 18
15 24 -1 28 44 32 37
4 5 -1 11 14 17 18
15 24 -1 28 44 31 37
4 5 -1 11 14 17 18
14 23 -1 28 44 31 37
4 5 -1 11 14 17 18
14 23 -1 28 45 31 37
4 5 -1 11 14 17 18
14 23 -1 28 45 31 37
4 5 -1 11 14 17 18
14 23 -1 27 45 31 37
4 5 -1 11 14 17 18
13 23 -1 27 45 31 37
4 5 -1 11 14 17 18
13 23 -1 27 45 31 37
4 5 -1 11 14 17 18
13 23 -1 27 46 30 37
4 5 -1 11 14 17 18
13 23 -1 27 46 30 37
4 5 -1 11 14 17 18
13 22 -1 27 46 30 37
4 5 -1 11 14 17 18
13 22 -1 27 46 30 37
4 5 -1 11 14 17 18
13 22 -1 27 46 30 37
31































1
По всем вопросам касающимся приложения обращайтесь по WhatsApp +79952867503
1
10.2026

      
	
