1
For advertising or questions send us e-mail kogdanamaz@gmail.com 
31
4 5 -1 11 14 17 19
39 47 -1 52 56 57 2
4 5 -1 11 14 17 19
38 47 -1 52 55 57 2
4 5 -1 11 14 17 19
38 46 -1 52 54 57 2
4 5 -1 11 14 17 19
37 46 -1 52 53 56 2
4 5 -1 11 14 17 19
37 45 -1 51 52 56 2
4 5 -1 11 14 17 19
36 45 -1 51 52 56 2
4 5 -1 11 14 17 19
36 44 -1 51 53 56 1
4 5 -1 11 14 17 19
35 44 -1 50 53 56 1
4 5 -1 11 14 17 19
35 44 -1 50 54 56 1
4 5 -1 11 14 17 19
34 43 -1 50 54 56 1
4 5 -1 11 14 17 19
34 43 -1 50 55 55 1
4 5 -1 11 14 17 19
33 42 -1 49 55 55 1
4 5 -1 11 14 17 19
33 42 -1 49 56 55 1
4 5 -1 11 14 17 19
32 42 -1 49 56 55 1
4 5 -1 11 14 17 19
32 41 -1 49 56 55 1
4 5 -1 11 14 17 19
32 41 -1 48 57 55 1
4 5 -1 11 14 17 19
31 40 -1 48 57 55 1
4 5 -1 11 14 17 19
31 40 -1 48 58 55 1
4 5 -1 11 14 17 19
30 40 -1 48 58 55 1
4 5 -1 11 14 17 19
30 39 -1 48 59 55 1
4 5 -1 11 14 17 19
30 39 -1 47 59 55 1
4 5 -1 11 15 17 19
29 39 -1 47 0 55 1
4 5 -1 11 15 17 19
29 39 -1 47 0 55 1
4 5 -1 11 15 17 19
28 38 -1 47 0 55 1
4 5 -1 11 15 17 19
28 38 -1 47 1 55 2
4 5 -1 11 15 17 19
28 38 -1 47 1 55 2
4 5 -1 11 15 17 19
27 38 -1 47 2 55 2
4 5 -1 11 15 17 19
27 37 -1 47 2 55 2
4 5 -1 11 15 17 19
27 37 -1 46 2 55 2
4 5 -1 11 15 17 19
26 37 -1 46 3 55 2
4 5 -1 11 15 17 19
26 37 -1 46 3 55 2
31































1
По всем вопросам касающимся приложения обращайтесь по WhatsApp +79952867503
1
10.2026

      
	