1
For advertising or questions send us e-mail kogdanamaz@gmail.com 
31
4 6 -1 12 15 18 19
51 0 -1 6 16 11 17
4 5 -1 12 15 18 19
50 59 -1 5 15 11 17
4 5 -1 12 15 18 19
49 58 -1 5 14 11 17
4 5 -1 12 15 18 19
49 58 -1 5 13 11 17
4 5 -1 12 15 18 19
48 57 -1 4 12 11 17
4 5 -1 12 15 18 19
48 57 -1 4 12 11 17
4 5 -1 12 15 18 19
47 56 -1 4 11 11 17
4 5 -1 12 15 18 19
46 56 -1 4 10 11 17
4 5 -1 12 15 18 19
46 55 -1 3 9 11 17
4 5 -1 12 15 18 19
45 55 -1 3 8 11 17
4 5 -1 12 15 18 19
45 54 -1 3 7 11 17
4 5 -1 12 15 18 19
44 54 -1 3 6 10 17
4 5 -1 12 15 18 19
44 53 -1 2 5 10 17
4 5 -1 12 15 18 19
43 53 -1 2 5 10 17
4 5 -1 12 15 18 19
42 52 -1 2 4 10 17
4 5 -1 12 15 18 19
42 52 -1 2 5 10 17
4 5 -1 12 15 18 19
41 51 -1 1 6 11 17
4 5 -1 12 15 18 19
41 51 -1 1 6 11 17
4 5 -1 12 15 18 19
40 51 -1 1 7 11 18
4 5 -1 12 15 18 19
40 50 -1 1 7 11 18
4 5 -1 12 15 18 19
39 50 -1 1 8 11 18
4 5 -1 12 15 18 19
39 49 -1 1 8 11 18
4 5 -1 12 15 18 19
38 49 -1 0 9 11 18
4 5 -1 12 15 18 19
38 49 -1 0 10 11 18
4 5 -1 12 15 18 19
37 48 -1 0 10 11 19
4 5 -1 12 15 18 19
37 48 -1 0 11 11 19
4 5 -1 12 15 18 19
37 48 -1 0 11 11 19
4 5 -1 12 15 18 19
36 47 -1 0 12 11 19
4 5 -1 12 15 18 19
36 47 -1 0 12 12 20
4 5 -1 12 15 18 19
35 47 -1 0 13 12 20
4 5 -1 12 15 18 19
35 47 -1 0 13 12 20
31































1
По всем вопросам касающимся приложения обращайтесь по WhatsApp +79952867503
1
10.2026

      
	
