1
For advertising or questions send us e-mail kogdanamaz@gmail.com 
30
4 6 -1 12 15 18 19
54 3 -1 11 15 18 24
4 6 -1 12 15 18 19
54 3 -1 11 14 18 24
4 6 -1 12 15 18 19
54 2 -1 10 13 17 23
4 6 -1 12 15 18 19
53 2 -1 10 12 17 23
4 6 -1 12 15 18 19
53 2 -1 10 12 16 22
4 6 -1 12 15 18 19
53 2 -1 9 12 16 22
4 6 -1 12 15 18 19
53 2 -1 9 13 15 21
4 6 -1 12 15 18 19
53 2 -1 9 13 15 20
4 6 -1 12 15 18 19
53 2 -1 8 13 14 20
4 6 -1 12 15 18 19
53 1 -1 8 13 14 19
4 6 -1 12 15 18 19
53 1 -1 8 13 14 19
4 6 -1 12 15 18 19
53 1 -1 8 14 13 19
4 6 -1 12 15 18 19
53 1 -1 7 14 12 17
4 6 -1 12 15 18 19
52 1 -1 7 14 12 17
4 6 -1 12 15 18 19
52 1 -1 6 14 11 16
4 6 -1 12 15 18 19
52 0 -1 6 15 10 16
4 6 -1 12 15 18 19
52 0 -1 6 15 10 15
4 6 -1 12 15 18 19
52 0 -1 5 15 9 15
4 6 -1 12 15 18 19
52 0 -1 5 15 9 14
4 6 -1 12 15 18 19
52 0 -1 5 15 8 13
4 6 -1 12 15 18 19
51 0 -1 4 15 8 13
4 5 -1 12 15 18 19
51 59 -1 4 15 7 12
4 5 -1 12 15 18 19
51 59 -1 3 16 7 12
4 5 -1 12 15 18 19
51 59 -1 3 16 6 11
4 5 -1 12 15 18 19
51 59 -1 3 16 6 11
4 5 -1 12 15 18 19
51 59 -1 3 16 6 11
4 5 -1 12 15 18 19
50 59 -1 2 16 4 10
4 5 -1 12 15 18 19
50 58 -1 2 16 4 9
4 5 -1 12 15 18 19
50 58 -1 1 16 3 9
4 5 -1 12 15 18 19
50 58 -1 1 16 3 8
30






























1
По всем вопросам касающимся приложения обращайтесь по WhatsApp +79952867503
1
09.2026

      
	
