1
For advertising or questions send us e-mail kogdanamaz@gmail.com 
31
5 6 -1 12 15 18 19
13 22 -1 28 38 33 39
5 6 -1 12 15 18 19
12 21 -1 28 37 33 39
5 6 -1 12 15 18 19
12 21 -1 27 36 33 39
5 6 -1 12 15 18 19
11 20 -1 27 35 33 39
5 6 -1 12 15 18 19
10 20 -1 27 35 33 39
5 6 -1 12 15 18 19
10 19 -1 26 34 33 39
5 6 -1 12 15 18 19
9 19 -1 26 33 33 39
5 6 -1 12 15 18 19
9 18 -1 26 32 33 39
5 6 -1 12 15 18 19
8 17 -1 26 31 33 39
5 6 -1 12 15 18 19
7 17 -1 25 30 33 39
5 6 -1 12 15 18 19
7 16 -1 25 29 33 39
5 6 -1 12 15 18 19
6 16 -1 25 29 33 39
5 6 -1 12 15 18 19
6 16 -1 25 28 33 39
5 6 -1 12 15 18 19
5 15 -1 24 27 33 39
5 6 -1 12 15 18 19
5 15 -1 24 27 33 39
5 6 -1 12 15 18 19
4 14 -1 24 27 33 39
5 6 -1 12 15 18 19
4 14 -1 24 28 33 39
5 6 -1 12 15 18 19
3 13 -1 23 28 33 40
5 6 -1 12 15 18 19
3 13 -1 23 29 33 40
5 6 -1 12 15 18 19
2 12 -1 23 30 33 40
5 6 -1 12 15 18 19
2 12 -1 23 30 33 40
5 6 -1 12 15 18 19
1 12 -1 23 31 33 40
5 6 -1 12 15 18 19
1 11 -1 23 31 33 40
5 6 -1 12 15 18 19
1 11 -1 23 31 33 40
5 6 -1 12 15 18 19
0 11 -1 22 32 33 41
4 6 -1 12 15 18 19
59 10 -1 22 33 33 41
4 6 -1 12 15 18 19
59 10 -1 22 33 33 41
4 6 -1 12 15 18 19
58 10 -1 22 34 34 41
4 6 -1 12 15 18 19
58 9 -1 22 34 34 42
4 6 -1 12 15 18 19
58 9 -1 22 35 34 42
4 6 -1 12 15 18 19
57 9 -1 22 36 34 42
31































1
По всем вопросам касающимся приложения обращайтесь по WhatsApp +79952867503
1
10.2026

      
	