1
For advertising or questions send us e-mail kogdanamaz@gmail.com 
31
4 5 -1 11 15 17 19
40 56 -1 54 17 50 3
4 5 -1 11 15 17 19
40 56 -1 53 17 49 2
4 5 -1 11 15 17 19
41 57 -1 53 16 48 1
4 5 -1 11 15 17 19
41 57 -1 53 15 47 0
4 5 -1 11 15 17 18
42 58 -1 52 15 46 59
4 5 -1 11 15 17 18
42 58 -1 52 14 45 58
4 5 -1 11 15 17 18
43 59 -1 52 13 44 57
4 5 -1 11 15 17 18
43 59 -1 52 12 43 56
4 6 -1 11 15 17 18
44 0 -1 51 12 41 55
4 6 -1 11 15 17 18
44 0 -1 51 11 40 53
4 6 -1 11 15 17 18
45 1 -1 51 10 39 52
4 6 -1 11 15 17 18
45 1 -1 51 10 38 51
4 6 -1 11 15 17 18
46 2 -1 50 9 37 50
4 6 -1 11 15 17 18
46 3 -1 50 8 36 49
4 6 -1 11 15 17 18
47 3 -1 50 7 35 48
4 6 -1 11 15 17 18
47 4 -1 50 7 34 48
4 6 -1 11 15 17 18
48 4 -1 49 6 33 47
4 6 -1 11 15 17 18
48 5 -1 49 5 32 46
4 6 -1 11 15 17 18
49 5 -1 49 5 31 45
4 6 -1 11 15 17 18
49 6 -1 49 4 30 44
4 6 -1 11 15 17 18
50 7 -1 49 3 29 43
4 6 -1 11 15 17 18
50 7 -1 49 3 28 42
4 6 -1 11 15 17 18
51 8 -1 48 2 28 41
4 6 -1 11 15 17 18
51 8 -1 48 1 27 40
4 6 -1 11 15 17 18
52 9 -1 48 1 26 40
4 6 -1 11 15 17 18
53 10 -1 48 0 25 39
4 6 -1 11 15 17 18
53 10 -1 48 0 24 38
4 6 -1 11 14 17 18
54 11 -1 48 59 23 37
4 6 -1 11 14 17 18
54 12 -1 48 58 22 37
4 6 -1 11 14 17 18
55 12 -1 48 58 22 36
4 6 -1 11 14 17 18
55 13 -1 48 57 21 35
31































1
По всем вопросам касающимся приложения обращайтесь по WhatsApp +79952867503
1
10.2026

      
	