1
For advertising or questions send us e-mail kogdanamaz@gmail.com 
30
4 5 -1 12 17 19 20
48 58 -1 32 10 5 36
4 5 -1 12 17 19 20
50 59 -1 32 9 4 35
4 6 -1 12 17 19 20
51 0 -1 32 8 2 33
4 6 -1 12 17 19 20
52 1 -1 31 6 0 31
4 6 -1 12 17 18 20
54 2 -1 31 5 59 29
4 6 -1 12 17 18 20
55 3 -1 31 4 57 27
4 6 -1 12 17 18 20
56 4 -1 30 2 55 25
4 6 -1 12 17 18 20
57 5 -1 30 1 54 23
4 6 -1 12 17 18 20
59 6 -1 30 0 52 21
5 6 -1 12 16 18 20
0 7 -1 29 58 50 19
5 6 -1 12 16 18 20
1 8 -1 29 57 48 17
5 6 -1 12 16 18 20
2 9 -1 29 56 47 15
5 6 -1 12 16 18 20
4 10 -1 28 54 45 13
5 6 -1 12 16 18 20
5 11 -1 28 53 43 11
5 6 -1 12 16 18 20
6 12 -1 28 51 42 10
5 6 -1 12 16 18 20
7 13 -1 27 50 40 8
5 6 -1 12 16 18 20
8 14 -1 27 49 38 6
5 6 -1 12 16 18 20
10 15 -1 27 47 36 4
5 6 -1 12 16 18 20
11 16 -1 26 46 35 2
5 6 -1 12 16 18 20
12 17 -1 26 44 33 0
5 6 -1 12 16 18 19
13 18 -1 25 43 31 58
5 6 -1 12 16 18 19
14 19 -1 25 41 30 57
5 6 -1 12 16 18 19
15 20 -1 25 40 28 55
5 6 -1 12 16 18 19
17 21 -1 24 38 26 53
5 6 -1 12 16 18 19
18 22 -1 24 37 24 51
5 6 -1 12 16 18 19
19 23 -1 24 35 23 49
5 6 -1 12 16 18 19
20 24 -1 23 34 21 47
5 6 -1 12 16 18 19
21 25 -1 23 33 19 46
5 6 -1 12 16 18 19
22 26 -1 23 31 18 44
5 6 -1 12 16 18 19
23 27 -1 22 30 16 42
30






























1
По всем вопросам касающимся приложения обращайтесь по WhatsApp +79952867503
1
09.2026

      
	
