1
For advertising or questions send us e-mail kogdanamaz@gmail.com 
30
4 5 -1 12 15 18 19
39 51 -1 6 24 19 28
4 5 -1 12 15 18 19
40 51 -1 6 24 18 27
4 5 -1 12 15 18 19
40 52 -1 5 24 18 26
4 5 -1 12 15 18 19
40 52 -1 5 24 17 25
4 5 -1 12 15 18 19
40 52 -1 5 24 16 25
4 5 -1 12 15 18 19
40 52 -1 4 24 15 24
4 5 -1 12 15 18 19
41 52 -1 4 24 14 23
4 5 -1 12 15 18 19
41 52 -1 4 24 14 22
4 5 -1 12 15 18 19
41 52 -1 3 23 13 21
4 5 -1 12 15 18 19
41 52 -1 3 23 12 20
4 5 -1 12 15 18 19
41 53 -1 2 23 11 19
4 5 -1 12 15 18 19
42 53 -1 2 23 10 18
4 5 -1 12 15 18 19
42 53 -1 2 23 10 18
4 5 -1 12 15 18 19
42 53 -1 1 22 9 17
4 5 -1 12 15 18 19
42 53 -1 1 22 8 16
4 5 -1 12 15 18 19
42 53 -1 1 22 7 15
4 5 -1 12 15 18 19
42 53 -1 0 22 6 14
4 5 -1 12 15 18 19
43 53 -1 0 22 5 13
4 5 -1 12 15 18 19
43 53 -1 0 21 5 12
4 5 -1 11 15 18 19
43 54 -1 59 21 4 11
4 5 -1 11 15 18 19
43 54 -1 59 21 3 11
4 5 -1 11 15 18 19
43 54 -1 59 20 2 10
4 5 -1 11 15 18 19
43 54 -1 58 20 1 9
4 5 -1 11 15 18 19
43 54 -1 58 20 1 8
4 5 -1 11 15 18 19
44 54 -1 58 20 0 7
4 5 -1 11 15 17 19
44 54 -1 57 19 59 6
4 5 -1 11 15 17 19
44 54 -1 57 19 58 6
4 5 -1 11 15 17 19
44 55 -1 57 19 57 5
4 5 -1 11 15 17 19
44 55 -1 56 18 56 4
4 5 -1 11 15 17 19
44 55 -1 56 18 56 3
30






























1
По всем вопросам касающимся приложения обращайтесь по WhatsApp +79952867503
1
09.2026

      
	
