1
For advertising or questions send us e-mail kogdanamaz@gmail.com 
30
4 5 -1 12 15 18 19
34 46 -1 0 18 13 22
4 5 -1 12 15 18 19
34 46 -1 0 18 12 21
4 5 -1 11 15 18 19
34 46 -1 59 18 12 20
4 5 -1 11 15 18 19
34 46 -1 59 18 11 19
4 5 -1 11 15 18 19
35 46 -1 59 18 10 18
4 5 -1 11 15 18 19
35 46 -1 58 18 9 18
4 5 -1 11 15 18 19
35 46 -1 58 17 8 17
4 5 -1 11 15 18 19
35 47 -1 58 17 8 16
4 5 -1 11 15 18 19
35 47 -1 57 17 7 15
4 5 -1 11 15 18 19
36 47 -1 57 17 6 14
4 5 -1 11 15 18 19
36 47 -1 57 17 5 13
4 5 -1 11 15 18 19
36 47 -1 56 17 4 12
4 5 -1 11 15 18 19
36 47 -1 56 17 4 12
4 5 -1 11 15 18 19
36 47 -1 56 16 3 11
4 5 -1 11 15 18 19
36 47 -1 55 16 2 10
4 5 -1 11 15 18 19
37 47 -1 55 16 1 9
4 5 -1 11 15 18 19
37 47 -1 55 16 0 8
4 5 -1 11 15 18 19
37 48 -1 54 15 0 7
4 5 -1 11 15 17 19
37 48 -1 54 15 59 6
4 5 -1 11 15 17 19
37 48 -1 53 15 58 6
4 5 -1 11 15 17 19
37 48 -1 53 15 57 5
4 5 -1 11 15 17 19
37 48 -1 53 14 56 4
4 5 -1 11 15 17 19
38 48 -1 52 14 55 3
4 5 -1 11 15 17 19
38 48 -1 52 14 55 2
4 5 -1 11 15 17 19
38 48 -1 52 14 54 1
4 5 -1 11 15 17 19
38 48 -1 51 13 53 1
4 5 -1 11 15 17 19
38 49 -1 51 13 52 0
4 5 -1 11 15 17 18
38 49 -1 51 13 51 59
4 5 -1 11 15 17 18
38 49 -1 50 12 51 58
4 5 -1 11 15 17 18
39 49 -1 50 12 50 57
30






























1
По всем вопросам касающимся приложения обращайтесь по WhatsApp +79952867503
1
09.2026

      
	
