1
For advertising or questions send us e-mail kogdanamaz@gmail.com 
30
4 5 -1 12 15 18 19
33 48 -1 6 32 23 34
4 5 -1 12 15 18 19
34 48 -1 6 32 22 33
4 5 -1 12 15 18 19
34 49 -1 6 31 21 32
4 5 -1 12 15 18 19
35 49 -1 5 31 20 31
4 5 -1 12 15 18 19
35 49 -1 5 31 19 30
4 5 -1 12 15 18 19
35 50 -1 5 30 18 29
4 5 -1 12 15 18 19
36 50 -1 4 30 17 28
4 5 -1 12 15 18 19
36 50 -1 4 30 16 27
4 5 -1 12 15 18 19
37 50 -1 4 29 15 26
4 5 -1 12 15 18 19
37 51 -1 3 29 14 25
4 5 -1 12 15 18 19
37 51 -1 3 29 13 24
4 5 -1 12 15 18 19
38 51 -1 2 28 12 23
4 5 -1 12 15 18 19
38 51 -1 2 28 12 22
4 5 -1 12 15 18 19
38 52 -1 2 28 11 21
4 5 -1 12 15 18 19
39 52 -1 1 27 10 20
4 5 -1 12 15 18 19
39 52 -1 1 27 9 19
4 5 -1 12 15 18 19
39 53 -1 1 26 8 18
4 5 -1 12 15 18 19
40 53 -1 0 26 7 17
4 5 -1 12 15 18 19
40 53 -1 0 25 6 16
4 5 -1 12 15 18 19
40 53 -1 0 25 5 15
4 5 -1 11 15 18 19
41 54 -1 59 24 4 14
4 5 -1 11 15 18 19
41 54 -1 59 24 3 13
4 5 -1 11 15 18 19
41 54 -1 59 24 2 12
4 5 -1 11 15 18 19
42 54 -1 58 23 1 11
4 5 -1 11 15 18 19
42 55 -1 58 23 0 10
4 5 -1 11 15 17 19
42 55 -1 58 22 59 9
4 5 -1 11 15 17 19
43 55 -1 57 22 58 8
4 5 -1 11 15 17 19
43 56 -1 57 21 57 7
4 5 -1 11 15 17 19
43 56 -1 57 21 56 6
4 5 -1 11 15 17 19
43 56 -1 56 20 55 5
30






























1
По всем вопросам касающимся приложения обращайтесь по WhatsApp +79952867503
1
09.2026

      
	
