1
For advertising or questions send us e-mail kogdanamaz@gmail.com 
30
4 5 -1 12 15 18 19
36 49 -1 6 28 21 31
4 5 -1 12 15 18 19
36 49 -1 5 28 20 30
4 5 -1 12 15 18 19
36 50 -1 5 28 19 29
4 5 -1 12 15 18 19
37 50 -1 5 28 18 28
4 5 -1 12 15 18 19
37 50 -1 4 28 17 27
4 5 -1 12 15 18 19
37 50 -1 4 27 17 26
4 5 -1 12 15 18 19
38 50 -1 4 27 16 25
4 5 -1 12 15 18 19
38 51 -1 3 27 15 24
4 5 -1 12 15 18 19
38 51 -1 3 27 14 23
4 5 -1 12 15 18 19
39 51 -1 3 26 13 22
4 5 -1 12 15 18 19
39 51 -1 2 26 12 21
4 5 -1 12 15 18 19
39 51 -1 2 26 11 20
4 5 -1 12 15 18 19
39 52 -1 2 25 10 19
4 5 -1 12 15 18 19
40 52 -1 1 25 9 19
4 5 -1 12 15 18 19
40 52 -1 1 25 8 18
4 5 -1 12 15 18 19
40 52 -1 1 24 8 17
4 5 -1 12 15 18 19
40 52 -1 0 24 7 16
4 5 -1 12 15 18 19
41 53 -1 0 24 6 15
4 5 -1 11 15 18 19
41 53 -1 59 23 5 14
4 5 -1 11 15 18 19
41 53 -1 59 23 4 13
4 5 -1 11 15 18 19
41 53 -1 59 23 3 12
4 5 -1 11 15 18 19
42 53 -1 58 22 2 11
4 5 -1 11 15 18 19
42 54 -1 58 22 1 10
4 5 -1 11 15 18 19
42 54 -1 58 21 0 9
4 5 -1 11 15 17 19
42 54 -1 57 21 59 8
4 5 -1 11 15 17 19
43 54 -1 57 21 58 7
4 5 -1 11 15 17 19
43 55 -1 57 20 58 6
4 5 -1 11 15 17 19
43 55 -1 56 20 57 5
4 5 -1 11 15 17 19
43 55 -1 56 19 56 4
4 5 -1 11 15 17 19
44 55 -1 56 19 55 4
30






























1
По всем вопросам касающимся приложения обращайтесь по WhatsApp +79952867503
1
09.2026

      
	
