1
For advertising or questions send us e-mail kogdanamaz@gmail.com 
30
5 6 -1 13 16 19 20
9 36 -1 4 42 32 55
5 6 -1 13 16 19 20
10 36 -1 4 42 30 53
5 6 -1 13 16 19 20
11 37 -1 4 41 29 52
5 6 -1 13 16 19 20
12 38 -1 4 40 28 50
5 6 -1 13 16 19 20
13 39 -1 3 39 26 48
5 6 -1 13 16 19 20
14 39 -1 3 38 25 47
5 6 -1 13 16 19 20
15 40 -1 3 38 23 45
5 6 -1 13 16 19 20
15 40 -1 3 38 23 45
5 6 -1 13 16 19 20
16 42 -1 2 36 20 42
5 6 -1 13 16 19 20
17 42 -1 1 35 19 40
5 6 -1 13 16 19 20
18 43 -1 1 34 18 39
5 6 -1 13 16 19 20
19 44 -1 1 33 16 37
5 6 -1 13 16 19 20
20 45 -1 0 33 15 36
5 6 -1 13 16 19 20
21 45 -1 0 32 13 34
5 6 -1 13 16 19 20
22 46 -1 0 31 12 32
5 6 -1 12 16 19 20
23 47 -1 59 30 10 31
5 6 -1 12 16 19 20
24 48 -1 59 29 9 29
5 6 -1 12 16 19 20
24 48 -1 59 28 7 28
5 6 -1 12 16 19 20
25 49 -1 58 27 6 26
5 6 -1 12 16 19 20
26 50 -1 58 26 4 25
5 6 -1 12 16 19 20
27 51 -1 58 25 3 23
4 5 -1 11 15 18 19
28 51 -1 57 24 1 21
4 5 -1 11 15 18 19
29 52 -1 57 23 0 20
4 5 -1 11 15 17 19
30 53 -1 56 22 59 18
4 5 -1 11 15 17 19
30 54 -1 56 21 57 17
4 5 -1 11 15 17 19
31 54 -1 56 20 56 15
4 5 -1 11 15 17 19
32 55 -1 55 19 54 14
4 5 -1 11 15 17 19
33 56 -1 55 18 53 12
4 5 -1 11 15 17 19
34 57 -1 55 17 51 11
4 5 -1 11 15 17 19
35 58 -1 54 16 50 9
30






























1
По всем вопросам касающимся приложения обращайтесь по WhatsApp +79952867503
1
09.2026

      
	
