1
For advertising or questions send us e-mail kogdanamaz@gmail.com 
30
5 6 -1 13 16 19 20
14 38 -1 4 40 29 48
5 6 -1 13 16 19 20
15 38 -1 3 39 27 47
5 6 -1 13 16 19 20
16 39 -1 3 38 26 45
5 6 -1 13 16 19 20
17 39 -1 3 38 25 44
5 6 -1 13 16 19 20
17 40 -1 2 37 23 43
5 6 -1 13 16 19 20
18 41 -1 2 36 22 41
5 6 -1 13 16 19 20
19 41 -1 2 36 21 40
5 6 -1 13 16 19 20
19 41 -1 2 36 21 40
5 6 -1 13 16 19 20
21 43 -1 1 34 18 37
5 6 -1 13 16 19 20
21 43 -1 1 34 17 35
5 6 -1 13 16 19 20
22 44 -1 0 33 15 34
5 6 -1 13 16 19 20
23 45 -1 0 32 14 32
5 6 -1 13 16 19 20
24 45 -1 0 31 13 31
5 6 -1 12 16 19 20
24 46 -1 59 30 11 29
5 6 -1 12 16 19 20
25 46 -1 59 30 10 28
5 6 -1 12 16 19 20
26 47 -1 59 29 9 26
5 6 -1 12 16 19 20
27 48 -1 58 28 7 25
5 6 -1 12 16 19 20
27 48 -1 58 27 6 24
5 6 -1 12 16 19 20
28 49 -1 58 26 5 22
5 6 -1 12 16 19 20
29 50 -1 57 26 3 21
5 6 -1 12 16 19 20
30 50 -1 57 25 2 19
4 5 -1 11 15 18 19
30 51 -1 57 24 1 18
4 5 -1 11 15 17 19
31 52 -1 56 23 59 16
4 5 -1 11 15 17 19
32 52 -1 56 22 58 15
4 5 -1 11 15 17 19
33 53 -1 55 21 57 14
4 5 -1 11 15 17 19
33 54 -1 55 20 55 12
4 5 -1 11 15 17 19
34 54 -1 55 19 54 11
4 5 -1 11 15 17 19
35 55 -1 54 19 53 9
4 5 -1 11 15 17 19
35 55 -1 54 18 51 8
4 5 -1 11 15 17 19
36 56 -1 54 17 50 7
30






























1
По всем вопросам касающимся приложения обращайтесь по WhatsApp +79952867503
1
09.2026

      
	
