1
For advertising or questions send us e-mail kogdanamaz@gmail.com 
31
4 6 -1 12 15 18 19
54 16 -1 12 33 7 26
4 6 -1 12 15 18 19
54 17 -1 12 32 5 24
4 6 -1 12 15 18 19
55 18 -1 12 31 4 23
4 6 -1 12 15 18 19
56 19 -1 11 30 2 21
4 6 -1 12 15 18 19
57 19 -1 11 29 1 20
4 6 -1 12 15 17 19
58 20 -1 11 28 59 19
4 6 -1 12 15 17 19
58 21 -1 10 27 58 17
4 6 -1 12 15 17 19
59 22 -1 10 27 57 16
5 6 -1 12 15 17 19
0 23 -1 10 26 55 15
5 6 -1 12 15 17 19
1 23 -1 10 25 54 13
5 6 -1 12 15 17 19
2 24 -1 9 24 53 12
5 6 -1 12 15 17 19
2 25 -1 9 23 51 11
5 6 -1 12 15 17 19
3 26 -1 9 22 50 9
5 6 -1 12 15 17 19
4 27 -1 9 21 49 8
5 6 -1 12 15 17 19
5 28 -1 8 20 47 7
5 6 -1 12 15 17 19
6 28 -1 8 19 46 6
5 6 -1 12 15 17 19
6 29 -1 8 18 45 4
5 6 -1 12 15 17 19
7 30 -1 8 17 44 3
5 6 -1 12 15 17 19
8 31 -1 7 16 42 2
5 6 -1 12 15 17 19
9 32 -1 7 15 41 1
5 6 -1 12 15 17 19
10 33 -1 7 14 40 0
5 6 -1 12 15 17 18
10 34 -1 7 13 39 59
5 6 -1 12 15 17 18
11 35 -1 7 12 38 58
5 6 -1 12 15 17 18
12 36 -1 7 11 36 56
5 6 -1 12 15 17 18
13 36 -1 7 10 35 55
5 6 -1 12 15 17 18
14 37 -1 6 10 34 54
5 6 -1 12 15 17 18
14 38 -1 6 9 33 53
5 6 -1 12 15 17 18
15 39 -1 6 8 32 52
5 6 -1 12 15 17 18
16 40 -1 6 7 31 51
5 6 -1 12 15 17 18
17 41 -1 6 6 30 50
5 6 -1 12 15 17 18
18 42 -1 6 5 29 50
31































1
По всем вопросам касающимся приложения обращайтесь по WhatsApp +79952867503
1
10.2026

      
	