1
For advertising or questions send us e-mail kogdanamaz@gmail.com 
31
4 5 -1 11 14 17 18
2 26 -1 22 42 16 36
4 5 -1 11 14 17 18
3 27 -1 21 41 14 35
4 5 -1 11 14 17 18
4 28 -1 21 40 13 33
4 5 -1 11 14 17 18
5 29 -1 21 39 11 32
4 5 -1 11 14 17 18
6 29 -1 20 38 10 30
4 5 -1 11 14 17 18
7 30 -1 20 37 9 29
4 5 -1 11 14 17 18
7 31 -1 20 36 7 27
4 5 -1 11 14 17 18
8 32 -1 20 35 6 26
4 5 -1 11 14 17 18
9 33 -1 19 34 4 25
4 5 -1 11 14 17 18
10 34 -1 19 33 3 23
4 5 -1 11 14 17 18
11 34 -1 19 32 2 22
4 5 -1 11 14 17 18
12 35 -1 19 31 0 20
4 5 -1 11 14 16 18
13 36 -1 18 30 59 19
4 5 -1 11 14 16 18
13 37 -1 18 29 58 18
4 5 -1 11 14 16 18
14 38 -1 18 28 56 17
4 5 -1 11 14 16 18
15 39 -1 18 27 55 15
4 5 -1 11 14 16 18
16 40 -1 17 26 54 14
4 5 -1 11 14 16 18
17 41 -1 17 25 52 13
4 5 -1 11 14 16 18
18 42 -1 17 24 51 12
4 5 -1 11 14 16 18
18 43 -1 17 23 50 10
4 5 -1 11 14 16 18
19 43 -1 17 22 48 9
4 5 -1 11 14 16 18
20 44 -1 17 21 47 8
4 5 -1 11 14 16 18
21 45 -1 16 20 46 7
4 5 -1 11 14 16 18
22 46 -1 16 20 45 6
4 5 -1 11 14 16 18
23 47 -1 16 19 44 5
4 5 -1 11 14 16 18
23 48 -1 16 18 42 4
4 5 -1 11 14 16 18
24 49 -1 16 17 41 3
4 5 -1 11 14 16 18
25 50 -1 16 16 40 2
4 5 -1 11 14 16 18
26 51 -1 16 15 39 1
4 5 -1 11 14 16 18
27 52 -1 16 14 38 0
4 5 -1 11 14 16 17
28 53 -1 16 13 37 59
31































1
По всем вопросам касающимся приложения обращайтесь по WhatsApp +79952867503
1
10.2026

      
	