1
For advertising or questions send us e-mail kogdanamaz@gmail.com 
30
5 6 -1 13 17 19 21
24 54 -1 26 5 55 22
5 6 -1 13 17 19 21
25 55 -1 25 4 54 20
5 6 -1 13 17 19 21
26 56 -1 25 3 52 18
5 6 -1 13 17 19 21
27 57 -1 25 2 51 17
5 6 -1 13 17 19 21
28 58 -1 24 1 49 15
5 6 -1 13 17 19 21
29 58 -1 24 0 48 13
5 6 -1 13 17 19 21
30 59 -1 24 0 46 11
5 6 -1 13 17 19 21
30 59 -1 24 0 46 11
5 7 -1 13 16 19 21
32 1 -1 23 58 43 8
5 7 -1 13 16 19 21
33 2 -1 23 57 42 6
5 7 -1 13 16 19 21
35 3 -1 22 56 40 4
5 7 -1 13 16 19 21
36 4 -1 22 55 38 3
5 7 -1 13 16 19 21
37 4 -1 21 54 37 1
5 7 -1 13 16 19 20
38 5 -1 21 53 35 59
5 7 -1 13 16 19 20
39 6 -1 21 52 34 57
5 7 -1 13 16 19 20
40 7 -1 20 51 32 56
5 7 -1 13 16 19 20
41 8 -1 20 50 31 54
5 7 -1 13 16 19 20
42 9 -1 20 49 29 52
5 7 -1 13 16 19 20
43 10 -1 19 48 27 51
5 7 -1 13 16 19 20
44 10 -1 19 47 26 49
5 7 -1 13 16 19 20
45 11 -1 19 46 24 47
4 6 -1 12 15 18 19
46 12 -1 18 45 23 46
4 6 -1 12 15 18 19
47 13 -1 18 44 21 44
4 6 -1 12 15 18 19
48 14 -1 18 42 20 42
4 6 -1 12 15 18 19
49 15 -1 17 41 18 41
4 6 -1 12 15 18 19
50 16 -1 17 40 16 39
4 6 -1 12 15 18 19
51 17 -1 17 39 15 37
4 6 -1 12 15 18 19
51 17 -1 16 38 13 36
4 6 -1 12 15 18 19
52 18 -1 16 37 12 34
4 6 -1 12 15 18 19
53 19 -1 16 36 10 32
30






























1
По всем вопросам касающимся приложения обращайтесь по WhatsApp +79952867503
1
09.2026

      
	
