1
For advertising or questions send us e-mail kogdanamaz@gmail.com 
30
5 6 -1 13 18 20 21
22 49 -1 35 15 15 42
5 6 -1 13 18 20 21
23 50 -1 35 13 14 40
5 6 -1 13 18 20 21
25 51 -1 35 12 12 38
5 6 -1 13 18 20 21
27 53 -1 34 10 10 35
5 6 -1 13 18 20 21
28 54 -1 34 9 8 33
5 6 -1 13 18 20 21
30 55 -1 34 7 6 31
5 6 -1 13 18 20 21
31 56 -1 33 6 4 28
5 6 -1 13 18 20 21
33 58 -1 33 4 2 26
5 6 -1 13 18 20 21
35 59 -1 33 2 0 24
5 7 -1 13 18 19 21
36 0 -1 32 1 58 22
5 7 -1 13 17 19 21
38 2 -1 32 59 56 19
5 7 -1 13 17 19 21
39 3 -1 32 58 54 17
5 7 -1 13 17 19 21
41 4 -1 31 56 52 15
5 7 -1 13 17 19 21
42 6 -1 31 54 50 13
5 7 -1 13 17 19 21
44 7 -1 31 53 48 10
5 7 -1 13 17 19 21
45 8 -1 30 51 46 8
5 7 -1 13 17 19 21
47 10 -1 30 49 43 6
5 7 -1 13 17 19 21
49 11 -1 30 48 41 4
5 7 -1 13 17 19 21
50 12 -1 29 46 39 1
5 7 -1 13 17 19 20
51 13 -1 29 44 37 59
5 7 -1 13 17 19 20
53 15 -1 29 42 35 57
5 7 -1 13 17 19 20
54 16 -1 28 41 33 55
5 7 -1 13 17 19 20
56 17 -1 28 39 31 53
5 7 -1 13 17 19 20
57 19 -1 27 37 29 51
5 7 -1 13 17 19 20
59 20 -1 27 35 27 48
6 7 -1 13 17 19 20
0 21 -1 27 34 25 46
6 7 -1 13 17 19 20
2 23 -1 26 32 23 44
6 7 -1 13 17 19 20
3 24 -1 26 30 21 42
6 7 -1 13 17 19 20
5 25 -1 26 28 19 40
6 7 -1 13 17 19 20
6 27 -1 25 27 17 38
30






























1
По всем вопросам касающимся приложения обращайтесь по WhatsApp +79952867503
1
09.2026

      
	
