1
For advertising or questions send us e-mail kogdanamaz@gmail.com 
30
5 6 -1 13 16 19 20
16 37 -1 0 34 23 40
5 6 -1 13 16 19 20
17 37 -1 0 33 21 38
5 6 -1 13 16 19 20
18 38 -1 0 33 20 37
5 6 -1 12 16 19 20
18 38 -1 59 32 19 36
5 6 -1 12 16 19 20
19 39 -1 59 32 18 34
5 6 -1 12 16 19 20
20 39 -1 59 31 17 33
5 6 -1 12 16 19 20
20 40 -1 58 30 15 32
5 6 -1 12 16 19 20
20 40 -1 58 30 15 32
5 6 -1 12 16 19 20
22 41 -1 58 29 13 29
5 6 -1 12 16 19 20
22 41 -1 57 29 12 28
5 6 -1 12 16 19 20
23 42 -1 57 28 11 26
5 6 -1 12 16 19 20
24 42 -1 57 27 9 25
5 6 -1 12 16 19 20
24 43 -1 56 27 8 24
5 6 -1 12 16 19 20
25 43 -1 56 26 7 22
5 6 -1 12 16 19 20
25 44 -1 56 25 6 21
5 6 -1 12 16 19 20
26 44 -1 55 25 4 20
5 6 -1 12 16 19 20
27 45 -1 55 24 3 18
5 6 -1 12 16 19 20
27 46 -1 54 23 2 17
5 6 -1 12 16 19 20
28 46 -1 54 22 1 16
5 6 -1 12 16 18 20
29 47 -1 54 22 59 14
5 6 -1 12 16 18 20
29 47 -1 53 21 58 13
4 5 -1 11 15 17 19
30 48 -1 53 20 57 12
4 5 -1 11 15 17 19
30 48 -1 53 20 56 10
4 5 -1 11 15 17 19
31 49 -1 52 19 55 9
4 5 -1 11 15 17 19
32 49 -1 52 18 53 8
4 5 -1 11 15 17 19
32 50 -1 52 17 52 7
4 5 -1 11 15 17 19
33 50 -1 51 16 51 5
4 5 -1 11 15 17 19
33 51 -1 51 16 50 4
4 5 -1 11 15 17 19
34 51 -1 51 15 48 3
4 5 -1 11 15 17 19
34 52 -1 50 14 47 2
30






























1
По всем вопросам касающимся приложения обращайтесь по WhatsApp +79952867503
1
09.2026

      
	
