1
For advertising or questions send us e-mail kogdanamaz@gmail.com 
30
5 6 -1 13 17 19 21
30 59 -1 30 9 59 25
5 7 -1 13 17 19 21
31 0 -1 30 8 58 23
5 7 -1 13 17 19 21
32 1 -1 29 7 56 22
5 7 -1 13 17 19 21
33 2 -1 29 7 55 20
5 7 -1 13 17 19 21
34 3 -1 29 6 53 18
5 7 -1 13 17 19 21
35 3 -1 28 5 52 16
5 7 -1 13 17 19 21
36 4 -1 28 4 50 15
5 7 -1 13 17 19 21
36 4 -1 28 4 50 15
5 7 -1 13 17 19 21
38 6 -1 27 2 47 11
5 7 -1 13 17 19 21
39 7 -1 27 1 46 10
5 7 -1 13 17 19 21
40 8 -1 27 0 44 8
5 7 -1 13 16 19 21
41 8 -1 26 59 43 6
5 7 -1 13 16 19 21
42 9 -1 26 58 41 4
5 7 -1 13 16 19 21
43 10 -1 26 57 40 3
5 7 -1 13 16 19 21
44 11 -1 25 56 38 1
5 7 -1 13 16 19 20
45 12 -1 25 55 36 59
5 7 -1 13 16 19 20
46 13 -1 25 54 35 58
5 7 -1 13 16 19 20
47 13 -1 24 53 33 56
5 7 -1 13 16 19 20
48 14 -1 24 52 32 54
5 7 -1 13 16 19 20
49 15 -1 23 51 30 53
5 7 -1 13 16 19 20
50 16 -1 23 50 29 51
4 6 -1 12 15 18 19
51 17 -1 23 49 27 49
4 6 -1 12 15 18 19
52 18 -1 22 48 26 48
4 6 -1 12 15 18 19
53 18 -1 22 47 24 46
4 6 -1 12 15 18 19
54 19 -1 22 46 23 44
4 6 -1 12 15 18 19
55 20 -1 21 45 21 43
4 6 -1 12 15 18 19
56 21 -1 21 44 19 41
4 6 -1 12 15 18 19
57 22 -1 21 43 18 40
4 6 -1 12 15 18 19
58 23 -1 20 42 16 38
4 6 -1 12 15 18 19
58 24 -1 20 41 15 37
30






























1
По всем вопросам касающимся приложения обращайтесь по WhatsApp +79952867503
1
09.2026

      
	
