1
For advertising or questions send us e-mail kogdanamaz@gmail.com 
30
5 6 -1 13 16 19 20
13 39 -1 7 44 33 55
5 6 -1 13 16 19 20
14 40 -1 7 44 32 54
5 6 -1 13 16 19 20
15 40 -1 6 43 31 52
5 6 -1 13 16 19 20
16 41 -1 6 42 29 51
5 6 -1 13 16 19 20
17 42 -1 6 41 28 49
5 6 -1 13 16 19 20
18 42 -1 5 41 27 48
5 6 -1 13 16 19 20
19 43 -1 5 40 25 46
5 6 -1 13 16 19 20
19 43 -1 5 40 25 46
5 6 -1 13 16 19 20
20 45 -1 4 38 22 43
5 6 -1 13 16 19 20
21 45 -1 4 37 21 41
5 6 -1 13 16 19 20
22 46 -1 4 37 20 40
5 6 -1 13 16 19 20
23 47 -1 3 36 18 38
5 6 -1 13 16 19 20
24 47 -1 3 35 17 37
5 6 -1 13 16 19 20
25 48 -1 3 34 15 35
5 6 -1 13 16 19 20
26 49 -1 2 33 14 34
5 6 -1 13 16 19 20
26 50 -1 2 32 12 32
5 6 -1 13 16 19 20
27 50 -1 1 31 11 31
5 6 -1 13 16 19 20
28 51 -1 1 30 10 29
5 6 -1 13 16 19 20
29 52 -1 1 30 8 28
5 6 -1 13 16 19 20
30 52 -1 0 29 7 26
5 6 -1 13 16 19 20
31 53 -1 0 28 5 25
4 5 -1 12 15 18 19
31 54 -1 0 27 4 23
4 5 -1 11 15 18 19
32 55 -1 59 26 2 21
4 5 -1 11 15 18 19
33 55 -1 59 25 1 20
4 5 -1 11 15 18 19
34 56 -1 59 24 0 18
4 5 -1 11 15 17 19
35 57 -1 58 23 58 17
4 5 -1 11 15 17 19
35 58 -1 58 22 57 16
4 5 -1 11 15 17 19
36 58 -1 58 21 55 14
4 5 -1 11 15 17 19
37 59 -1 57 20 54 13
4 6 -1 11 15 17 19
38 0 -1 57 19 53 11
30






























1
По всем вопросам касающимся приложения обращайтесь по WhatsApp +79952867503
1
09.2026

      
	
