1
For advertising or questions send us e-mail kogdanamaz@gmail.com 
30
4 6 -1 12 16 19 20
57 18 -1 42 16 5 23
4 6 -1 12 16 19 20
58 18 -1 42 16 4 21
4 6 -1 12 16 19 20
58 19 -1 42 15 3 20
4 6 -1 12 16 19 20
59 20 -1 41 15 1 18
5 6 -1 12 16 19 20
0 20 -1 41 14 0 17
5 6 -1 12 16 18 20
0 21 -1 41 13 59 16
5 6 -1 12 16 18 20
1 21 -1 40 13 58 14
5 6 -1 12 16 18 20
1 21 -1 40 13 58 14
5 6 -1 12 16 18 20
3 22 -1 39 11 55 12
5 6 -1 12 16 18 20
3 23 -1 39 11 54 10
5 6 -1 12 16 18 20
4 23 -1 39 10 53 9
5 6 -1 12 16 18 20
5 24 -1 38 9 52 8
5 6 -1 12 16 18 20
5 24 -1 38 9 50 6
5 6 -1 12 16 18 20
6 25 -1 38 8 49 5
5 6 -1 12 16 18 20
7 26 -1 37 7 48 3
5 6 -1 12 16 18 20
7 26 -1 37 7 46 2
5 6 -1 12 16 18 20
8 27 -1 37 6 45 1
5 6 -1 12 16 18 19
8 27 -1 36 5 44 59
5 6 -1 12 16 18 19
9 28 -1 36 4 43 58
5 6 -1 12 16 18 19
10 28 -1 36 4 41 57
5 6 -1 12 16 18 19
10 29 -1 35 3 40 55
4 5 -1 11 15 17 18
11 29 -1 35 2 39 54
4 5 -1 11 15 17 18
12 30 -1 35 1 38 53
4 5 -1 11 15 17 18
12 31 -1 34 1 36 51
4 5 -1 11 15 17 18
13 31 -1 34 0 35 50
4 5 -1 11 14 17 18
13 32 -1 33 59 34 49
4 5 -1 11 14 17 18
14 32 -1 33 58 33 48
4 5 -1 11 14 17 18
15 33 -1 33 57 31 46
4 5 -1 11 14 17 18
15 33 -1 32 57 30 45
4 5 -1 11 14 17 18
16 34 -1 32 56 29 44
30






























1
По всем вопросам касающимся приложения обращайтесь по WhatsApp +79952867503
1
09.2026

      
	
