1
For advertising or questions send us e-mail kogdanamaz@gmail.com 
30
4 6 -1 12 16 19 20
33 5 -1 38 17 8 36
4 6 -1 12 16 19 20
34 6 -1 37 16 7 34
4 6 -1 12 16 19 20
35 7 -1 37 16 5 33
4 6 -1 12 16 19 20
37 8 -1 37 15 4 31
4 6 -1 12 16 19 20
38 9 -1 36 14 2 29
4 6 -1 12 16 19 20
39 9 -1 36 13 1 27
4 6 -1 12 16 18 20
40 10 -1 36 12 59 25
4 6 -1 12 16 18 20
41 11 -1 35 11 58 24
4 6 -1 12 16 18 20
42 12 -1 35 10 56 22
4 6 -1 12 16 18 20
42 12 -1 35 10 56 22
4 6 -1 12 16 18 20
45 14 -1 34 8 53 18
4 6 -1 12 16 18 20
46 15 -1 34 7 51 17
4 6 -1 12 16 18 20
47 16 -1 33 6 50 15
4 6 -1 12 16 18 20
48 17 -1 33 5 48 13
4 6 -1 12 16 18 20
49 18 -1 33 4 46 11
4 6 -1 12 16 18 20
50 18 -1 32 3 45 9
4 6 -1 12 16 18 20
51 19 -1 32 2 43 8
4 6 -1 12 16 18 20
52 20 -1 32 1 41 6
4 6 -1 12 16 18 20
53 21 -1 31 0 40 4
4 6 -1 12 15 18 20
54 22 -1 31 59 38 2
4 6 -1 12 15 18 20
55 23 -1 31 58 37 1
4 6 -1 12 15 18 19
56 24 -1 30 56 35 59
4 6 -1 12 15 18 19
57 25 -1 30 55 33 57
4 6 -1 12 15 18 19
58 26 -1 30 54 32 56
4 6 -1 12 15 18 19
58 26 -1 30 54 32 56
5 6 -1 12 15 18 19
0 28 -1 29 52 29 52
5 6 -1 12 15 18 19
1 28 -1 29 51 27 51
5 6 -1 12 15 18 19
2 29 -1 28 50 25 49
5 6 -1 12 15 18 19
3 30 -1 28 49 24 47
5 6 -1 12 15 18 19
4 31 -1 28 48 22 46
30






























1
По всем вопросам касающимся приложения обращайтесь по WhatsApp +79952867503
1
09.2026

      
	
