1
For advertising or questions send us e-mail kogdanamaz@gmail.com 
31
4 6 -1 12 15 18 19
57 25 -1 20 39 13 38
4 6 -1 12 15 18 19
58 26 -1 20 37 12 36
4 6 -1 12 15 18 19
59 27 -1 19 36 10 34
5 6 -1 12 15 18 19
0 28 -1 19 35 8 33
5 6 -1 12 15 18 19
1 29 -1 19 34 7 31
5 6 -1 12 15 18 19
2 30 -1 19 33 5 29
5 6 -1 12 15 18 19
3 31 -1 18 32 4 28
5 6 -1 12 15 18 19
4 32 -1 18 30 2 26
5 6 -1 12 15 18 19
5 33 -1 18 29 0 25
5 6 -1 12 15 17 19
6 34 -1 17 28 59 23
5 6 -1 12 15 17 19
7 35 -1 17 27 57 22
5 6 -1 12 15 17 19
8 36 -1 17 26 56 20
5 6 -1 12 15 17 19
9 37 -1 17 25 54 19
5 6 -1 12 15 17 19
10 38 -1 16 24 53 17
5 6 -1 12 15 17 19
11 39 -1 16 22 51 16
5 6 -1 12 15 17 19
12 40 -1 16 21 50 14
5 6 -1 12 15 17 19
13 42 -1 16 20 48 13
5 6 -1 12 15 17 19
14 43 -1 16 19 47 12
5 6 -1 12 15 17 19
15 44 -1 15 18 46 10
5 6 -1 12 15 17 19
16 45 -1 15 17 44 9
5 6 -1 12 15 17 19
17 46 -1 15 16 43 8
5 6 -1 12 15 17 19
18 47 -1 15 15 41 6
5 6 -1 12 15 17 19
19 48 -1 15 14 40 5
5 6 -1 12 15 17 19
19 48 -1 15 14 40 5
5 6 -1 12 15 17 19
21 50 -1 14 11 37 2
5 6 -1 12 15 17 19
22 51 -1 14 10 36 1
5 6 -1 12 15 17 19
23 52 -1 14 9 35 0
5 6 -1 12 15 17 18
24 53 -1 14 8 33 59
5 6 -1 12 15 17 18
25 55 -1 14 7 32 58
5 6 -1 12 15 17 18
26 56 -1 14 6 31 57
5 6 -1 12 15 17 18
27 57 -1 14 5 30 56
31































1
По всем вопросам касающимся приложения обращайтесь по WhatsApp +79952867503
1
10.2026

      
	
