1
For advertising or questions send us e-mail kogdanamaz@gmail.com 
30
4 6 -1 12 16 19 20
32 1 -1 33 12 2 28
4 6 -1 12 16 19 20
33 2 -1 32 11 1 26
4 6 -1 12 16 18 20
34 3 -1 32 10 59 24
4 6 -1 12 16 18 20
35 4 -1 32 9 58 23
4 6 -1 12 16 18 20
36 5 -1 31 8 56 21
4 6 -1 12 16 18 20
37 6 -1 31 7 55 19
4 6 -1 12 16 18 20
38 6 -1 31 7 53 17
4 6 -1 12 16 18 20
39 7 -1 30 6 52 16
4 6 -1 12 16 18 20
40 8 -1 30 5 50 14
4 6 -1 12 16 18 20
40 8 -1 30 5 50 14
4 6 -1 12 16 18 20
42 10 -1 29 3 47 11
4 6 -1 12 16 18 20
43 11 -1 29 2 45 9
4 6 -1 12 16 18 20
44 11 -1 28 1 44 7
4 6 -1 12 16 18 20
45 12 -1 28 0 42 6
4 6 -1 12 15 18 20
46 13 -1 28 59 41 4
4 6 -1 12 15 18 20
47 14 -1 27 58 39 2
4 6 -1 12 15 18 20
48 15 -1 27 57 38 0
4 6 -1 12 15 18 19
49 16 -1 27 56 36 59
4 6 -1 12 15 18 19
50 16 -1 26 55 35 57
4 6 -1 12 15 18 19
51 17 -1 26 54 33 55
4 6 -1 12 15 18 19
52 18 -1 26 53 31 54
4 6 -1 12 15 18 19
53 19 -1 25 52 30 52
4 6 -1 12 15 18 19
54 20 -1 25 51 28 51
4 6 -1 12 15 18 19
55 21 -1 25 50 27 49
4 6 -1 12 15 18 19
55 21 -1 25 50 27 49
4 6 -1 12 15 18 19
57 22 -1 24 48 24 46
4 6 -1 12 15 18 19
58 23 -1 24 47 22 44
4 6 -1 12 15 18 19
59 24 -1 23 46 21 42
5 6 -1 12 15 18 19
0 25 -1 23 45 19 41
5 6 -1 12 15 18 19
1 26 -1 23 43 18 39
30






























1
По всем вопросам касающимся приложения обращайтесь по WhatsApp +79952867503
1
09.2026

      
	
