1
For advertising or questions send us e-mail kogdanamaz@gmail.com 
30
3 4 -1 11 16 18 20
20 58 -1 57 37 45 23
3 5 -1 11 16 18 20
22 0 -1 57 36 43 20
3 5 -1 11 16 18 20
24 2 -1 57 34 41 17
3 5 -1 11 16 18 20
27 3 -1 56 32 38 14
3 5 -1 11 16 18 20
29 5 -1 56 30 36 12
3 5 -1 11 16 18 20
31 6 -1 56 28 34 9
3 5 -1 11 16 18 20
33 8 -1 55 26 31 6
3 5 -1 11 16 18 20
35 10 -1 55 25 29 3
3 5 -1 11 16 18 20
37 11 -1 55 23 27 0
3 5 -1 11 16 18 19
39 13 -1 54 21 24 58
3 5 -1 11 16 18 19
41 15 -1 54 19 22 55
3 5 -1 11 16 18 19
43 16 -1 53 17 20 52
3 5 -1 11 16 18 19
45 18 -1 53 15 17 49
3 5 -1 11 16 18 19
47 20 -1 53 13 15 47
3 5 -1 11 16 18 19
49 21 -1 52 11 12 44
3 5 -1 11 16 18 19
51 23 -1 52 9 10 41
3 5 -1 11 16 18 19
53 25 -1 52 7 8 39
3 5 -1 11 16 18 19
55 26 -1 51 5 5 36
3 5 -1 11 16 18 19
57 28 -1 51 3 3 33
3 5 -1 11 16 18 19
59 30 -1 51 1 1 31
4 5 -1 11 15 17 19
1 31 -1 50 59 58 28
4 5 -1 11 15 17 19
3 33 -1 50 57 56 26
4 5 -1 11 15 17 19
5 35 -1 50 55 53 23
4 5 -1 11 15 17 19
7 36 -1 49 53 51 21
4 5 -1 11 15 17 19
9 38 -1 49 51 49 18
4 5 -1 11 15 17 19
10 40 -1 48 49 46 15
4 5 -1 11 15 17 19
12 41 -1 48 47 44 13
4 5 -1 11 15 17 19
14 43 -1 48 45 42 10
4 5 -1 11 15 17 19
16 45 -1 47 43 39 8
4 5 -1 11 15 17 19
18 46 -1 47 41 37 6
30






























1
По всем вопросам касающимся приложения обращайтесь по WhatsApp +79952867503
1
09.2026

      
	
