1
For advertising or questions send us e-mail kogdanamaz@gmail.com 
31
4 6 -1 12 15 18 19
55 18 -1 14 36 9 28
4 6 -1 12 15 18 19
56 19 -1 14 35 7 26
4 6 -1 12 15 18 19
57 19 -1 13 34 6 25
4 6 -1 12 15 18 19
58 20 -1 13 33 5 24
4 6 -1 12 15 18 19
59 21 -1 13 32 3 22
4 6 -1 12 15 18 19
59 22 -1 13 31 2 21
5 6 -1 12 15 18 19
0 23 -1 12 30 0 19
5 6 -1 12 15 17 19
1 23 -1 12 29 59 18
5 6 -1 12 15 17 19
2 24 -1 12 28 58 17
5 6 -1 12 15 17 19
3 25 -1 11 27 56 15
5 6 -1 12 15 17 19
3 26 -1 11 26 55 14
5 6 -1 12 15 17 19
4 27 -1 11 25 54 13
5 6 -1 12 15 17 19
5 27 -1 11 24 52 11
5 6 -1 12 15 17 19
6 28 -1 10 23 51 10
5 6 -1 12 15 17 19
7 29 -1 10 22 50 9
5 6 -1 12 15 17 19
7 30 -1 10 21 48 8
5 6 -1 12 15 17 19
8 31 -1 10 20 47 7
5 6 -1 12 15 17 19
9 32 -1 10 19 46 5
5 6 -1 12 15 17 19
10 32 -1 9 18 45 4
5 6 -1 12 15 17 19
10 33 -1 9 17 44 3
5 6 -1 12 15 17 19
11 34 -1 9 16 42 2
5 6 -1 12 15 17 19
12 35 -1 9 15 41 1
5 6 -1 12 15 17 19
13 36 -1 9 15 40 0
5 6 -1 12 15 17 19
13 36 -1 9 15 40 0
5 6 -1 12 15 17 18
14 38 -1 8 13 38 58
5 6 -1 12 15 17 18
15 39 -1 8 12 37 57
5 6 -1 12 15 17 18
16 40 -1 8 11 35 56
5 6 -1 12 15 17 18
17 41 -1 8 10 34 55
5 6 -1 12 15 17 18
18 41 -1 8 9 33 54
5 6 -1 12 15 17 18
18 42 -1 8 9 32 53
5 6 -1 12 15 17 18
19 43 -1 8 8 31 52
31































1
По всем вопросам касающимся приложения обращайтесь по WhatsApp +79952867503
1
10.2026

      
	