1
For advertising or questions send us e-mail kogdanamaz@gmail.com 
30
4 5 -1 12 16 18 20
29 57 -1 26 4 54 18
4 5 -1 12 16 18 20
30 58 -1 26 4 53 16
4 5 -1 12 16 18 20
31 58 -1 26 3 51 14
4 5 -1 12 16 18 20
32 59 -1 25 2 50 13
4 6 -1 12 16 18 20
33 0 -1 25 1 48 11
4 6 -1 12 16 18 20
34 1 -1 25 0 47 9
4 6 -1 12 16 18 20
35 1 -1 24 0 46 8
4 6 -1 12 15 18 20
36 2 -1 24 59 44 6
4 6 -1 12 15 18 20
37 3 -1 24 58 43 5
4 6 -1 12 15 18 20
37 3 -1 24 58 43 5
4 6 -1 12 15 18 20
39 4 -1 23 56 40 1
4 6 -1 12 15 18 20
40 5 -1 22 55 38 0
4 6 -1 12 15 18 19
41 6 -1 22 54 37 58
4 6 -1 12 15 18 19
42 7 -1 22 54 35 56
4 6 -1 12 15 18 19
43 7 -1 21 53 34 55
4 6 -1 12 15 18 19
44 8 -1 21 52 32 53
4 6 -1 12 15 18 19
45 9 -1 21 51 31 52
4 6 -1 12 15 18 19
45 10 -1 20 50 29 50
4 6 -1 12 15 18 19
46 11 -1 20 49 28 49
4 6 -1 12 15 18 19
47 11 -1 20 48 26 47
4 6 -1 12 15 18 19
48 12 -1 19 47 25 45
4 6 -1 12 15 18 19
49 13 -1 19 46 23 44
4 6 -1 12 15 18 19
50 14 -1 19 45 22 42
4 6 -1 12 15 18 19
51 14 -1 18 44 21 41
4 6 -1 12 15 18 19
51 14 -1 18 44 21 41
4 6 -1 12 15 18 19
52 16 -1 18 42 18 38
4 6 -1 12 15 18 19
53 17 -1 17 41 16 36
4 6 -1 12 15 18 19
54 17 -1 17 40 15 35
4 6 -1 12 15 18 19
55 18 -1 17 39 13 33
4 6 -1 12 15 18 19
56 19 -1 16 38 12 32
30






























1
По всем вопросам касающимся приложения обращайтесь по WhatsApp +79952867503
1
09.2026

      
	
