1
For advertising or questions send us e-mail kogdanamaz@gmail.com 
31
5 6 -1 12 15 18 19
1 25 -1 21 41 15 35
5 6 -1 12 15 18 19
2 26 -1 20 40 13 34
5 6 -1 12 15 18 19
3 26 -1 20 39 12 32
5 6 -1 12 15 18 19
3 27 -1 20 38 10 31
5 6 -1 12 15 18 19
4 28 -1 19 37 9 29
5 6 -1 12 15 18 19
5 29 -1 19 36 8 28
5 6 -1 12 15 18 19
6 30 -1 19 35 6 26
5 6 -1 12 15 18 19
7 31 -1 18 34 5 25
5 6 -1 12 15 18 19
8 31 -1 18 33 3 24
5 6 -1 12 15 18 19
9 32 -1 18 32 2 22
5 6 -1 12 15 18 19
9 33 -1 18 31 1 21
5 6 -1 12 15 17 19
10 34 -1 17 30 59 20
5 6 -1 12 15 17 19
11 35 -1 17 29 58 18
5 6 -1 12 15 17 19
12 36 -1 17 28 57 17
5 6 -1 12 15 17 19
13 37 -1 17 27 55 16
5 6 -1 12 15 17 19
14 38 -1 16 26 54 14
5 6 -1 12 15 17 19
14 38 -1 16 25 53 13
5 6 -1 12 15 17 19
15 39 -1 16 24 51 12
5 6 -1 12 15 17 19
16 40 -1 16 23 50 11
5 6 -1 12 15 17 19
17 41 -1 16 22 49 9
5 6 -1 12 15 17 19
18 42 -1 15 21 47 8
5 6 -1 12 15 17 19
19 43 -1 15 20 46 7
5 6 -1 12 15 17 19
19 44 -1 15 19 45 6
5 6 -1 12 15 17 19
19 44 -1 15 19 45 6
5 6 -1 12 15 17 19
21 46 -1 15 18 43 4
5 6 -1 12 15 17 19
22 47 -1 15 17 41 3
5 6 -1 12 15 17 19
23 48 -1 15 16 40 2
5 6 -1 12 15 17 19
24 49 -1 15 15 39 1
5 6 -1 12 15 17 19
25 50 -1 15 14 38 0
5 6 -1 12 15 17 18
25 51 -1 14 13 37 59
5 6 -1 12 15 17 18
26 52 -1 14 12 36 58
31































1
По всем вопросам касающимся приложения обращайтесь по WhatsApp +79952867503
1
10.2026

      
	