1
For advertising or questions send us e-mail kogdanamaz@gmail.com 
30
5 6 -1 12 15 18 19
16 42 -1 21 33 1 22
5 6 -1 12 15 18 19
14 40 -1 21 33 2 23
5 6 -1 12 15 18 19
13 39 -1 21 34 2 24
5 6 -1 12 15 18 19
11 37 -1 20 34 3 25
5 6 -1 12 15 18 19
10 36 -1 20 34 4 25
5 6 -1 12 15 18 19
9 34 -1 20 35 5 26
5 6 -1 12 15 18 19
7 33 -1 19 35 6 27
5 6 -1 12 15 18 19
6 31 -1 19 36 6 28
5 6 -1 12 15 18 19
4 30 -1 19 36 7 28
5 6 -1 12 15 18 19
3 29 -1 18 36 8 29
5 6 -1 12 15 18 19
1 27 -1 18 37 9 30
5 6 -1 12 15 18 19
0 26 -1 18 37 10 31
4 6 -1 12 15 18 19
58 24 -1 17 38 10 32
4 6 -1 12 15 18 19
56 23 -1 17 38 11 33
4 6 -1 12 15 18 19
55 21 -1 17 38 12 33
4 6 -1 12 15 18 19
53 20 -1 16 39 13 34
4 6 -1 12 15 18 19
52 18 -1 16 39 14 35
4 6 -1 12 15 18 19
50 16 -1 16 39 14 36
4 6 -1 12 15 18 19
49 15 -1 15 40 15 37
4 6 -1 12 15 18 19
47 13 -1 15 40 16 38
4 6 -1 12 15 18 19
47 13 -1 15 40 16 38
4 6 -1 12 15 18 19
44 10 -1 14 41 18 39
4 6 -1 12 15 18 19
42 9 -1 14 41 18 40
4 6 -1 12 15 18 19
41 7 -1 13 41 19 41
4 6 -1 12 15 18 19
39 6 -1 13 42 20 42
4 6 -1 12 15 18 19
37 4 -1 13 42 21 43
4 6 -1 12 15 18 19
36 3 -1 12 42 22 44
4 6 -1 12 15 18 19
34 1 -1 12 42 23 45
5 7 -1 13 16 19 20
32 0 -1 12 43 23 46
5 6 -1 13 16 19 20
31 58 -1 11 43 24 47
30






























1
По всем вопросам касающимся приложения обращайтесь по WhatsApp +79952867503
1
09.2026

      
	
