1
For advertising or questions send us e-mail kogdanamaz@gmail.com 
30
5 7 -1 12 15 18 19
28 8 -1 39 38 9 43
5 7 -1 12 15 18 19
27 6 -1 38 39 10 44
5 7 -1 12 15 18 19
25 4 -1 38 39 12 45
5 7 -1 12 15 18 19
23 2 -1 38 40 13 47
5 7 -1 12 15 18 19
21 0 -1 37 41 14 48
5 6 -1 12 15 18 19
19 58 -1 37 42 15 49
5 6 -1 12 15 18 19
17 56 -1 37 43 17 50
5 6 -1 12 15 18 19
15 55 -1 36 43 18 51
5 6 -1 12 15 18 19
13 53 -1 36 44 19 53
5 6 -1 12 15 18 19
11 51 -1 36 45 20 54
5 6 -1 12 15 18 19
9 49 -1 35 46 21 55
5 6 -1 12 15 18 19
7 47 -1 35 46 23 57
5 6 -1 12 15 18 19
5 45 -1 35 47 24 58
5 6 -1 12 15 18 19
3 43 -1 34 48 25 59
5 6 -1 12 15 18 20
1 41 -1 34 49 26 0
4 6 -1 12 15 18 20
59 39 -1 33 49 28 2
4 6 -1 12 15 18 20
57 37 -1 33 50 29 3
4 6 -1 12 15 18 20
55 35 -1 33 51 30 4
4 6 -1 12 15 18 20
53 33 -1 32 51 31 6
4 6 -1 12 15 18 20
51 31 -1 32 52 33 7
4 6 -1 12 15 18 20
51 31 -1 32 52 33 7
4 6 -1 12 15 18 20
47 27 -1 31 53 35 10
4 6 -1 12 15 18 20
44 25 -1 31 54 36 11
4 6 -1 12 15 18 20
42 23 -1 31 55 38 13
4 6 -1 12 15 18 20
40 22 -1 30 55 39 14
4 6 -1 12 15 18 20
38 20 -1 30 56 40 16
4 6 -1 12 15 18 20
36 18 -1 30 57 41 17
4 6 -1 12 15 18 20
34 16 -1 29 57 43 19
5 7 -1 13 16 19 21
31 14 -1 29 58 44 20
5 7 -1 13 16 19 21
29 12 -1 29 59 45 22
30






























1
По всем вопросам касающимся приложения обращайтесь по WhatsApp +79952867503
1
09.2026

      
	
