1
For advertising or questions send us e-mail kogdanamaz@gmail.com 
30
5 6 -1 12 15 18 19
21 57 -1 30 33 3 33
5 6 -1 12 15 18 19
20 55 -1 30 34 4 34
5 6 -1 12 15 18 19
18 53 -1 29 34 5 35
5 6 -1 12 15 18 19
16 51 -1 29 35 6 36
5 6 -1 12 15 18 19
14 50 -1 29 36 8 37
5 6 -1 12 15 18 19
13 48 -1 28 36 9 39
5 6 -1 12 15 18 19
11 46 -1 28 37 10 40
5 6 -1 12 15 18 19
9 44 -1 28 38 11 41
5 6 -1 12 15 18 19
7 43 -1 27 38 12 42
5 6 -1 12 15 18 19
5 41 -1 27 39 13 43
5 6 -1 12 15 18 19
4 39 -1 27 40 14 44
5 6 -1 12 15 18 19
2 37 -1 26 40 15 45
5 6 -1 12 15 18 19
0 35 -1 26 41 16 46
4 6 -1 12 15 18 19
58 34 -1 26 42 18 48
4 6 -1 12 15 18 19
56 32 -1 25 42 19 49
4 6 -1 12 15 18 19
54 30 -1 25 43 20 50
4 6 -1 12 15 18 19
52 28 -1 25 43 21 51
4 6 -1 12 15 18 19
50 26 -1 24 44 22 52
4 6 -1 12 15 18 19
48 24 -1 24 45 23 54
4 6 -1 12 15 18 19
46 23 -1 23 45 24 55
4 6 -1 12 15 18 19
46 23 -1 23 45 24 55
4 6 -1 12 15 18 19
42 19 -1 23 46 26 57
4 6 -1 12 15 18 19
40 17 -1 22 47 28 59
4 6 -1 12 15 18 20
38 15 -1 22 48 29 0
4 6 -1 12 15 18 20
36 13 -1 22 48 30 1
4 6 -1 12 15 18 20
34 12 -1 21 49 31 2
4 6 -1 12 15 18 20
32 10 -1 21 49 32 4
4 6 -1 12 15 18 20
30 8 -1 21 50 33 5
5 7 -1 13 16 19 21
28 6 -1 20 50 34 6
5 7 -1 13 16 19 21
26 4 -1 20 51 36 8
30






























1
По всем вопросам касающимся приложения обращайтесь по WhatsApp +79952867503
1
09.2026

      
	
