1
For advertising or questions send us e-mail kogdanamaz@gmail.com 
30
4 5 -1 11 15 18 19
17 34 -1 54 24 13 27
4 5 -1 11 15 18 19
18 35 -1 54 23 12 26
4 5 -1 11 15 18 19
19 35 -1 54 23 11 24
4 5 -1 11 15 18 19
19 35 -1 53 22 10 23
4 5 -1 11 15 18 19
20 36 -1 53 22 9 22
4 5 -1 11 15 18 19
20 36 -1 53 22 8 21
4 5 -1 11 15 18 19
21 36 -1 52 21 7 20
4 5 -1 11 15 18 19
21 37 -1 52 21 6 19
4 5 -1 11 15 18 19
21 37 -1 52 20 5 18
4 5 -1 11 15 18 19
22 37 -1 51 20 4 16
4 5 -1 11 15 18 19
22 38 -1 51 19 3 15
4 5 -1 11 15 18 19
23 38 -1 51 19 2 14
4 5 -1 11 15 18 19
23 39 -1 50 18 1 13
4 5 -1 11 15 18 19
24 39 -1 50 18 0 12
4 5 -1 11 15 17 19
24 39 -1 50 17 59 11
4 5 -1 11 15 17 19
25 40 -1 49 17 58 9
4 5 -1 11 15 17 19
25 40 -1 49 16 56 8
4 5 -1 11 15 17 19
26 40 -1 49 16 55 7
4 5 -1 11 15 17 19
26 41 -1 48 15 54 6
4 5 -1 11 15 17 19
26 41 -1 48 15 53 5
4 5 -1 11 15 17 19
27 42 -1 48 14 52 4
4 5 -1 11 15 17 19
27 42 -1 47 13 51 3
4 5 -1 11 15 17 19
28 42 -1 47 13 50 2
4 5 -1 11 15 17 19
28 43 -1 46 12 49 0
4 5 -1 11 15 17 18
29 43 -1 46 12 48 59
4 5 -1 11 15 17 18
29 43 -1 46 11 47 58
4 5 -1 11 15 17 18
29 44 -1 45 11 46 57
4 5 -1 11 15 17 18
30 44 -1 45 10 45 56
4 5 -1 11 15 17 18
30 45 -1 45 9 44 55
4 5 -1 11 15 17 18
31 45 -1 44 9 43 54
30






























1
По всем вопросам касающимся приложения обращайтесь по WhatsApp +79952867503
1
09.2026

      
	
