1
For advertising or questions send us e-mail kogdanamaz@gmail.com 
31
4 5 -1 11 15 17 18
37 50 -1 49 13 47 57
4 5 -1 11 15 17 18
37 50 -1 49 12 46 56
4 5 -1 11 15 17 18
37 50 -1 48 12 45 55
4 5 -1 11 15 17 18
38 51 -1 48 11 44 54
4 5 -1 11 15 17 18
38 51 -1 48 11 43 53
4 5 -1 11 15 17 18
38 51 -1 48 10 42 52
4 5 -1 11 15 17 18
39 52 -1 47 10 41 51
4 5 -1 11 15 17 18
39 52 -1 47 9 40 51
4 5 -1 11 15 17 18
39 53 -1 47 9 40 50
4 5 -1 11 15 17 18
40 53 -1 46 8 39 49
4 5 -1 11 15 17 18
40 53 -1 46 7 38 48
4 5 -1 11 15 17 18
40 54 -1 46 7 37 47
4 5 -1 11 15 17 18
41 54 -1 46 6 36 46
4 5 -1 11 15 17 18
41 54 -1 45 6 35 45
4 5 -1 11 15 17 18
41 55 -1 45 5 34 45
4 5 -1 11 15 17 18
42 55 -1 45 5 33 44
4 5 -1 11 15 17 18
42 56 -1 45 4 33 43
4 5 -1 11 15 17 18
42 56 -1 45 4 32 42
4 5 -1 11 15 17 18
43 56 -1 44 3 31 42
4 5 -1 11 15 17 18
43 57 -1 44 3 30 41
4 5 -1 11 15 17 18
44 57 -1 44 2 29 40
4 5 -1 11 15 17 18
44 58 -1 44 2 29 39
4 5 -1 11 15 17 18
44 58 -1 44 1 28 39
4 5 -1 11 15 17 18
45 59 -1 44 1 27 38
4 5 -1 11 15 17 18
45 59 -1 43 0 26 37
4 6 -1 11 15 17 18
46 0 -1 43 0 26 37
4 6 -1 11 14 17 18
46 0 -1 43 59 25 36
4 6 -1 11 14 17 18
46 1 -1 43 59 24 36
4 6 -1 11 14 17 18
47 1 -1 43 58 24 35
4 6 -1 11 14 17 18
47 2 -1 43 58 23 35
4 6 -1 11 14 17 18
48 2 -1 43 58 22 34
31































1
По всем вопросам касающимся приложения обращайтесь по WhatsApp +79952867503
1
10.2026

      
	