1
For advertising or questions send us e-mail kogdanamaz@gmail.com 
30
4 6 -1 12 15 17 19
58 22 -1 4 17 44 4
4 6 -1 12 15 17 19
57 21 -1 3 17 45 5
4 6 -1 12 15 17 19
56 20 -1 3 17 46 6
4 6 -1 12 15 17 19
54 18 -1 3 18 47 6
4 6 -1 12 15 17 19
53 17 -1 2 18 47 7
4 6 -1 12 15 17 19
51 16 -1 2 18 48 8
4 6 -1 12 15 17 19
50 14 -1 2 19 49 9
4 6 -1 12 15 17 19
49 13 -1 1 19 50 9
4 6 -1 12 15 17 19
47 11 -1 1 20 50 10
4 6 -1 12 15 17 19
46 10 -1 1 20 51 11
4 6 -1 12 15 17 19
44 9 -1 0 20 52 11
4 6 -1 12 15 17 19
43 7 -1 0 20 52 12
4 6 -1 12 15 17 19
43 7 -1 0 20 52 12
4 6 -1 12 15 17 19
41 6 -1 0 21 53 13
4 6 -1 11 15 17 19
38 3 -1 59 21 55 14
4 6 -1 11 15 17 19
37 1 -1 59 22 55 15
4 6 -1 11 15 17 19
35 0 -1 58 22 56 16
4 5 -1 11 15 17 19
34 58 -1 58 22 57 17
4 5 -1 11 15 17 19
32 57 -1 57 23 58 18
4 5 -1 11 15 17 19
31 55 -1 57 23 58 18
4 5 -1 11 15 17 19
29 54 -1 57 23 59 19
4 5 -1 11 15 18 19
28 53 -1 56 23 0 20
4 5 -1 11 15 18 19
26 51 -1 56 24 1 21
4 5 -1 11 15 18 19
25 50 -1 56 24 1 22
4 5 -1 11 15 18 19
23 48 -1 55 24 2 23
4 5 -1 11 15 18 19
22 47 -1 55 24 3 23
4 5 -1 11 15 18 19
22 47 -1 55 24 3 23
4 5 -1 11 15 18 19
20 45 -1 55 24 4 24
4 5 -1 11 15 18 19
17 42 -1 54 25 5 26
4 5 -1 11 15 18 19
15 41 -1 54 25 6 27
30






























1
По всем вопросам касающимся приложения обращайтесь по WhatsApp +79952867503
1
09.2026

      
	
