1
For advertising or questions send us e-mail kogdanamaz@gmail.com 
30
3 5 -1 12 17 19 21
38 25 -1 28 9 21 7
3 5 -1 12 17 19 21
41 27 -1 28 7 18 4
3 5 -1 12 17 19 21
43 29 -1 28 5 16 1
3 5 -1 12 17 19 20
46 30 -1 27 3 13 58
3 5 -1 12 17 19 20
48 32 -1 27 1 11 55
3 5 -1 12 16 19 20
51 34 -1 27 59 8 51
3 5 -1 12 16 19 20
53 36 -1 26 57 6 48
3 5 -1 12 16 19 20
56 38 -1 26 55 3 45
3 5 -1 12 16 19 20
58 40 -1 26 53 1 42
4 5 -1 12 16 18 20
0 42 -1 25 51 58 39
4 5 -1 12 16 18 20
3 43 -1 25 49 56 36
4 5 -1 12 16 18 20
5 45 -1 25 47 53 33
4 5 -1 12 16 18 20
7 47 -1 24 45 51 30
4 5 -1 12 16 18 20
10 49 -1 24 42 48 27
4 5 -1 12 16 18 20
12 51 -1 24 40 45 24
4 5 -1 12 16 18 20
14 53 -1 23 38 43 21
4 5 -1 12 16 18 20
16 54 -1 23 36 40 18
4 5 -1 12 16 18 20
19 56 -1 23 34 38 15
4 5 -1 12 16 18 20
21 58 -1 22 32 35 12
4 6 -1 12 16 18 20
23 0 -1 22 30 33 9
4 6 -1 12 16 18 20
25 2 -1 21 27 30 6
4 6 -1 12 16 18 20
27 4 -1 21 25 27 4
4 6 -1 12 16 18 20
29 6 -1 21 23 25 1
4 6 -1 12 16 18 19
32 7 -1 20 21 22 58
4 6 -1 12 16 18 19
34 9 -1 20 19 20 55
4 6 -1 12 16 18 19
36 11 -1 20 17 17 52
4 6 -1 12 16 18 19
38 13 -1 19 14 15 50
4 6 -1 12 16 18 19
40 15 -1 19 12 12 47
4 6 -1 12 16 18 19
42 17 -1 19 10 10 44
4 6 -1 12 16 18 19
44 19 -1 18 8 7 42
30






























1
По всем вопросам касающимся приложения обращайтесь по WhatsApp +79952867503
1
09.2026

      
	
