1
For advertising or questions send us e-mail kogdanamaz@gmail.com 
30
5 6 -1 12 15 17 19
3 37 -1 11 15 45 14
5 6 -1 12 15 17 19
1 35 -1 11 16 46 15
4 6 -1 12 15 17 19
59 34 -1 11 16 47 16
4 6 -1 12 15 17 19
58 32 -1 10 17 48 17
4 6 -1 12 15 17 19
56 30 -1 10 18 49 18
4 6 -1 12 15 17 19
54 28 -1 10 18 50 19
4 6 -1 12 15 17 19
53 27 -1 9 19 51 20
4 6 -1 12 15 17 19
51 25 -1 9 20 53 22
4 6 -1 12 15 17 19
49 23 -1 9 20 54 23
4 6 -1 12 15 17 19
47 21 -1 8 21 55 24
4 6 -1 12 15 17 19
45 20 -1 8 22 56 25
4 6 -1 12 15 17 19
44 18 -1 8 22 57 26
4 6 -1 12 15 17 19
44 18 -1 8 22 57 26
4 6 -1 12 15 17 19
42 16 -1 7 23 58 27
4 6 -1 12 15 18 19
38 13 -1 6 24 0 29
4 6 -1 12 15 18 19
36 11 -1 6 25 1 31
4 6 -1 12 15 18 19
34 9 -1 6 25 2 32
4 6 -1 12 15 18 19
32 7 -1 5 26 3 33
4 6 -1 12 15 18 19
30 5 -1 5 26 4 34
4 6 -1 12 15 18 19
28 4 -1 5 27 5 35
4 6 -1 12 15 18 19
27 2 -1 4 27 7 36
4 6 -1 12 15 18 19
25 0 -1 4 28 8 38
4 5 -1 12 15 18 19
23 58 -1 4 29 9 39
4 5 -1 12 15 18 19
21 56 -1 3 29 10 40
4 5 -1 12 15 18 19
19 55 -1 3 30 11 41
4 5 -1 12 15 18 19
17 53 -1 3 30 12 43
4 5 -1 12 15 18 19
17 53 -1 3 30 12 43
4 5 -1 12 15 18 19
15 51 -1 2 31 13 44
4 5 -1 12 15 18 19
11 47 -1 2 32 15 47
4 5 -1 12 15 18 19
9 46 -1 1 32 17 48
30






























1
По всем вопросам касающимся приложения обращайтесь по WhatsApp +79952867503
1
09.2026

      
	
