1
For advertising or questions send us e-mail kogdanamaz@gmail.com 
31
5 6 -1 12 15 18 19
20 30 -1 37 53 43 50
5 6 -1 12 15 18 19
19 29 -1 37 52 43 50
5 6 -1 12 15 18 19
18 28 -1 36 51 43 50
5 6 -1 12 15 18 19
18 28 -1 36 51 43 50
5 6 -1 12 15 18 19
17 27 -1 36 50 43 50
5 6 -1 12 15 18 19
16 27 -1 35 49 43 50
5 6 -1 12 15 18 19
16 26 -1 35 49 43 50
5 6 -1 12 15 18 19
15 25 -1 35 48 43 51
5 6 -1 12 15 18 19
14 25 -1 34 47 44 51
5 6 -1 12 15 18 19
13 24 -1 34 47 44 51
5 6 -1 12 15 18 19
13 23 -1 34 46 44 51
5 6 -1 12 15 18 19
12 23 -1 34 45 44 51
5 6 -1 12 15 18 19
11 22 -1 33 45 44 51
5 6 -1 12 15 18 19
11 22 -1 33 44 44 52
5 6 -1 12 15 18 19
10 21 -1 33 43 44 52
5 6 -1 12 15 18 19
9 21 -1 33 42 44 52
5 6 -1 12 15 18 19
9 20 -1 33 42 44 52
5 6 -1 12 15 18 19
8 19 -1 32 41 44 52
5 6 -1 12 15 18 19
7 19 -1 32 40 45 53
5 6 -1 12 15 18 19
7 18 -1 32 40 45 53
5 6 -1 12 15 18 19
6 18 -1 32 39 45 53
5 6 -1 12 15 18 19
6 17 -1 32 38 45 53
5 6 -1 12 15 18 19
5 17 -1 32 38 45 54
5 6 -1 12 15 18 19
4 16 -1 31 37 46 54
5 6 -1 12 15 18 19
4 16 -1 31 36 46 54
5 6 -1 12 15 18 19
3 16 -1 31 36 46 55
5 6 -1 12 15 18 19
3 15 -1 31 37 46 55
5 6 -1 12 15 18 19
2 15 -1 31 38 46 55
5 6 -1 12 15 18 19
2 14 -1 31 38 47 56
5 6 -1 12 15 18 19
1 14 -1 31 39 47 56
5 6 -1 12 15 18 19
1 14 -1 31 40 47 56
31































1
По всем вопросам касающимся приложения обращайтесь по WhatsApp +79952867503
1
10.2026

      
	