1
For advertising or questions send us e-mail kogdanamaz@gmail.com 
31
4 5 -1 12 15 18 19
27 52 -1 6 38 19 40
4 5 -1 12 15 18 19
25 51 -1 6 38 20 41
4 5 -1 12 15 18 19
24 49 -1 5 38 21 42
4 5 -1 12 15 18 19
22 48 -1 5 38 21 43
4 5 -1 12 15 18 19
20 47 -1 5 38 22 44
5 6 -1 13 16 19 20
19 45 -1 4 39 23 44
5 6 -1 13 16 19 20
17 44 -1 4 39 24 45
5 6 -1 13 16 19 20
16 42 -1 4 39 25 46
5 6 -1 13 16 19 20
14 41 -1 3 39 25 47
5 6 -1 13 16 19 20
13 40 -1 3 39 26 48
5 6 -1 13 16 19 20
11 38 -1 3 40 27 49
5 6 -1 13 16 19 20
10 37 -1 3 40 28 50
5 6 -1 13 16 19 20
8 36 -1 2 40 29 51
5 6 -1 13 16 19 20
7 34 -1 2 40 30 52
5 6 -1 13 16 19 20
7 34 -1 2 40 30 52
5 6 -1 13 16 19 20
4 32 -1 2 40 31 55
5 6 -1 13 16 19 20
2 31 -1 2 40 32 56
5 6 -1 13 16 19 20
0 29 -1 1 41 33 57
4 6 -1 13 16 19 20
59 28 -1 1 41 34 58
4 6 -1 13 16 19 20
57 27 -1 1 41 35 59
4 6 -1 13 16 19 21
56 26 -1 1 41 36 0
4 6 -1 13 16 19 21
54 24 -1 1 41 36 1
4 6 -1 13 16 19 21
53 23 -1 0 42 37 2
4 6 -1 13 16 19 21
52 22 -1 0 42 38 4
4 6 -1 13 16 19 21
50 21 -1 0 42 39 5
4 6 -1 13 16 19 21
49 20 -1 0 42 40 6
4 6 -1 13 16 19 21
47 19 -1 0 42 41 7
4 6 -1 13 16 19 21
46 17 -1 0 42 42 8
4 6 -1 13 16 19 21
44 16 -1 0 43 43 10
4 6 -1 13 16 19 21
44 16 -1 0 43 43 10
4 6 -1 13 16 19 21
42 14 -1 0 43 45 12
31































1
По всем вопросам касающимся приложения обращайтесь по WhatsApp +79952867503
1
10.2026

      
	
