1
For advertising or questions send us e-mail kogdanamaz@gmail.com 
30
5 6 -1 12 15 17 19
14 42 -1 21 31 59 22
5 6 -1 12 15 18 19
13 40 -1 20 31 0 23
5 6 -1 12 15 18 19
12 39 -1 20 32 1 23
5 6 -1 12 15 18 19
10 37 -1 20 32 2 24
5 6 -1 12 15 18 19
9 36 -1 19 33 3 25
5 6 -1 12 15 18 19
7 34 -1 19 33 3 26
5 6 -1 12 15 18 19
6 33 -1 19 34 4 27
5 6 -1 12 15 18 19
4 31 -1 18 34 5 28
5 6 -1 12 15 18 19
3 30 -1 18 35 6 28
5 6 -1 12 15 18 19
1 28 -1 18 35 7 29
4 6 -1 12 15 18 19
59 27 -1 17 35 8 30
4 6 -1 12 15 18 19
58 25 -1 17 36 8 31
4 6 -1 12 15 18 19
58 25 -1 17 36 8 31
4 6 -1 12 15 18 19
56 24 -1 17 36 9 32
4 6 -1 12 15 18 19
53 20 -1 16 37 11 34
4 6 -1 12 15 18 19
52 19 -1 16 37 12 34
4 6 -1 12 15 18 19
50 17 -1 15 38 13 35
4 6 -1 12 15 18 19
48 16 -1 15 38 14 36
4 6 -1 12 15 18 19
47 14 -1 14 39 14 37
4 6 -1 12 15 18 19
45 13 -1 14 39 15 38
4 6 -1 12 15 18 19
43 11 -1 14 39 16 39
4 6 -1 12 15 18 19
42 10 -1 13 40 17 40
4 6 -1 12 15 18 19
40 8 -1 13 40 18 41
4 6 -1 12 15 18 19
38 6 -1 13 40 19 42
4 6 -1 12 15 18 19
37 5 -1 12 41 20 43
4 6 -1 12 15 18 19
35 3 -1 12 41 20 44
4 6 -1 12 15 18 19
35 3 -1 12 41 20 44
4 6 -1 12 15 18 19
33 2 -1 12 41 21 45
4 5 -1 12 15 18 19
30 59 -1 11 42 23 47
4 5 -1 12 15 18 19
28 57 -1 11 42 24 48
30






























1
По всем вопросам касающимся приложения обращайтесь по WhatsApp +79952867503
1
09.2026

      
	
