1
For advertising or questions send us e-mail kogdanamaz@gmail.com 
31
4 5 -1 11 15 17 19
9 27 -1 38 8 49 3
4 5 -1 11 15 17 19
8 26 -1 38 7 49 3
4 5 -1 11 15 17 19
6 25 -1 38 7 50 4
4 5 -1 11 15 17 19
5 24 -1 37 7 50 5
4 5 -1 11 15 17 19
4 23 -1 37 7 51 5
4 5 -1 11 15 17 19
3 21 -1 37 7 51 6
4 5 -1 11 15 17 19
1 20 -1 36 7 52 6
4 5 -1 11 15 17 19
0 19 -1 36 7 52 7
3 5 -1 11 15 17 19
59 18 -1 36 7 53 8
3 5 -1 11 15 17 19
58 17 -1 36 7 53 8
3 5 -1 11 15 17 19
57 16 -1 35 7 54 9
3 5 -1 11 15 17 19
57 16 -1 35 7 54 9
3 5 -1 11 15 17 19
55 15 -1 35 6 54 10
3 5 -1 11 15 17 19
53 13 -1 35 6 56 11
3 5 -1 11 15 17 19
52 12 -1 34 6 56 12
3 5 -1 11 15 17 19
51 11 -1 34 6 57 13
3 5 -1 11 15 17 19
49 10 -1 34 6 57 13
3 5 -1 11 15 17 19
48 9 -1 34 6 58 14
3 5 -1 11 15 17 19
47 8 -1 33 6 58 15
3 5 -1 11 15 17 19
46 7 -1 33 6 59 16
3 5 -1 11 15 18 19
45 6 -1 33 6 0 16
3 5 -1 11 15 18 19
44 5 -1 33 5 0 17
3 5 -1 11 15 18 19
43 4 -1 33 5 1 18
3 5 -1 11 15 18 19
42 3 -1 33 5 2 19
3 5 -1 11 15 18 19
40 2 -1 33 5 2 20
3 5 -1 11 15 18 19
39 1 -1 32 5 3 21
3 5 -1 11 15 18 19
39 1 -1 32 5 3 21
3 5 -1 11 15 18 19
38 1 -1 32 5 4 21
3 4 -1 11 15 18 19
36 59 -1 32 5 5 23
3 4 -1 11 15 18 19
35 58 -1 32 5 6 24
3 4 -1 11 15 18 19
34 57 -1 32 5 6 25
31































1
По всем вопросам касающимся приложения обращайтесь по WhatsApp +79952867503
1
10.2026

      
	