1
For advertising or questions send us e-mail kogdanamaz@gmail.com 
30
4 5 -1 12 15 18 20
8 42 -1 15 55 47 16
4 5 -1 12 15 18 20
9 42 -1 15 54 45 14
4 5 -1 12 15 18 20
11 43 -1 14 53 44 12
4 5 -1 12 15 18 20
12 44 -1 14 52 42 10
4 5 -1 12 15 18 20
13 45 -1 14 51 40 9
4 5 -1 12 15 18 20
14 46 -1 13 51 39 7
4 5 -1 12 15 18 20
15 47 -1 13 50 37 5
4 5 -1 12 15 18 20
17 48 -1 13 49 36 3
4 5 -1 12 15 18 20
18 49 -1 12 48 34 1
4 5 -1 12 15 18 19
19 50 -1 12 47 32 59
4 5 -1 12 15 18 19
20 51 -1 12 46 31 57
4 5 -1 12 15 18 19
21 52 -1 11 44 29 56
4 5 -1 12 15 18 19
22 53 -1 11 43 27 54
4 5 -1 12 15 18 19
24 54 -1 11 42 26 52
4 5 -1 12 15 18 19
25 55 -1 10 41 24 50
4 5 -1 12 15 18 19
26 56 -1 10 40 22 48
4 5 -1 12 15 18 19
27 57 -1 9 39 21 47
4 5 -1 12 15 18 19
28 57 -1 9 38 19 45
4 5 -1 12 15 18 19
29 58 -1 9 37 18 43
4 5 -1 12 15 18 19
30 59 -1 8 36 16 41
4 6 -1 12 15 18 19
31 0 -1 8 35 14 39
4 6 -1 12 15 18 19
32 1 -1 8 34 13 38
4 6 -1 12 15 18 19
33 2 -1 7 32 11 36
4 6 -1 12 15 18 19
35 3 -1 7 31 9 34
4 6 -1 12 15 18 19
36 4 -1 7 30 8 32
4 6 -1 12 15 18 19
37 5 -1 6 29 6 31
4 6 -1 12 15 18 19
38 6 -1 6 28 4 29
4 6 -1 12 15 18 19
39 7 -1 6 27 3 27
4 6 -1 12 15 18 19
40 8 -1 5 26 1 26
4 6 -1 12 15 17 19
41 9 -1 5 24 59 24
30






























1
По всем вопросам касающимся приложения обращайтесь по WhatsApp +79952867503
1
09.2026

      
	
