1
For advertising or questions send us e-mail kogdanamaz@gmail.com 
30
4 6 -1 13 17 20 21
41 21 -1 30 59 9 39
4 6 -1 13 17 20 21
43 23 -1 30 56 6 36
4 6 -1 13 17 20 21
45 24 -1 30 54 4 34
4 6 -1 13 17 20 21
47 26 -1 30 51 1 31
4 6 -1 13 17 19 21
48 28 -1 30 49 59 29
4 6 -1 13 17 19 21
50 30 -1 30 46 56 26
4 6 -1 13 17 19 21
52 32 -1 30 44 54 24
4 6 -1 13 17 19 21
54 34 -1 30 41 51 21
4 6 -1 13 17 19 21
55 35 -1 30 39 49 19
4 6 -1 13 17 19 21
57 37 -1 30 36 46 16
4 6 -1 13 17 19 21
59 39 -1 30 34 44 14
5 6 -1 13 17 19 21
1 41 -1 30 31 41 11
5 6 -1 13 17 19 21
3 43 -1 30 29 39 9
5 6 -1 13 17 19 21
5 45 -1 30 26 36 6
5 6 -1 13 17 19 21
7 47 -1 30 24 34 4
5 6 -1 13 17 19 21
8 48 -1 30 21 31 1
5 6 -1 13 17 19 20
10 50 -1 30 20 28 58
5 6 -1 13 17 19 20
12 52 -1 30 19 26 56
5 6 -1 13 17 19 20
14 54 -1 30 18 23 53
5 6 -1 13 17 19 20
16 56 -1 30 18 21 51
5 6 -1 13 17 19 20
18 58 -1 30 15 18 48
5 6 -1 13 17 19 20
19 59 -1 30 14 16 46
5 7 -1 13 17 19 20
21 1 -1 30 13 13 43
5 7 -1 13 17 19 20
23 3 -1 30 11 11 41
5 7 -1 13 17 19 20
25 5 -1 30 8 8 38
5 7 -1 13 17 19 20
27 7 -1 30 5 5 35
5 7 -1 13 17 19 20
29 9 -1 30 3 3 33
5 7 -1 13 17 19 20
31 11 -1 30 0 0 30
5 7 -1 13 16 18 20
33 13 -1 30 58 58 28
5 7 -1 13 16 18 20
34 14 -1 30 55 55 25
30






























1
По всем вопросам касающимся приложения обращайтесь по WhatsApp +79952867503
1
09.2026

      
	
