1
For advertising or questions send us e-mail kogdanamaz@gmail.com 
30
5 7 -1 14 17 20 22
52 32 -1 10 52 46 22
5 7 -1 14 17 20 22
53 34 -1 10 51 44 20
5 7 -1 14 17 20 22
55 35 -1 10 50 43 18
5 7 -1 14 17 20 22
56 36 -1 9 49 41 16
5 7 -1 14 17 20 22
58 37 -1 9 48 39 14
5 7 -1 14 17 20 22
59 38 -1 9 46 37 12
6 7 -1 14 17 20 22
1 39 -1 8 45 35 10
6 7 -1 14 17 20 22
2 40 -1 8 44 34 7
6 7 -1 14 17 20 22
4 41 -1 8 43 32 5
6 7 -1 14 17 20 22
5 43 -1 7 42 30 3
6 7 -1 14 17 20 22
6 44 -1 7 41 28 1
6 7 -1 14 17 20 21
8 45 -1 6 39 26 59
6 7 -1 14 17 20 21
9 46 -1 6 38 25 57
6 7 -1 14 17 20 21
11 47 -1 6 37 23 55
6 7 -1 14 17 20 21
12 48 -1 5 36 21 53
6 7 -1 14 17 20 21
13 49 -1 5 35 19 51
6 7 -1 14 17 20 21
15 50 -1 5 33 17 49
6 7 -1 14 17 20 21
16 52 -1 4 32 15 47
6 7 -1 14 17 20 21
17 53 -1 4 31 13 45
6 7 -1 14 17 20 21
19 54 -1 4 29 12 43
6 7 -1 14 17 20 21
20 55 -1 3 28 10 41
6 7 -1 14 17 20 21
21 56 -1 3 27 8 39
6 7 -1 14 17 20 21
22 57 -1 3 26 6 37
6 7 -1 14 17 20 21
24 58 -1 2 24 4 35
6 8 -1 14 17 20 21
25 0 -1 2 23 2 33
6 8 -1 14 17 20 21
26 1 -1 2 22 1 31
6 8 -1 14 17 19 21
28 2 -1 1 20 59 29
6 8 -1 14 17 19 21
29 3 -1 1 19 57 27
6 8 -1 14 17 19 21
30 4 -1 0 18 55 25
6 8 -1 14 17 19 21
31 5 -1 0 16 53 23
30






























1
По всем вопросам касающимся приложения обращайтесь по WhatsApp +79952867503
1
09.2026

      
	
