1
For advertising or questions send us e-mail kogdanamaz@gmail.com 
31
4 5 -1 11 15 17 18
28 47 -1 44 7 40 56
4 5 -1 11 15 17 18
29 48 -1 44 7 39 54
4 5 -1 11 15 17 18
30 48 -1 44 6 38 53
4 5 -1 11 15 17 18
30 49 -1 43 5 36 52
4 5 -1 11 15 17 18
31 50 -1 43 4 35 51
4 5 -1 11 15 17 18
32 50 -1 43 3 34 49
4 5 -1 11 15 17 18
32 51 -1 43 2 33 48
4 5 -1 11 15 17 18
33 52 -1 42 2 31 47
4 5 -1 11 15 17 18
33 52 -1 42 1 30 46
4 5 -1 11 15 17 18
34 53 -1 42 0 29 45
4 5 -1 11 14 17 18
35 54 -1 41 59 28 44
4 5 -1 11 14 17 18
35 54 -1 41 58 27 42
4 5 -1 11 14 17 18
36 55 -1 41 57 26 41
4 5 -1 11 14 17 18
37 56 -1 41 57 24 40
4 5 -1 11 14 17 18
37 56 -1 40 56 23 39
4 5 -1 11 14 17 18
38 57 -1 40 55 22 38
4 5 -1 11 14 17 18
39 58 -1 40 54 21 37
4 5 -1 11 14 17 18
39 58 -1 40 53 20 36
4 5 -1 11 14 17 18
40 59 -1 40 52 19 35
4 6 -1 11 14 17 18
40 0 -1 39 52 18 34
4 6 -1 11 14 17 18
41 1 -1 39 51 17 33
4 6 -1 11 14 17 18
42 1 -1 39 50 16 32
4 6 -1 11 14 17 18
42 2 -1 39 49 15 31
4 6 -1 11 14 17 18
43 3 -1 39 49 14 30
4 6 -1 11 14 17 18
44 4 -1 39 48 13 29
4 6 -1 11 14 17 18
44 4 -1 39 47 12 28
4 6 -1 11 14 17 18
45 5 -1 39 46 11 27
4 6 -1 11 14 17 18
46 6 -1 38 46 10 26
4 6 -1 11 14 17 18
46 7 -1 38 45 9 26
4 6 -1 11 14 17 18
47 7 -1 38 44 8 25
4 6 -1 11 14 17 18
48 8 -1 38 44 7 24
31































1
По всем вопросам касающимся приложения обращайтесь по WhatsApp +79952867503
1
10.2026

      
	
