1
For advertising or questions send us e-mail kogdanamaz@gmail.com 
31
6 7 -1 13 17 19 20
31 48 -1 46 9 42 56
6 7 -1 13 17 19 20
31 49 -1 45 8 41 55
6 7 -1 13 17 19 20
32 49 -1 45 8 40 54
6 7 -1 13 17 19 20
32 50 -1 45 7 38 53
6 7 -1 13 17 19 20
33 51 -1 45 6 37 52
6 7 -1 13 17 19 20
34 51 -1 44 5 36 50
6 7 -1 13 17 19 20
34 52 -1 44 5 35 49
6 7 -1 13 17 19 20
35 52 -1 44 4 34 48
6 7 -1 13 17 19 20
35 53 -1 43 3 32 47
6 7 -1 13 17 19 20
36 54 -1 43 2 31 46
6 7 -1 13 17 19 20
36 54 -1 43 1 30 45
6 7 -1 13 17 19 20
37 55 -1 43 1 29 44
6 7 -1 13 17 19 20
38 55 -1 42 0 28 43
6 7 -1 13 16 19 20
38 56 -1 42 59 27 42
6 7 -1 13 16 19 20
39 57 -1 42 58 26 40
6 7 -1 13 16 19 20
39 57 -1 42 58 25 39
6 7 -1 13 16 19 20
40 58 -1 41 57 24 38
6 7 -1 13 16 19 20
40 59 -1 41 56 23 37
6 7 -1 13 16 19 20
41 59 -1 41 55 22 36
6 8 -1 13 16 19 20
42 0 -1 41 55 21 36
6 8 -1 13 16 19 20
42 1 -1 41 54 20 35
6 8 -1 13 16 19 20
43 1 -1 41 53 19 34
6 8 -1 13 16 19 20
43 2 -1 40 52 18 33
6 8 -1 13 16 19 20
44 3 -1 40 52 17 32
6 8 -1 13 16 19 20
45 3 -1 40 51 16 31
6 8 -1 13 16 19 20
45 4 -1 40 50 15 30
6 8 -1 13 16 19 20
46 5 -1 40 50 14 29
6 8 -1 13 16 19 20
47 5 -1 40 49 13 29
6 8 -1 13 16 19 20
47 6 -1 40 48 12 28
6 8 -1 13 16 19 20
48 7 -1 40 48 11 27
6 8 -1 13 16 19 20
48 8 -1 40 47 10 26
31































1
По всем вопросам касающимся приложения обращайтесь по WhatsApp +79952867503
1
10.2026

      
	
