1
For advertising or questions send us e-mail kogdanamaz@gmail.com 
30
4 6 -1 12 16 19 20
53 24 -1 55 35 26 53
4 6 -1 12 16 19 20
54 24 -1 55 34 24 51
4 6 -1 12 16 19 20
55 25 -1 55 33 23 49
4 6 -1 12 16 19 20
56 26 -1 54 32 21 47
4 6 -1 12 16 19 20
57 27 -1 54 31 20 46
4 6 -1 12 16 19 20
58 28 -1 54 31 18 44
4 6 -1 12 16 19 20
59 29 -1 53 30 17 42
5 6 -1 12 16 19 20
0 30 -1 53 29 15 40
5 6 -1 12 16 19 20
1 31 -1 53 28 13 39
5 6 -1 12 16 19 20
3 31 -1 52 27 12 37
5 6 -1 12 16 19 20
4 32 -1 52 26 10 35
5 6 -1 12 16 19 20
5 33 -1 52 25 9 33
5 6 -1 12 16 19 20
6 34 -1 51 24 7 32
5 6 -1 12 16 19 20
7 35 -1 51 23 6 30
5 6 -1 12 16 19 20
8 36 -1 51 22 4 28
5 6 -1 12 16 19 20
9 37 -1 50 21 2 26
5 6 -1 12 16 19 20
10 37 -1 50 20 1 25
5 6 -1 12 16 18 20
11 38 -1 50 19 59 23
5 6 -1 12 16 18 20
12 39 -1 49 18 58 21
5 6 -1 12 16 18 20
13 40 -1 49 17 56 20
5 6 -1 12 16 18 20
14 41 -1 49 16 54 18
5 6 -1 12 16 18 20
15 42 -1 48 15 53 16
5 6 -1 12 16 18 20
16 43 -1 48 13 51 14
5 6 -1 12 16 18 20
17 44 -1 47 12 50 13
5 6 -1 12 16 18 20
18 45 -1 47 11 48 11
5 6 -1 12 16 18 20
19 45 -1 47 10 46 9
5 6 -1 12 16 18 20
20 46 -1 46 9 45 8
5 6 -1 12 16 18 20
21 47 -1 46 8 43 6
5 6 -1 12 16 18 20
22 48 -1 46 7 42 5
5 6 -1 12 16 18 20
23 49 -1 45 6 40 3
30






























1
По всем вопросам касающимся приложения обращайтесь по WhatsApp +79952867503
1
09.2026

      
	
