1
For advertising or questions send us e-mail kogdanamaz@gmail.com 
31
5 6 -1 12 15 18 19
0 29 -1 24 41 16 42
5 6 -1 12 15 18 19
1 30 -1 23 40 15 40
5 6 -1 12 15 18 19
2 31 -1 23 39 13 39
5 6 -1 12 15 18 19
3 32 -1 23 38 11 37
5 6 -1 12 15 18 19
4 33 -1 22 37 10 35
5 6 -1 12 15 18 19
5 34 -1 22 35 8 34
5 6 -1 12 15 18 19
6 35 -1 22 34 7 32
5 6 -1 12 15 18 19
7 36 -1 21 33 5 30
5 6 -1 12 15 18 19
8 37 -1 21 32 3 29
5 6 -1 12 15 18 19
9 39 -1 21 31 2 27
5 6 -1 12 15 18 19
10 40 -1 21 29 0 26
5 6 -1 12 15 17 19
11 41 -1 20 28 59 24
5 6 -1 12 15 17 19
13 42 -1 20 27 57 23
5 6 -1 12 15 17 19
14 43 -1 20 26 55 21
5 6 -1 12 15 17 19
15 44 -1 20 25 54 20
5 6 -1 12 15 17 19
16 45 -1 19 24 52 18
5 6 -1 12 15 17 19
17 46 -1 19 22 51 17
5 6 -1 12 15 17 19
18 47 -1 19 21 49 15
5 6 -1 12 15 17 19
19 48 -1 19 20 48 14
5 6 -1 12 15 17 19
20 49 -1 19 19 46 12
5 6 -1 12 15 17 19
21 50 -1 19 18 45 11
5 6 -1 12 15 17 19
22 52 -1 18 17 44 10
5 6 -1 12 15 17 19
23 53 -1 18 16 42 8
5 6 -1 12 15 17 19
24 54 -1 18 14 41 7
5 6 -1 12 15 17 19
25 55 -1 18 13 39 6
5 6 -1 12 15 17 19
26 56 -1 18 12 38 5
5 6 -1 12 15 17 19
27 57 -1 18 11 37 3
5 6 -1 12 15 17 19
28 58 -1 18 10 35 2
5 7 -1 12 15 17 19
29 0 -1 18 9 34 1
5 7 -1 12 15 17 19
30 1 -1 18 8 33 0
5 7 -1 12 15 17 18
31 2 -1 18 7 32 59
31































1
По всем вопросам касающимся приложения обращайтесь по WhatsApp +79952867503
1
10.2026

      
	
