1
For advertising or questions send us e-mail kogdanamaz@gmail.com 
31
4 5 -1 11 15 17 19
39 58 -1 55 18 51 7
4 5 -1 11 15 17 19
39 59 -1 55 17 49 6
4 5 -1 11 15 17 19
40 59 -1 54 16 48 4
4 6 -1 11 15 17 19
41 0 -1 54 15 47 3
4 6 -1 11 15 17 19
41 1 -1 54 14 45 2
4 6 -1 11 15 17 19
42 1 -1 54 14 44 0
4 6 -1 11 15 17 18
43 2 -1 53 13 43 59
4 6 -1 11 15 17 18
43 3 -1 53 12 42 58
4 6 -1 11 15 17 18
44 3 -1 53 11 40 57
4 6 -1 11 15 17 18
45 4 -1 52 10 39 56
4 6 -1 11 15 17 18
45 5 -1 52 9 38 54
4 6 -1 11 15 17 18
46 6 -1 52 8 37 53
4 6 -1 11 15 17 18
47 6 -1 52 7 36 52
4 6 -1 11 15 17 18
47 7 -1 51 7 34 51
4 6 -1 11 15 17 18
48 8 -1 51 6 33 50
4 6 -1 11 15 17 18
49 8 -1 51 5 32 49
4 6 -1 11 15 17 18
49 9 -1 51 4 31 48
4 6 -1 11 15 17 18
50 10 -1 51 3 30 46
4 6 -1 11 15 17 18
51 11 -1 50 2 29 45
4 6 -1 11 15 17 18
51 11 -1 50 2 28 44
4 6 -1 11 15 17 18
52 12 -1 50 1 27 43
4 6 -1 11 15 17 18
53 13 -1 50 0 25 42
4 6 -1 11 14 17 18
53 14 -1 50 59 24 41
4 6 -1 11 14 17 18
54 14 -1 50 58 23 40
4 6 -1 11 14 17 18
55 15 -1 49 58 22 39
4 6 -1 11 14 17 18
55 16 -1 49 57 21 39
4 6 -1 11 14 17 18
56 17 -1 49 56 20 38
4 6 -1 11 14 17 18
57 18 -1 49 55 19 37
4 6 -1 11 14 17 18
58 18 -1 49 55 18 36
4 6 -1 11 14 17 18
58 19 -1 49 54 18 35
4 6 -1 11 14 17 18
59 20 -1 49 53 17 34
31































1
По всем вопросам касающимся приложения обращайтесь по WhatsApp +79952867503
1
10.2026

      
	
