1
For advertising or questions send us e-mail kogdanamaz@gmail.com 
31
3 5 -1 11 14 17 18
54 31 -1 24 37 15 48
3 5 -1 11 14 17 18
55 32 -1 23 35 13 46
3 5 -1 11 14 17 18
56 33 -1 23 34 11 44
3 5 -1 11 14 17 18
58 35 -1 23 33 9 42
3 5 -1 11 14 17 18
59 36 -1 22 31 7 40
4 5 -1 11 14 17 18
0 37 -1 22 30 5 38
4 5 -1 11 14 17 18
2 39 -1 22 28 3 36
4 5 -1 11 14 17 18
3 40 -1 22 27 1 34
4 5 -1 11 14 17 18
4 41 -1 21 25 0 32
4 5 -1 11 14 16 18
6 42 -1 21 24 58 30
4 5 -1 11 14 16 18
7 44 -1 21 23 56 29
4 5 -1 11 14 16 18
8 45 -1 20 21 54 27
4 5 -1 11 14 16 18
10 46 -1 20 20 52 25
4 5 -1 11 14 16 18
11 48 -1 20 18 50 23
4 5 -1 11 14 16 18
12 49 -1 20 17 49 21
4 5 -1 11 14 16 18
14 50 -1 20 16 47 20
4 5 -1 11 14 16 18
15 52 -1 19 14 45 18
4 5 -1 11 14 16 18
16 53 -1 19 13 43 16
4 5 -1 11 14 16 18
17 54 -1 19 12 42 15
4 5 -1 11 14 16 18
19 56 -1 19 10 40 13
4 5 -1 11 14 16 18
20 57 -1 19 9 38 11
4 5 -1 11 14 16 18
21 59 -1 18 8 37 10
4 6 -1 11 14 16 18
22 0 -1 18 6 35 8
4 6 -1 11 14 16 18
24 1 -1 18 5 33 7
4 6 -1 11 14 16 18
25 3 -1 18 4 32 5
4 6 -1 11 14 16 18
26 4 -1 18 2 30 4
4 6 -1 11 14 16 18
27 5 -1 18 1 28 2
4 6 -1 11 14 16 18
29 7 -1 18 0 27 1
4 6 -1 11 13 16 18
30 8 -1 18 59 25 0
4 6 -1 11 13 16 17
31 10 -1 18 57 24 58
4 6 -1 11 13 16 17
32 11 -1 18 56 22 57
31































1
По всем вопросам касающимся приложения обращайтесь по WhatsApp +79952867503
1
10.2026

      
	
