1
For advertising or questions send us e-mail kogdanamaz@gmail.com 
31
4 6 -1 12 15 17 19
39 7 -1 1 21 55 18
4 6 -1 12 15 17 19
40 7 -1 1 19 53 17
4 6 -1 12 15 17 19
41 8 -1 1 18 52 15
4 6 -1 12 15 17 19
42 9 -1 1 17 50 13
4 6 -1 12 15 17 19
43 10 -1 0 16 49 12
4 6 -1 12 15 17 19
44 11 -1 0 15 47 10
4 6 -1 12 15 17 19
45 12 -1 0 14 46 9
4 6 -1 11 15 17 19
46 13 -1 59 13 44 7
4 6 -1 11 15 17 19
47 14 -1 59 12 42 6
4 6 -1 11 15 17 19
48 15 -1 59 10 41 4
4 6 -1 11 15 17 19
49 16 -1 59 9 39 3
4 6 -1 11 15 17 19
50 17 -1 58 8 38 1
4 6 -1 11 15 17 19
51 18 -1 58 7 36 0
4 6 -1 11 15 17 18
52 19 -1 58 6 35 58
4 6 -1 11 15 17 18
53 20 -1 58 5 34 57
4 6 -1 11 15 17 18
54 21 -1 57 4 32 56
4 6 -1 11 15 17 18
55 22 -1 57 3 31 54
4 6 -1 11 15 17 18
56 23 -1 57 1 29 53
4 6 -1 11 15 17 18
57 24 -1 57 0 28 52
4 6 -1 11 14 17 18
58 25 -1 57 59 26 50
4 6 -1 11 14 17 18
59 26 -1 56 58 25 49
5 6 -1 11 14 17 18
0 27 -1 56 57 24 48
5 6 -1 11 14 17 18
1 28 -1 56 56 22 46
5 6 -1 11 14 17 18
2 29 -1 56 55 21 45
5 6 -1 11 14 17 18
3 31 -1 56 54 20 44
5 6 -1 11 14 17 18
4 32 -1 56 53 18 43
5 6 -1 11 14 17 18
5 33 -1 56 52 17 42
5 6 -1 11 14 17 18
6 34 -1 56 51 16 41
5 6 -1 11 14 17 18
6 35 -1 56 50 15 39
5 6 -1 11 14 17 18
7 36 -1 55 49 14 38
5 6 -1 11 14 17 18
8 37 -1 55 48 12 37
31































1
По всем вопросам касающимся приложения обращайтесь по WhatsApp +79952867503
1
10.2026

      
	