1
For advertising or questions send us e-mail kogdanamaz@gmail.com 
31
5 6 -1 12 16 18 20
38 57 -1 54 17 50 5
5 6 -1 12 16 18 20
39 57 -1 54 16 49 4
5 6 -1 12 16 18 20
39 58 -1 53 15 47 2
5 6 -1 12 16 18 20
40 58 -1 53 15 46 1
5 6 -1 12 16 18 20
41 59 -1 53 14 45 0
5 7 -1 12 16 18 19
41 0 -1 52 13 44 59
5 7 -1 12 16 18 19
42 0 -1 52 12 42 58
5 7 -1 12 16 18 19
43 1 -1 52 11 41 56
5 7 -1 12 16 18 19
43 2 -1 52 11 40 55
5 7 -1 12 16 18 19
44 2 -1 51 10 39 54
5 7 -1 12 16 18 19
44 3 -1 51 9 38 53
5 7 -1 12 16 18 19
45 3 -1 51 8 37 52
5 7 -1 12 16 18 19
46 4 -1 51 7 35 51
5 7 -1 12 16 18 19
46 5 -1 50 7 34 50
5 7 -1 12 16 18 19
47 5 -1 50 6 33 49
5 7 -1 12 16 18 19
47 6 -1 50 5 32 48
5 7 -1 12 16 18 19
48 7 -1 50 4 31 47
5 7 -1 12 16 18 19
49 8 -1 49 3 30 45
5 7 -1 12 16 18 19
49 8 -1 49 3 29 44
5 7 -1 12 16 18 19
50 9 -1 49 2 28 43
5 7 -1 12 16 18 19
51 10 -1 49 1 27 43
5 7 -1 12 16 18 19
51 10 -1 49 0 26 42
5 7 -1 12 16 18 19
52 11 -1 49 0 25 41
5 7 -1 12 15 18 19
53 12 -1 48 59 24 40
5 7 -1 12 15 18 19
53 13 -1 48 58 23 39
5 7 -1 12 15 18 19
54 13 -1 48 57 22 38
5 7 -1 12 15 18 19
54 14 -1 48 57 21 37
5 7 -1 12 15 18 19
55 15 -1 48 56 20 36
5 7 -1 12 15 18 19
56 16 -1 48 55 19 35
5 7 -1 12 15 18 19
56 16 -1 48 55 18 35
5 7 -1 12 15 18 19
57 17 -1 48 54 17 34
31































1
По всем вопросам касающимся приложения обращайтесь по WhatsApp +79952867503
1
10.2026

      
	
