1
For advertising or questions send us e-mail kogdanamaz@gmail.com 
31
4 6 -1 12 15 18 19
57 16 -1 13 36 9 24
4 6 -1 12 15 18 19
58 16 -1 13 36 8 23
4 6 -1 12 15 18 19
59 17 -1 13 35 7 22
4 6 -1 12 15 18 19
59 18 -1 12 34 5 20
5 6 -1 12 15 18 19
0 18 -1 12 33 4 19
5 6 -1 12 15 18 19
1 19 -1 12 32 3 18
5 6 -1 12 15 18 19
1 19 -1 11 31 2 17
5 6 -1 12 15 18 19
2 20 -1 11 31 1 16
5 6 -1 12 15 17 19
2 21 -1 11 30 59 14
5 6 -1 12 15 17 19
3 21 -1 10 29 58 13
5 6 -1 12 15 17 19
4 22 -1 10 28 57 12
5 6 -1 12 15 17 19
4 23 -1 10 27 56 11
5 6 -1 12 15 17 19
5 23 -1 10 27 55 10
5 6 -1 12 15 17 19
5 24 -1 9 26 54 9
5 6 -1 12 15 17 19
6 25 -1 9 25 53 8
5 6 -1 12 15 17 19
7 25 -1 9 24 51 7
5 6 -1 12 15 17 19
7 26 -1 9 23 50 6
5 6 -1 12 15 17 19
8 27 -1 9 23 49 5
5 6 -1 12 15 17 19
9 27 -1 8 22 48 4
5 6 -1 12 15 17 19
9 28 -1 8 21 47 3
5 6 -1 12 15 17 19
10 29 -1 8 20 46 2
5 6 -1 12 15 17 19
10 29 -1 8 20 45 1
5 6 -1 12 15 17 19
11 30 -1 8 19 44 0
5 6 -1 12 15 17 18
12 31 -1 8 18 43 59
5 6 -1 12 15 17 18
12 32 -1 8 17 42 58
5 6 -1 12 15 17 18
13 32 -1 7 17 41 57
5 6 -1 12 15 17 18
14 33 -1 7 16 40 56
5 6 -1 12 15 17 18
14 34 -1 7 15 39 56
5 6 -1 12 15 17 18
15 35 -1 7 15 38 55
5 6 -1 12 15 17 18
16 35 -1 7 14 37 54
5 6 -1 12 15 17 18
16 36 -1 7 13 37 53
31































1
По всем вопросам касающимся приложения обращайтесь по WhatsApp +79952867503
1
10.2026

      
	