1
For advertising or questions send us e-mail kogdanamaz@gmail.com 
30
4 5 -1 12 17 19 20
28 48 -1 30 9 5 25
4 5 -1 12 17 19 20
29 49 -1 30 8 4 23
4 5 -1 12 17 19 20
31 50 -1 29 6 2 21
4 5 -1 12 17 19 20
32 51 -1 29 5 0 19
4 5 -1 12 17 18 20
33 52 -1 29 3 58 17
4 5 -1 12 17 18 20
35 53 -1 28 2 57 15
4 5 -1 12 17 18 20
36 55 -1 28 1 55 13
4 5 -1 12 16 18 20
37 56 -1 28 59 53 11
4 5 -1 12 16 18 20
39 57 -1 27 58 51 9
4 5 -1 12 16 18 20
40 58 -1 27 56 49 7
4 5 -1 12 16 18 20
41 59 -1 27 55 48 5
4 6 -1 12 16 18 20
43 0 -1 26 53 46 3
4 6 -1 12 16 18 20
44 1 -1 26 52 44 1
4 6 -1 12 16 18 19
45 2 -1 26 50 42 59
4 6 -1 12 16 18 19
47 3 -1 25 49 40 57
4 6 -1 12 16 18 19
48 4 -1 25 47 39 55
4 6 -1 12 16 18 19
49 6 -1 25 46 37 53
4 6 -1 12 16 18 19
50 7 -1 24 44 35 51
4 6 -1 12 16 18 19
52 8 -1 24 43 33 49
4 6 -1 12 16 18 19
53 9 -1 23 41 31 47
4 6 -1 12 16 18 19
54 10 -1 23 40 29 45
4 6 -1 12 16 18 19
55 11 -1 23 38 28 43
4 6 -1 12 16 18 19
56 12 -1 22 37 26 41
4 6 -1 12 16 18 19
58 13 -1 22 35 24 40
4 6 -1 12 16 18 19
59 14 -1 22 34 22 38
5 6 -1 12 16 18 19
0 16 -1 21 32 20 36
5 6 -1 12 16 18 19
1 17 -1 21 31 19 34
5 6 -1 12 16 18 19
2 18 -1 21 29 17 32
5 6 -1 12 16 18 19
4 19 -1 20 27 15 30
5 6 -1 12 16 18 19
5 20 -1 20 26 13 28
30






























1
По всем вопросам касающимся приложения обращайтесь по WhatsApp +79952867503
1
09.2026

      
	
