1
For advertising or questions send us e-mail kogdanamaz@gmail.com 
30
3 5 -1 11 15 18 19
35 11 -1 47 28 21 53
3 5 -1 11 15 18 19
36 12 -1 46 27 19 51
3 5 -1 11 15 18 19
37 13 -1 46 26 17 49
3 5 -1 11 15 18 19
39 14 -1 46 25 16 47
3 5 -1 11 15 18 19
40 15 -1 46 24 14 45
3 5 -1 11 15 18 19
41 16 -1 45 23 12 43
3 5 -1 11 15 18 19
43 17 -1 45 22 11 41
3 5 -1 11 15 18 19
44 18 -1 45 21 9 39
3 5 -1 11 15 18 19
45 19 -1 44 20 7 37
3 5 -1 11 15 18 19
47 20 -1 44 18 5 35
3 5 -1 11 15 18 19
48 22 -1 43 17 4 33
3 5 -1 11 15 18 19
49 23 -1 43 16 2 31
3 5 -1 11 15 18 19
50 24 -1 43 15 0 29
3 5 -1 11 15 17 19
52 25 -1 42 14 58 27
3 5 -1 11 15 17 19
53 26 -1 42 13 57 25
3 5 -1 11 15 17 19
54 27 -1 42 12 55 24
3 5 -1 11 15 17 19
55 28 -1 41 11 53 22
3 5 -1 11 15 17 19
57 29 -1 41 9 52 20
3 5 -1 11 15 17 19
58 30 -1 41 8 50 18
3 5 -1 11 15 17 19
59 31 -1 40 7 48 16
4 5 -1 11 15 17 19
0 32 -1 40 6 46 14
4 5 -1 11 15 17 19
1 33 -1 40 5 45 12
4 5 -1 11 15 17 19
2 34 -1 39 3 43 10
4 5 -1 11 15 17 19
4 35 -1 39 2 41 8
4 5 -1 11 15 17 19
5 36 -1 38 1 39 7
4 5 -1 11 15 17 19
6 37 -1 38 0 38 5
4 5 -1 11 14 17 19
7 38 -1 38 58 36 3
4 5 -1 11 14 17 19
8 39 -1 37 57 34 1
4 5 -1 11 14 17 18
9 40 -1 37 56 32 59
4 5 -1 11 14 17 18
11 41 -1 37 55 31 58
30






























1
По всем вопросам касающимся приложения обращайтесь по WhatsApp +79952867503
1
09.2026

      
	
