1
For advertising or questions send us e-mail kogdanamaz@gmail.com 
30
4 5 -1 11 15 18 19
2 29 -1 59 37 27 51
4 5 -1 11 15 18 19
3 30 -1 59 37 26 49
4 5 -1 11 15 18 19
4 31 -1 58 36 24 48
4 5 -1 11 15 18 19
5 32 -1 58 35 23 46
4 5 -1 11 15 18 19
6 33 -1 58 34 21 44
4 5 -1 11 15 18 19
7 33 -1 57 33 20 43
4 5 -1 11 15 18 19
8 34 -1 57 33 19 41
4 5 -1 11 15 18 19
9 35 -1 57 32 17 39
4 5 -1 11 15 18 19
10 36 -1 56 31 16 38
4 5 -1 11 15 18 19
11 36 -1 56 30 14 36
4 5 -1 11 15 18 19
12 37 -1 56 29 13 35
4 5 -1 11 15 18 19
13 38 -1 55 28 11 33
4 5 -1 11 15 18 19
14 39 -1 55 27 10 31
4 5 -1 11 15 18 19
14 39 -1 55 26 8 30
4 5 -1 11 15 18 19
15 40 -1 54 25 7 28
4 5 -1 11 15 18 19
16 41 -1 54 25 5 26
4 5 -1 11 15 18 19
17 42 -1 54 24 4 25
4 5 -1 11 15 18 19
18 43 -1 53 23 2 23
4 5 -1 11 15 18 19
19 43 -1 53 22 1 22
4 5 -1 11 15 17 19
20 44 -1 52 21 59 20
4 5 -1 11 15 17 19
21 45 -1 52 20 58 18
4 5 -1 11 15 17 19
22 46 -1 52 19 56 17
4 5 -1 11 15 17 19
22 46 -1 51 18 55 15
4 5 -1 11 15 17 19
23 47 -1 51 17 53 14
4 5 -1 11 15 17 19
24 48 -1 51 16 52 12
4 5 -1 11 15 17 19
25 49 -1 50 15 50 11
4 5 -1 11 15 17 19
26 50 -1 50 14 49 9
4 5 -1 11 15 17 19
27 50 -1 50 13 47 8
4 5 -1 11 15 17 19
28 51 -1 49 12 46 6
4 5 -1 11 15 17 19
28 52 -1 49 11 45 5
30






























1
По всем вопросам касающимся приложения обращайтесь по WhatsApp +79952867503
1
09.2026

      
	
