1
For advertising or questions send us e-mail kogdanamaz@gmail.com 
31
5 6 -1 12 16 18 19
25 38 -1 37 1 35 45
5 6 -1 12 16 18 19
25 38 -1 37 0 34 44
5 6 -1 12 16 18 19
25 38 -1 36 0 33 43
5 6 -1 12 15 18 19
26 39 -1 36 59 32 42
5 6 -1 12 15 18 19
26 39 -1 36 59 31 41
5 6 -1 12 15 18 19
26 39 -1 35 58 30 40
5 6 -1 12 15 18 19
27 40 -1 35 57 29 39
5 6 -1 12 15 18 19
27 40 -1 35 57 28 38
5 6 -1 12 15 18 19
27 41 -1 35 56 27 38
5 6 -1 12 15 18 19
28 41 -1 34 56 26 37
5 6 -1 12 15 18 19
28 41 -1 34 55 25 36
5 6 -1 12 15 18 19
28 42 -1 34 55 25 35
5 6 -1 12 15 18 19
29 42 -1 34 54 24 34
5 6 -1 12 15 18 19
29 42 -1 33 54 23 33
5 6 -1 12 15 18 19
29 43 -1 33 53 22 32
5 6 -1 12 15 18 19
30 43 -1 33 53 21 32
5 6 -1 12 15 18 19
30 44 -1 33 52 20 31
5 6 -1 12 15 18 19
30 44 -1 32 51 19 30
5 6 -1 12 15 18 19
31 45 -1 32 51 19 29
5 6 -1 12 15 18 19
31 45 -1 32 50 18 29
5 6 -1 12 15 18 19
32 45 -1 32 50 17 28
5 6 -1 12 15 18 19
32 46 -1 32 49 16 27
5 6 -1 12 15 18 19
32 46 -1 32 49 16 27
5 6 -1 12 15 18 19
33 47 -1 31 48 15 26
5 6 -1 12 15 18 19
33 47 -1 31 48 14 25
5 6 -1 12 15 18 19
34 48 -1 31 48 13 25
5 6 -1 12 15 18 19
34 48 -1 31 47 13 24
5 6 -1 12 15 18 19
34 49 -1 31 47 12 23
5 6 -1 12 15 18 19
35 49 -1 31 46 11 23
5 6 -1 12 15 18 19
35 50 -1 31 46 11 22
5 6 -1 12 15 18 19
36 50 -1 31 45 10 22
31































1
По всем вопросам касающимся приложения обращайтесь по WhatsApp +79952867503
1
10.2026

      
	