1
For advertising or questions send us e-mail kogdanamaz@gmail.com 
30
5 6 -1 13 16 19 20
33 49 -1 10 39 29 42
5 6 -1 13 16 19 20
33 50 -1 9 38 28 41
5 6 -1 13 16 19 20
34 50 -1 9 38 27 40
5 6 -1 13 16 19 20
34 51 -1 9 38 26 39
5 6 -1 13 16 19 20
35 51 -1 8 37 24 37
5 6 -1 13 16 19 20
35 51 -1 8 37 23 36
5 6 -1 13 16 19 20
36 52 -1 8 36 22 35
5 6 -1 13 16 19 20
36 52 -1 7 36 21 34
5 6 -1 13 16 19 20
37 52 -1 7 36 20 33
5 6 -1 13 16 19 20
37 53 -1 7 35 19 32
5 6 -1 13 16 19 20
38 53 -1 6 35 18 30
5 6 -1 13 16 19 20
38 53 -1 6 34 17 29
5 6 -1 13 16 19 20
39 54 -1 6 34 16 28
5 6 -1 13 16 19 20
39 54 -1 5 33 15 27
5 6 -1 13 16 19 20
39 55 -1 5 33 14 26
5 6 -1 13 16 19 20
40 55 -1 5 32 13 25
5 6 -1 13 16 19 20
40 55 -1 4 31 12 24
5 6 -1 13 16 19 20
41 56 -1 4 31 11 22
5 6 -1 13 16 19 20
41 56 -1 3 30 10 21
5 6 -1 13 16 19 20
42 56 -1 3 30 8 20
5 6 -1 13 16 19 20
42 57 -1 3 29 7 19
5 6 -1 13 16 19 20
42 57 -1 2 29 6 18
5 6 -1 13 16 19 20
43 58 -1 2 28 5 17
5 6 -1 13 16 19 20
43 58 -1 2 28 4 16
5 6 -1 13 16 19 20
44 58 -1 1 27 3 14
5 6 -1 13 16 19 20
44 59 -1 1 26 2 13
5 6 -1 13 16 19 20
45 59 -1 1 26 1 12
5 6 -1 13 16 19 20
45 59 -1 0 25 0 11
5 7 -1 13 16 18 20
45 0 -1 0 24 59 10
5 7 -1 13 16 18 20
46 0 -1 0 24 58 9
30






























1
По всем вопросам касающимся приложения обращайтесь по WhatsApp +79952867503
1
09.2026

      
	
