1
For advertising or questions send us e-mail kogdanamaz@gmail.com 
31
5 7 -1 13 16 18 20
43 7 -1 3 24 57 18
5 7 -1 13 16 18 20
44 8 -1 3 23 56 16
5 7 -1 13 16 18 20
45 9 -1 2 22 54 15
5 7 -1 13 16 18 20
46 10 -1 2 21 53 13
5 7 -1 13 16 18 20
47 11 -1 2 20 51 12
5 7 -1 13 16 18 20
48 12 -1 2 19 50 11
5 7 -1 13 16 18 20
49 13 -1 1 18 49 9
5 7 -1 13 16 18 20
49 13 -1 1 17 47 8
5 7 -1 13 16 18 20
50 14 -1 1 16 46 6
5 7 -1 13 16 18 20
51 15 -1 0 14 44 5
5 7 -1 13 16 18 20
52 16 -1 0 13 43 3
5 7 -1 13 16 18 20
53 17 -1 0 12 42 2
5 7 -1 13 16 18 20
54 18 -1 0 11 40 1
5 7 -1 12 16 18 19
54 19 -1 59 10 39 59
5 7 -1 12 16 18 19
55 20 -1 59 9 37 58
5 7 -1 12 16 18 19
56 20 -1 59 8 36 57
5 7 -1 12 16 18 19
57 21 -1 59 7 35 56
5 7 -1 12 16 18 19
58 22 -1 59 6 33 54
5 7 -1 12 16 18 19
59 23 -1 58 5 32 53
6 7 -1 12 16 18 19
0 24 -1 58 4 31 52
6 7 -1 12 16 18 19
0 25 -1 58 3 30 51
6 7 -1 12 16 18 19
1 26 -1 58 2 28 50
6 7 -1 12 16 18 19
2 27 -1 58 2 27 48
6 7 -1 12 16 18 19
3 28 -1 58 1 26 47
6 7 -1 12 16 18 19
4 29 -1 58 0 25 46
6 7 -1 12 15 18 19
5 30 -1 57 59 24 45
6 7 -1 12 15 18 19
6 31 -1 57 58 22 44
6 7 -1 12 15 18 19
6 32 -1 57 57 21 43
6 7 -1 12 15 18 19
7 33 -1 57 56 20 42
6 7 -1 12 15 18 19
8 34 -1 57 55 19 41
6 7 -1 12 15 18 19
9 35 -1 57 54 18 40
31































1
По всем вопросам касающимся приложения обращайтесь по WhatsApp +79952867503
1
10.2026

      
	