1
For advertising or questions send us e-mail kogdanamaz@gmail.com 
30
4 6 -1 12 16 18 20
47 6 -1 29 1 50 6
4 6 -1 12 16 18 20
47 6 -1 28 0 49 4
4 6 -1 12 16 18 20
48 7 -1 28 0 48 3
4 6 -1 12 15 18 20
49 7 -1 28 59 47 2
4 6 -1 12 15 18 20
49 8 -1 27 59 45 1
4 6 -1 12 15 18 19
50 8 -1 27 58 44 59
4 6 -1 12 15 18 19
51 9 -1 27 58 43 58
4 6 -1 12 15 18 19
51 9 -1 26 57 42 57
4 6 -1 12 15 18 19
52 10 -1 26 57 41 56
4 6 -1 12 15 18 19
52 10 -1 26 56 40 54
4 6 -1 12 15 18 19
53 11 -1 25 56 38 53
4 6 -1 12 15 18 19
54 11 -1 25 55 37 52
4 6 -1 12 15 18 19
54 12 -1 25 54 36 50
4 6 -1 12 15 18 19
55 12 -1 24 54 35 49
4 6 -1 12 15 18 19
55 13 -1 24 53 34 48
4 6 -1 12 15 18 19
56 13 -1 24 53 33 47
4 6 -1 12 15 18 19
56 14 -1 23 52 31 45
4 6 -1 12 15 18 19
57 14 -1 23 51 30 44
4 6 -1 12 15 18 19
57 15 -1 22 51 29 43
4 6 -1 12 15 18 19
58 15 -1 22 50 28 42
4 6 -1 12 15 18 19
59 15 -1 22 49 27 40
4 6 -1 12 15 18 19
59 16 -1 21 48 25 39
5 6 -1 12 15 18 19
0 16 -1 21 48 24 38
5 6 -1 12 15 18 19
0 17 -1 21 47 23 37
5 6 -1 12 15 18 19
1 17 -1 20 46 22 35
5 6 -1 12 15 18 19
1 18 -1 20 46 21 34
5 6 -1 12 15 18 19
2 18 -1 20 45 20 33
5 6 -1 12 15 18 19
2 19 -1 19 44 18 32
5 6 -1 12 15 18 19
3 19 -1 19 44 17 31
5 6 -1 12 15 18 19
3 20 -1 19 43 16 29
30






























1
По всем вопросам касающимся приложения обращайтесь по WhatsApp +79952867503
1
09.2026

      
	
