1
For advertising or questions send us e-mail kogdanamaz@gmail.com 
31
4 6 -1 12 15 18 19
57 19 -1 16 37 10 29
4 6 -1 12 15 18 19
58 20 -1 15 36 9 28
4 6 -1 12 15 18 19
59 21 -1 15 35 8 26
5 6 -1 12 15 18 19
0 22 -1 15 34 6 25
5 6 -1 12 15 18 19
0 22 -1 14 33 5 23
5 6 -1 12 15 18 19
1 23 -1 14 32 3 22
5 6 -1 12 15 18 19
2 24 -1 14 31 2 21
5 6 -1 12 15 18 19
3 25 -1 13 31 1 19
5 6 -1 12 15 17 19
4 26 -1 13 30 59 18
5 6 -1 12 15 17 19
4 26 -1 13 29 58 17
5 6 -1 12 15 17 19
5 27 -1 13 28 57 15
5 6 -1 12 15 17 19
6 28 -1 12 27 55 14
5 6 -1 12 15 17 19
7 29 -1 12 26 54 13
5 6 -1 12 15 17 19
7 30 -1 12 25 53 12
5 6 -1 12 15 17 19
8 30 -1 12 24 52 10
5 6 -1 12 15 17 19
9 31 -1 12 23 50 9
5 6 -1 12 15 17 19
10 32 -1 11 22 49 8
5 6 -1 12 15 17 19
10 33 -1 11 21 48 7
5 6 -1 12 15 17 19
11 34 -1 11 20 47 6
5 6 -1 12 15 17 19
12 35 -1 11 19 45 5
5 6 -1 12 15 17 19
13 35 -1 11 18 44 3
5 6 -1 12 15 17 19
14 36 -1 10 17 43 2
5 6 -1 12 15 17 19
14 37 -1 10 16 42 1
5 6 -1 12 15 17 19
15 38 -1 10 16 41 0
5 6 -1 12 15 17 18
16 39 -1 10 15 40 59
5 6 -1 12 15 17 18
17 40 -1 10 14 38 58
5 6 -1 12 15 17 18
18 41 -1 10 13 37 57
5 6 -1 12 15 17 18
18 42 -1 10 12 36 56
5 6 -1 12 15 17 18
19 43 -1 10 11 35 55
5 6 -1 12 15 17 18
20 43 -1 10 11 34 54
5 6 -1 12 15 17 18
21 44 -1 10 10 33 53
31































1
По всем вопросам касающимся приложения обращайтесь по WhatsApp +79952867503
1
10.2026

      
	
