1
For advertising or questions send us e-mail kogdanamaz@gmail.com 
30
4 5 -1 12 15 18 19
23 46 -1 11 47 36 55
4 5 -1 12 15 18 19
24 46 -1 11 46 34 53
4 5 -1 12 15 18 19
25 47 -1 11 46 33 52
4 5 -1 12 15 18 19
25 47 -1 10 45 32 50
4 5 -1 12 15 18 19
26 48 -1 10 44 31 49
4 5 -1 12 15 18 19
27 49 -1 10 44 29 48
4 5 -1 12 15 18 19
28 49 -1 9 43 28 46
4 5 -1 12 15 18 19
29 50 -1 9 42 27 45
4 5 -1 12 15 18 19
29 51 -1 9 42 26 43
4 5 -1 12 15 18 19
30 51 -1 8 41 24 42
4 5 -1 12 15 18 19
31 52 -1 8 40 23 40
4 5 -1 12 15 18 19
32 52 -1 8 39 22 39
4 5 -1 12 15 18 19
32 53 -1 7 39 20 38
4 5 -1 12 15 18 19
33 54 -1 7 38 19 36
4 5 -1 12 15 18 19
34 54 -1 7 37 18 35
4 5 -1 12 15 18 19
34 55 -1 6 36 16 33
4 5 -1 12 15 18 19
35 55 -1 6 36 15 32
4 5 -1 12 15 18 19
36 56 -1 6 35 14 30
4 5 -1 12 15 18 19
37 57 -1 5 34 12 29
4 5 -1 12 15 18 19
37 57 -1 5 33 11 28
4 5 -1 12 15 18 19
38 58 -1 4 32 10 26
4 5 -1 12 15 18 19
39 58 -1 4 32 8 25
4 5 -1 12 15 18 19
39 59 -1 4 31 7 24
4 6 -1 12 15 18 19
40 0 -1 3 30 6 22
4 6 -1 12 15 18 19
41 0 -1 3 29 4 21
4 6 -1 12 15 18 19
41 1 -1 3 28 3 19
4 6 -1 12 15 18 19
42 2 -1 2 27 2 18
4 6 -1 12 15 18 19
43 2 -1 2 27 1 17
4 6 -1 12 15 17 19
43 3 -1 2 26 59 15
4 6 -1 12 15 17 19
44 3 -1 1 25 58 14
30






























1
По всем вопросам касающимся приложения обращайтесь по WhatsApp +79952867503
1
09.2026

      
	
