1
For advertising or questions send us e-mail kogdanamaz@gmail.com 
30
4 5 -1 12 15 18 19
25 42 -1 3 34 23 37
4 5 -1 12 15 18 19
25 43 -1 3 33 22 36
4 5 -1 12 15 18 19
26 43 -1 3 33 21 35
4 5 -1 12 15 18 19
26 43 -1 2 32 20 34
4 5 -1 12 15 18 19
27 44 -1 2 32 19 32
4 5 -1 12 15 18 19
28 44 -1 2 31 18 31
4 5 -1 12 15 18 19
28 45 -1 1 31 17 30
4 5 -1 12 15 18 19
29 45 -1 1 30 16 29
4 5 -1 12 15 18 19
29 46 -1 1 30 14 28
4 5 -1 12 15 18 19
30 46 -1 0 29 13 26
4 5 -1 12 15 18 19
30 46 -1 0 29 12 25
4 5 -1 12 15 18 19
31 47 -1 0 28 11 24
4 5 -1 11 15 18 19
31 47 -1 59 28 10 23
4 5 -1 11 15 18 19
32 48 -1 59 27 9 22
4 5 -1 11 15 18 19
32 48 -1 59 27 8 20
4 5 -1 11 15 18 19
33 48 -1 58 26 7 19
4 5 -1 11 15 18 19
33 49 -1 58 26 6 18
4 5 -1 11 15 18 19
34 49 -1 57 25 4 17
4 5 -1 11 15 18 19
34 50 -1 57 25 3 16
4 5 -1 11 15 18 19
34 50 -1 57 24 2 15
4 5 -1 11 15 18 19
35 50 -1 56 23 1 13
4 5 -1 11 15 18 19
35 51 -1 56 23 0 12
4 5 -1 11 15 17 19
36 51 -1 56 22 59 11
4 5 -1 11 15 17 19
36 52 -1 55 21 58 10
4 5 -1 11 15 17 19
37 52 -1 55 21 57 9
4 5 -1 11 15 17 19
37 52 -1 55 20 56 8
4 5 -1 11 15 17 19
38 53 -1 54 20 54 6
4 5 -1 11 15 17 19
38 53 -1 54 19 53 5
4 5 -1 11 15 17 19
39 54 -1 54 18 52 4
4 5 -1 11 15 17 19
39 54 -1 53 18 51 3
30






























1
По всем вопросам касающимся приложения обращайтесь по WhatsApp +79952867503
1
09.2026

      
	
