1
For advertising or questions send us e-mail kogdanamaz@gmail.com 
30
4 5 -1 12 16 19 20
5 40 -1 40 18 2 32
4 5 -1 12 16 19 20
5 40 -1 40 18 0 30
4 5 -1 12 16 18 20
5 40 -1 40 18 59 29
4 5 -1 12 16 18 20
5 40 -1 40 18 58 28
4 5 -1 12 16 18 20
6 41 -1 40 17 56 26
4 5 -1 12 16 18 20
7 42 -1 40 17 54 24
4 5 -1 12 16 18 20
8 43 -1 40 17 52 22
4 5 -1 12 16 18 20
8 43 -1 40 17 50 20
4 5 -1 12 16 18 20
9 44 -1 40 16 48 18
4 5 -1 12 16 18 20
9 44 -1 40 16 46 16
4 5 -1 12 16 18 20
10 45 -1 40 15 44 14
4 5 -1 12 16 18 20
10 45 -1 40 15 42 12
4 5 -1 12 16 18 20
11 46 -1 40 14 41 11
4 5 -1 12 16 18 20
13 48 -1 40 14 40 10
4 5 -1 12 16 18 20
15 50 -1 40 13 37 7
4 5 -1 12 16 18 20
17 52 -1 40 13 35 5
4 5 -1 12 16 18 20
20 55 -1 40 12 33 3
4 5 -1 12 16 18 20
21 56 -1 40 12 32 2
4 5 -1 12 16 18 20
22 57 -1 40 11 30 0
4 5 -1 12 16 18 19
23 58 -1 40 11 28 58
4 5 -1 12 16 18 19
24 59 -1 40 10 26 56
4 6 -1 12 16 18 19
26 1 -1 40 9 24 54
4 6 -1 12 16 18 19
30 5 -1 40 7 22 52
4 6 -1 12 16 18 19
32 7 -1 40 6 20 50
4 6 -1 12 16 18 19
35 10 -1 40 4 18 48
4 6 -1 12 16 18 19
36 11 -1 40 3 16 46
4 6 -1 12 16 18 19
38 13 -1 40 2 14 44
4 6 -1 12 16 18 19
39 14 -1 40 1 12 42
4 6 -1 12 16 18 19
41 16 -1 40 0 11 41
4 6 -1 12 15 18 19
41 16 -1 40 55 10 40
30






























1
По всем вопросам касающимся приложения обращайтесь по WhatsApp +79952867503
1
09.2026

      
	
