1
For advertising or questions send us e-mail kogdanamaz@gmail.com 
30
5 6 -1 12 16 19 20
14 32 -1 54 24 14 28
5 6 -1 12 16 19 20
15 33 -1 53 24 13 27
5 6 -1 12 16 19 20
16 33 -1 53 24 12 26
5 6 -1 12 16 19 20
16 33 -1 53 23 11 25
5 6 -1 12 16 19 20
17 34 -1 52 23 9 23
5 6 -1 12 16 19 20
17 34 -1 52 22 8 22
5 6 -1 12 16 19 20
18 35 -1 52 22 7 21
5 6 -1 12 16 19 20
18 35 -1 51 21 6 20
5 6 -1 12 16 19 20
19 36 -1 51 21 5 19
5 6 -1 12 16 19 20
19 36 -1 51 20 4 17
5 6 -1 12 16 19 20
20 36 -1 50 20 3 16
5 6 -1 12 16 19 20
20 37 -1 50 19 2 15
5 6 -1 12 16 19 20
21 37 -1 50 19 1 14
5 6 -1 12 16 18 20
21 38 -1 49 18 59 12
5 6 -1 12 16 18 20
22 38 -1 49 17 58 11
5 6 -1 12 16 18 20
22 39 -1 49 17 57 10
5 6 -1 12 16 18 20
23 39 -1 48 16 56 9
5 6 -1 12 16 18 20
23 39 -1 48 16 55 8
5 6 -1 12 16 18 20
24 40 -1 47 15 54 6
5 6 -1 12 16 18 20
24 40 -1 47 14 53 5
5 6 -1 12 16 18 20
25 41 -1 47 14 51 4
5 6 -1 12 16 18 20
25 41 -1 46 13 50 3
5 6 -1 12 16 18 20
26 41 -1 46 12 49 2
5 6 -1 12 16 18 20
26 42 -1 46 12 48 1
5 6 -1 12 16 18 19
27 42 -1 45 11 47 59
5 6 -1 12 16 18 19
27 43 -1 45 11 46 58
5 6 -1 12 16 18 19
28 43 -1 45 10 45 57
5 6 -1 12 16 18 19
28 44 -1 44 9 44 56
5 6 -1 12 16 18 19
29 44 -1 44 9 42 55
5 6 -1 12 16 18 19
29 45 -1 44 8 41 54
30






























1
По всем вопросам касающимся приложения обращайтесь по WhatsApp +79952867503
1
09.2026

      
	
