1
For advertising or questions send us e-mail kogdanamaz@gmail.com 
30
5 6 -1 12 16 18 20
9 22 -1 39 2 55 5
5 6 -1 12 16 18 20
9 23 -1 39 2 54 4
5 6 -1 12 16 18 20
10 23 -1 39 2 53 3
5 6 -1 12 16 18 20
10 23 -1 38 2 52 2
5 6 -1 12 16 18 20
10 23 -1 38 1 51 1
5 6 -1 12 16 18 20
11 24 -1 38 1 50 0
5 6 -1 12 16 18 19
11 24 -1 37 1 49 59
5 6 -1 12 16 18 19
11 24 -1 37 1 48 58
5 6 -1 12 16 18 19
11 24 -1 37 0 48 57
5 6 -1 12 16 18 19
12 24 -1 36 0 47 56
5 6 -1 12 16 18 19
12 25 -1 36 0 46 55
5 6 -1 12 16 18 19
12 25 -1 35 0 45 54
5 6 -1 12 15 18 19
13 25 -1 35 59 44 53
5 6 -1 12 15 18 19
13 25 -1 35 59 43 52
5 6 -1 12 15 18 19
13 25 -1 34 59 42 51
5 6 -1 12 15 18 19
13 26 -1 34 58 41 50
5 6 -1 12 15 18 19
14 26 -1 34 58 40 49
5 6 -1 12 15 18 19
14 26 -1 33 58 39 48
5 6 -1 12 15 18 19
14 26 -1 33 57 38 47
5 6 -1 12 15 18 19
14 27 -1 33 57 37 46
5 6 -1 12 15 18 19
15 27 -1 32 56 37 45
5 6 -1 12 15 18 19
15 27 -1 32 56 36 45
5 6 -1 12 15 18 19
15 27 -1 32 56 35 44
5 6 -1 12 15 18 19
15 27 -1 31 55 34 43
5 6 -1 12 15 18 19
16 28 -1 31 55 33 42
5 6 -1 12 15 18 19
16 28 -1 30 54 32 41
5 6 -1 12 15 18 19
16 28 -1 30 54 31 40
5 6 -1 12 15 18 19
16 28 -1 30 53 30 39
5 6 -1 12 15 18 19
17 28 -1 29 53 29 38
5 6 -1 12 15 18 19
17 29 -1 29 53 28 37
30






























1
По всем вопросам касающимся приложения обращайтесь по WhatsApp +79952867503
1
09.2026

      
	
