1
For advertising or questions send us e-mail kogdanamaz@gmail.com 
31
5 6 -1 12 16 18 19
29 46 -1 44 7 40 54
5 6 -1 12 16 18 19
29 47 -1 44 7 39 53
5 6 -1 12 16 18 19
30 48 -1 43 6 38 52
5 6 -1 12 16 18 19
31 48 -1 43 5 37 51
5 6 -1 12 16 18 19
31 49 -1 43 4 35 50
5 6 -1 12 16 18 19
32 49 -1 42 4 34 49
5 6 -1 12 16 18 19
32 50 -1 42 3 33 47
5 6 -1 12 16 18 19
33 50 -1 42 2 32 46
5 6 -1 12 16 18 19
33 51 -1 42 1 31 45
5 6 -1 12 16 18 19
34 52 -1 41 0 30 44
5 6 -1 12 16 18 19
35 52 -1 41 0 29 43
5 6 -1 12 15 18 19
35 53 -1 41 59 27 42
5 6 -1 12 15 18 19
36 53 -1 41 58 26 41
5 6 -1 12 15 18 19
36 54 -1 40 57 25 40
5 6 -1 12 15 18 19
37 55 -1 40 57 24 39
5 6 -1 12 15 18 19
38 55 -1 40 56 23 38
5 6 -1 12 15 18 19
38 56 -1 40 55 22 37
5 6 -1 12 15 18 19
39 57 -1 39 54 21 36
5 6 -1 12 15 18 19
39 57 -1 39 54 20 35
5 6 -1 12 15 18 19
40 58 -1 39 53 19 34
5 6 -1 12 15 18 19
40 59 -1 39 52 18 33
5 6 -1 12 15 18 19
41 59 -1 39 51 17 32
5 7 -1 12 15 18 19
42 0 -1 39 51 16 31
5 7 -1 12 15 18 19
42 1 -1 39 50 15 30
5 7 -1 12 15 18 19
43 1 -1 38 49 14 29
5 7 -1 12 15 18 19
43 2 -1 38 49 13 28
5 7 -1 12 15 18 19
44 3 -1 38 48 12 28
5 7 -1 12 15 18 19
45 3 -1 38 47 11 27
5 7 -1 12 15 18 19
45 4 -1 38 47 10 26
5 7 -1 12 15 18 19
46 5 -1 38 46 10 25
5 7 -1 12 15 18 19
47 6 -1 38 45 9 25
31































1
По всем вопросам касающимся приложения обращайтесь по WhatsApp +79952867503
1
10.2026

      
	
