1
For advertising or questions send us e-mail kogdanamaz@gmail.com 
31
5 6 -1 12 15 18 19
5 18 -1 17 41 15 25
5 6 -1 12 15 18 19
5 18 -1 17 40 14 24
5 6 -1 12 15 18 19
5 19 -1 17 40 13 23
5 6 -1 12 15 18 19
6 19 -1 16 39 12 22
5 6 -1 12 15 18 19
6 19 -1 16 39 11 21
5 6 -1 12 15 18 19
6 20 -1 16 38 10 21
5 6 -1 12 15 18 19
7 20 -1 15 38 9 20
5 6 -1 12 15 18 19
7 21 -1 15 37 8 19
5 6 -1 12 15 18 19
7 21 -1 15 37 7 18
5 6 -1 12 15 18 19
8 21 -1 15 36 6 17
5 6 -1 12 15 18 19
8 22 -1 14 35 6 16
5 6 -1 12 15 18 19
9 22 -1 14 35 5 15
5 6 -1 12 15 18 19
9 22 -1 14 34 4 14
5 6 -1 12 15 18 19
9 23 -1 14 34 3 13
5 6 -1 12 15 18 19
10 23 -1 13 33 2 13
5 6 -1 12 15 18 19
10 24 -1 13 33 1 12
5 6 -1 12 15 18 19
10 24 -1 13 32 0 11
5 6 -1 12 15 18 19
11 25 -1 13 32 0 10
5 6 -1 12 15 17 19
11 25 -1 13 31 59 10
5 6 -1 12 15 17 19
12 25 -1 12 31 58 9
5 6 -1 12 15 17 19
12 26 -1 12 30 57 8
5 6 -1 12 15 17 19
12 26 -1 12 30 56 7
5 6 -1 12 15 17 19
13 27 -1 12 29 56 7
5 6 -1 12 15 17 19
13 27 -1 12 29 55 6
5 6 -1 12 15 17 19
14 28 -1 12 28 54 5
5 6 -1 12 15 17 19
14 28 -1 11 28 53 5
5 6 -1 12 15 17 19
14 29 -1 11 27 53 4
5 6 -1 12 15 17 19
15 29 -1 11 27 52 3
5 6 -1 12 15 17 19
15 30 -1 11 26 51 3
5 6 -1 12 15 17 19
16 30 -1 11 26 51 2
5 6 -1 12 15 17 19
16 31 -1 11 25 50 2
31































1
По всем вопросам касающимся приложения обращайтесь по WhatsApp +79952867503
1
10.2026

      
	
