1
For advertising or questions send us e-mail kogdanamaz@gmail.com 
30
4 6 -1 12 15 18 19
51 6 -1 24 50 41 53
4 6 -1 12 15 18 19
51 6 -1 24 50 40 52
4 6 -1 12 15 18 19
51 6 -1 23 50 39 51
4 6 -1 12 15 18 19
52 6 -1 23 49 38 50
4 6 -1 12 15 18 19
52 7 -1 23 49 37 49
4 6 -1 12 15 18 19
53 7 -1 22 49 36 48
4 6 -1 12 15 18 19
53 7 -1 22 48 35 47
4 6 -1 12 15 18 19
53 8 -1 22 48 34 46
4 6 -1 12 15 18 19
54 8 -1 21 48 33 44
4 6 -1 12 15 18 19
54 8 -1 21 47 32 43
4 6 -1 12 15 18 19
55 8 -1 21 47 32 42
4 6 -1 12 15 18 19
55 9 -1 20 47 31 41
4 6 -1 12 15 18 19
55 9 -1 20 46 30 40
4 6 -1 12 15 18 19
56 9 -1 20 46 29 39
4 6 -1 12 15 18 19
56 10 -1 19 45 28 38
4 6 -1 12 15 18 19
56 10 -1 19 45 27 37
4 6 -1 12 15 18 19
57 10 -1 19 44 26 36
4 6 -1 12 15 18 19
57 10 -1 18 44 25 35
4 6 -1 12 15 18 19
57 11 -1 18 44 24 34
4 6 -1 12 15 18 19
58 11 -1 17 43 23 33
4 6 -1 12 15 18 19
58 11 -1 17 43 22 32
4 6 -1 12 15 18 19
58 12 -1 17 42 21 31
4 6 -1 12 15 18 19
59 12 -1 16 42 20 30
4 6 -1 12 15 18 19
59 12 -1 16 41 19 29
4 6 -1 12 15 18 19
59 13 -1 16 41 18 28
5 6 -1 12 15 18 19
0 13 -1 15 40 17 27
5 6 -1 12 15 18 19
0 13 -1 15 40 16 26
5 6 -1 12 15 18 19
0 13 -1 15 39 15 25
5 6 -1 12 15 18 19
1 14 -1 14 38 14 24
5 6 -1 12 15 18 19
1 14 -1 14 38 13 23
30






























1
По всем вопросам касающимся приложения обращайтесь по WhatsApp +79952867503
1
09.2026

      
	
