1
For advertising or questions send us e-mail kogdanamaz@gmail.com 
30
4 5 -1 12 15 18 19
34 54 -1 17 50 39 55
4 5 -1 12 15 18 19
35 54 -1 17 49 38 54
4 5 -1 12 15 18 19
36 55 -1 16 49 36 52
4 5 -1 12 15 18 19
36 55 -1 16 48 35 51
4 5 -1 12 15 18 19
37 56 -1 16 48 34 50
4 5 -1 12 15 18 19
38 56 -1 15 47 33 48
4 5 -1 12 15 18 19
38 57 -1 15 47 32 47
4 5 -1 12 15 18 19
39 57 -1 15 46 31 46
4 5 -1 12 15 18 19
39 58 -1 14 45 29 44
4 5 -1 12 15 18 19
40 58 -1 14 45 28 43
4 5 -1 12 15 18 19
41 59 -1 14 44 27 42
4 5 -1 12 15 18 19
41 59 -1 13 44 26 41
4 6 -1 12 15 18 19
42 0 -1 13 43 25 39
4 6 -1 12 15 18 19
42 0 -1 13 42 23 38
4 6 -1 12 15 18 19
43 1 -1 12 42 22 37
4 6 -1 12 15 18 19
44 1 -1 12 41 21 35
4 6 -1 12 15 18 19
44 2 -1 12 40 20 34
4 6 -1 12 15 18 19
45 2 -1 11 40 19 33
4 6 -1 12 15 18 19
45 3 -1 11 39 17 32
4 6 -1 12 15 18 19
46 3 -1 10 38 16 30
4 6 -1 12 15 18 19
46 4 -1 10 38 15 29
4 6 -1 12 15 18 19
47 4 -1 10 37 14 28
4 6 -1 12 15 18 19
48 5 -1 9 36 13 27
4 6 -1 12 15 18 19
48 5 -1 9 35 11 25
4 6 -1 12 15 18 19
49 6 -1 9 35 10 24
4 6 -1 12 15 18 19
49 6 -1 8 34 9 23
4 6 -1 12 15 18 19
50 7 -1 8 33 8 22
4 6 -1 12 15 18 19
50 7 -1 8 33 7 20
4 6 -1 12 15 18 19
51 8 -1 7 32 5 19
4 6 -1 12 15 18 19
51 8 -1 7 31 4 18
30






























1
По всем вопросам касающимся приложения обращайтесь по WhatsApp +79952867503
1
09.2026

      
	
