1
For advertising or questions send us e-mail kogdanamaz@gmail.com 
31
4 6 -1 12 15 18 19
51 17 -1 12 32 6 28
4 6 -1 12 15 18 19
52 18 -1 12 31 4 27
4 6 -1 12 15 18 19
53 19 -1 12 30 3 25
4 6 -1 12 15 18 19
54 20 -1 11 29 1 24
4 6 -1 12 15 18 19
55 21 -1 11 28 0 22
4 6 -1 12 15 17 19
56 22 -1 11 27 58 20
4 6 -1 12 15 17 19
57 22 -1 10 26 57 19
4 6 -1 12 15 17 19
58 23 -1 10 24 55 17
4 6 -1 12 15 17 19
59 24 -1 10 23 54 16
5 6 -1 12 15 17 19
0 25 -1 10 22 52 15
5 6 -1 12 15 17 19
1 26 -1 9 21 51 13
5 6 -1 12 15 17 19
1 27 -1 9 20 50 12
5 6 -1 12 15 17 19
2 28 -1 9 19 48 10
5 6 -1 12 15 17 19
3 29 -1 9 18 47 9
5 6 -1 12 15 17 19
4 30 -1 8 17 45 8
5 6 -1 12 15 17 19
5 31 -1 8 16 44 6
5 6 -1 12 15 17 19
6 32 -1 8 15 43 5
5 6 -1 12 15 17 19
7 33 -1 8 14 41 4
5 6 -1 12 15 17 19
8 34 -1 8 13 40 2
5 6 -1 12 15 17 19
9 35 -1 7 12 38 1
5 6 -1 12 15 17 19
10 36 -1 7 11 37 0
5 6 -1 12 15 17 18
11 37 -1 7 10 36 59
5 6 -1 12 15 17 18
11 38 -1 7 9 35 57
5 6 -1 12 15 17 18
12 39 -1 7 8 33 56
5 6 -1 12 15 17 18
13 40 -1 7 7 32 55
5 6 -1 12 15 17 18
14 41 -1 7 6 31 54
5 6 -1 12 15 17 18
15 42 -1 6 5 30 53
5 6 -1 12 15 17 18
16 43 -1 6 4 28 52
5 6 -1 12 15 17 18
17 44 -1 6 3 27 51
5 6 -1 12 15 17 18
18 45 -1 6 2 26 50
5 6 -1 12 15 17 18
19 46 -1 6 1 25 49
31































1
По всем вопросам касающимся приложения обращайтесь по WhatsApp +79952867503
1
10.2026

      
	