1
For advertising or questions send us e-mail kogdanamaz@gmail.com 
30
4 6 -1 12 16 19 20
52 17 -1 45 22 11 33
4 6 -1 12 16 19 20
53 18 -1 44 21 10 31
4 6 -1 12 16 19 20
53 18 -1 44 20 8 30
4 6 -1 12 16 19 20
54 19 -1 44 20 7 28
4 6 -1 12 16 19 20
55 20 -1 43 19 6 27
4 6 -1 12 16 19 20
56 20 -1 43 18 4 25
4 6 -1 12 16 19 20
57 21 -1 43 18 3 23
4 6 -1 12 16 19 20
58 22 -1 42 17 2 22
4 6 -1 12 16 19 20
59 23 -1 42 16 0 20
5 6 -1 12 16 18 20
0 23 -1 42 15 59 19
5 6 -1 12 16 18 20
0 24 -1 41 14 57 17
5 6 -1 12 16 18 20
1 25 -1 41 14 56 16
5 6 -1 12 16 18 20
2 25 -1 41 13 55 14
5 6 -1 12 16 18 20
3 26 -1 40 12 53 13
5 6 -1 12 16 18 20
4 27 -1 40 11 52 11
5 6 -1 12 16 18 20
5 27 -1 40 10 50 10
5 6 -1 12 16 18 20
5 28 -1 39 9 49 8
5 6 -1 12 16 18 20
6 29 -1 39 8 48 7
5 6 -1 12 16 18 20
7 29 -1 39 7 46 5
5 6 -1 12 16 18 20
8 30 -1 38 7 45 4
5 6 -1 12 16 18 20
9 31 -1 38 6 43 2
5 6 -1 12 16 18 20
9 32 -1 38 5 42 1
5 6 -1 12 16 18 19
10 32 -1 37 4 40 59
5 6 -1 12 16 18 19
11 33 -1 37 3 39 58
5 6 -1 12 16 18 19
12 34 -1 36 2 38 56
5 6 -1 12 16 18 19
13 34 -1 36 1 36 55
5 6 -1 12 16 18 19
13 35 -1 36 0 35 53
5 6 -1 12 15 18 19
14 36 -1 35 59 33 52
5 6 -1 12 15 18 19
15 37 -1 35 58 32 50
5 6 -1 12 15 18 19
16 37 -1 35 57 31 49
30






























1
По всем вопросам касающимся приложения обращайтесь по WhatsApp +79952867503
1
09.2026

      
	
