1
For advertising or questions send us e-mail kogdanamaz@gmail.com 
30
3 5 -1 11 15 18 19
21 1 -1 39 21 16 52
3 5 -1 11 15 18 19
22 2 -1 39 20 14 49
3 5 -1 11 15 18 19
24 3 -1 39 19 12 47
3 5 -1 11 15 18 19
25 5 -1 38 18 10 45
3 5 -1 11 15 18 19
27 6 -1 38 17 8 43
3 5 -1 11 15 18 19
28 7 -1 38 15 7 41
3 5 -1 11 15 18 19
29 8 -1 37 14 5 39
3 5 -1 11 15 18 19
31 9 -1 37 13 3 37
3 5 -1 11 15 18 19
32 10 -1 37 12 1 35
3 5 -1 11 15 17 19
34 11 -1 36 11 59 33
3 5 -1 11 15 17 19
35 13 -1 36 10 57 30
3 5 -1 11 15 17 19
37 14 -1 36 8 56 28
3 5 -1 11 15 17 19
38 15 -1 35 7 54 26
3 5 -1 11 15 17 19
39 16 -1 35 6 52 24
3 5 -1 11 15 17 19
41 17 -1 34 5 50 22
3 5 -1 11 15 17 19
42 18 -1 34 4 48 20
3 5 -1 11 15 17 19
43 19 -1 34 2 46 18
3 5 -1 11 15 17 19
45 20 -1 33 1 45 16
3 5 -1 11 15 17 19
46 22 -1 33 0 43 14
3 5 -1 11 14 17 19
47 23 -1 33 59 41 12
3 5 -1 11 14 17 19
49 24 -1 32 57 39 10
3 5 -1 11 14 17 19
50 25 -1 32 56 37 8
3 5 -1 11 14 17 19
51 26 -1 32 55 35 6
3 5 -1 11 14 17 19
53 27 -1 31 53 34 4
3 5 -1 11 14 17 19
54 28 -1 31 52 32 2
3 5 -1 11 14 17 19
55 30 -1 31 51 30 0
3 5 -1 11 14 17 18
57 31 -1 30 49 28 58
3 5 -1 11 14 17 18
58 32 -1 30 48 26 56
3 5 -1 11 14 17 18
59 33 -1 30 47 24 54
4 5 -1 11 14 17 18
0 34 -1 29 45 23 52
30






























1
По всем вопросам касающимся приложения обращайтесь по WhatsApp +79952867503
1
09.2026

      
	
