1
For advertising or questions send us e-mail kogdanamaz@gmail.com 
30
3 5 -1 11 15 18 19
50 22 -1 54 34 25 52
3 5 -1 11 15 18 19
51 23 -1 54 33 23 51
3 5 -1 11 15 18 19
52 23 -1 53 32 22 49
3 5 -1 11 15 18 19
54 24 -1 53 31 20 47
3 5 -1 11 15 18 19
55 25 -1 53 30 19 45
3 5 -1 11 15 18 19
56 26 -1 53 29 17 44
3 5 -1 11 15 18 19
57 27 -1 52 28 16 42
3 5 -1 11 15 18 19
58 28 -1 52 28 14 40
3 5 -1 11 15 18 19
59 29 -1 51 27 12 38
4 5 -1 11 15 18 19
0 30 -1 51 26 11 36
4 5 -1 11 15 18 19
1 31 -1 51 25 9 35
4 5 -1 11 15 18 19
3 32 -1 50 24 8 33
4 5 -1 11 15 18 19
4 32 -1 50 23 6 31
4 5 -1 11 15 18 19
5 33 -1 50 22 4 29
4 5 -1 11 15 18 19
6 34 -1 49 21 3 28
4 5 -1 11 15 18 19
7 35 -1 49 20 1 26
4 5 -1 11 15 18 19
8 36 -1 49 18 0 24
4 5 -1 11 15 17 19
9 37 -1 48 17 58 22
4 5 -1 11 15 17 19
10 38 -1 48 16 56 21
4 5 -1 11 15 17 19
11 39 -1 48 15 55 19
4 5 -1 11 15 17 19
12 40 -1 47 14 53 17
4 5 -1 11 15 17 19
13 40 -1 47 13 52 15
4 5 -1 11 15 17 19
14 41 -1 47 12 50 14
4 5 -1 11 15 17 19
15 42 -1 46 11 48 12
4 5 -1 11 15 17 19
16 43 -1 46 10 47 10
4 5 -1 11 15 17 19
17 44 -1 45 9 45 9
4 5 -1 11 15 17 19
18 45 -1 45 8 44 7
4 5 -1 11 15 17 19
19 46 -1 45 6 42 5
4 5 -1 11 15 17 19
20 47 -1 44 5 40 4
4 5 -1 11 15 17 19
21 48 -1 44 4 39 2
30






























1
По всем вопросам касающимся приложения обращайтесь по WhatsApp +79952867503
1
09.2026

      
	
