1
For advertising or questions send us e-mail kogdanamaz@gmail.com 
31
4 6 -1 12 15 18 19
42 9 -1 40 53 8 38
4 6 -1 12 15 18 19
43 10 -1 40 53 6 36
4 6 -1 12 15 18 19
45 11 -1 40 52 4 34
4 6 -1 12 15 18 19
45 12 -1 40 52 2 32
4 6 -1 12 15 18 19
46 13 -1 40 51 1 31
4 6 -1 12 15 17 19
47 15 -1 40 50 59 29
4 6 -1 12 15 17 19
48 16 -1 40 48 57 27
4 6 -1 12 15 17 19
50 17 -1 40 47 55 25
4 6 -1 12 15 17 19
52 18 -1 40 46 53 23
4 6 -1 12 15 17 19
54 19 -1 40 45 51 21
4 6 -1 12 15 17 19
57 21 -1 40 43 50 20
4 6 -1 12 15 17 19
59 22 -1 40 42 49 19
5 6 -1 12 15 17 19
1 23 -1 40 40 49 19
5 6 -1 12 15 17 19
2 24 -1 40 39 48 18
5 6 -1 12 15 17 19
3 26 -1 40 39 46 16
5 6 -1 12 15 17 19
5 27 -1 40 39 45 15
5 6 -1 12 15 17 19
7 28 -1 40 38 44 14
5 6 -1 12 15 17 19
8 29 -1 40 37 42 12
5 6 -1 12 15 17 19
9 31 -1 40 36 40 10
5 6 -1 12 15 17 19
9 32 -1 40 35 39 9
5 6 -1 12 15 17 19
9 33 -1 40 34 39 9
5 6 -1 12 15 17 19
9 33 -1 40 33 38 8
5 6 -1 12 15 17 19
9 36 -1 40 32 36 6
5 6 -1 12 15 17 19
9 37 -1 40 31 34 4
5 6 -1 12 15 17 19
10 38 -1 40 30 32 2
5 6 -1 12 15 17 19
10 40 -1 40 29 30 0
5 6 -1 12 15 17 18
10 41 -1 40 28 28 58
5 6 -1 12 15 17 18
10 42 -1 40 27 26 56
5 6 -1 12 15 17 18
11 44 -1 40 26 24 54
5 6 -1 12 15 17 18
12 45 -1 40 24 22 52
5 6 -1 12 15 17 18
12 46 -1 40 22 20 50
31































1
По всем вопросам касающимся приложения обращайтесь по WhatsApp +79952867503
1
10.2026

      
	