1
For advertising or questions send us e-mail kogdanamaz@gmail.com 
30
4 5 -1 12 15 18 19
14 35 -1 0 34 23 40
4 5 -1 12 15 18 19
15 36 -1 0 33 22 39
4 5 -1 11 15 18 19
16 37 -1 59 33 20 38
4 5 -1 11 15 18 19
17 37 -1 59 32 19 36
4 5 -1 11 15 18 19
17 38 -1 59 32 18 35
4 5 -1 11 15 18 19
18 38 -1 58 31 17 34
4 5 -1 11 15 18 19
19 39 -1 58 30 16 32
4 5 -1 11 15 18 19
19 39 -1 58 30 14 31
4 5 -1 11 15 18 19
20 40 -1 57 29 13 29
4 5 -1 11 15 18 19
21 40 -1 57 29 12 28
4 5 -1 11 15 18 19
21 41 -1 57 28 11 27
4 5 -1 11 15 18 19
22 42 -1 56 27 9 25
4 5 -1 11 15 18 19
23 42 -1 56 27 8 24
4 5 -1 11 15 18 19
23 43 -1 55 26 7 23
4 5 -1 11 15 18 19
24 43 -1 55 25 6 21
4 5 -1 11 15 18 19
25 44 -1 55 24 4 20
4 5 -1 11 15 18 19
25 44 -1 54 24 3 19
4 5 -1 11 15 18 19
26 45 -1 54 23 2 17
4 5 -1 11 15 18 19
27 45 -1 54 22 1 16
4 5 -1 11 15 17 19
27 46 -1 53 21 59 15
4 5 -1 11 15 17 19
28 46 -1 53 21 58 13
4 5 -1 11 15 17 19
29 47 -1 53 20 57 12
4 5 -1 11 15 17 19
29 48 -1 52 19 56 11
4 5 -1 11 15 17 19
30 48 -1 52 18 54 9
4 5 -1 11 15 17 19
30 49 -1 52 18 53 8
4 5 -1 11 15 17 19
31 49 -1 51 17 52 7
4 5 -1 11 15 17 19
32 50 -1 51 16 50 5
4 5 -1 11 15 17 19
32 50 -1 51 15 49 4
4 5 -1 11 15 17 19
33 51 -1 50 14 48 3
4 5 -1 11 15 17 19
33 52 -1 50 14 47 2
30






























1
По всем вопросам касающимся приложения обращайтесь по WhatsApp +79952867503
1
09.2026

      
	
