1
For advertising or questions send us e-mail kogdanamaz@gmail.com 
30
4 5 -1 12 15 18 20
14 42 -1 13 51 41 6
4 5 -1 12 15 18 20
15 43 -1 12 50 40 4
4 5 -1 12 15 18 20
16 44 -1 12 50 38 2
4 5 -1 12 15 18 20
17 45 -1 12 49 37 1
4 5 -1 12 15 18 19
18 46 -1 11 48 35 59
4 5 -1 12 15 18 19
19 46 -1 11 47 34 57
4 5 -1 12 15 18 19
20 47 -1 11 46 32 56
4 5 -1 12 15 18 19
21 48 -1 10 45 31 54
4 5 -1 12 15 18 19
22 49 -1 10 44 29 52
4 5 -1 12 15 18 19
23 50 -1 10 44 28 51
4 5 -1 12 15 18 19
24 50 -1 9 43 26 49
4 5 -1 12 15 18 19
25 51 -1 9 42 25 47
4 5 -1 12 15 18 19
26 52 -1 8 41 23 46
4 5 -1 12 15 18 19
27 53 -1 8 40 22 44
4 5 -1 12 15 18 19
28 54 -1 8 39 20 42
4 5 -1 12 15 18 19
29 54 -1 7 38 19 41
4 5 -1 12 15 18 19
30 55 -1 7 37 17 39
4 5 -1 12 15 18 19
31 56 -1 7 36 16 37
4 5 -1 12 15 18 19
32 57 -1 6 35 14 36
4 5 -1 12 15 18 19
33 58 -1 6 34 13 34
4 5 -1 12 15 18 19
33 58 -1 6 33 11 33
4 5 -1 12 15 18 19
34 59 -1 5 32 10 31
4 6 -1 12 15 18 19
35 0 -1 5 31 8 29
4 6 -1 12 15 18 19
36 1 -1 5 30 7 28
4 6 -1 12 15 18 19
37 2 -1 4 29 5 26
4 6 -1 12 15 18 19
38 2 -1 4 28 4 25
4 6 -1 12 15 18 19
39 3 -1 4 27 2 23
4 6 -1 12 15 18 19
40 4 -1 3 26 1 22
4 6 -1 12 15 17 19
41 5 -1 3 25 59 20
4 6 -1 12 15 17 19
41 6 -1 3 24 58 19
30






























1
По всем вопросам касающимся приложения обращайтесь по WhatsApp +79952867503
1
09.2026

      
	
