1
For advertising or questions send us e-mail kogdanamaz@gmail.com 
30
4 5 -1 12 16 19 20
29 59 -1 30 10 0 26
4 6 -1 12 16 18 20
30 0 -1 30 9 59 24
4 6 -1 12 16 18 20
31 1 -1 30 8 57 23
4 6 -1 12 16 18 20
32 2 -1 29 7 56 21
4 6 -1 12 16 18 20
33 2 -1 29 6 54 19
4 6 -1 12 16 18 20
34 3 -1 29 5 52 17
4 6 -1 12 16 18 20
35 4 -1 28 4 51 16
4 6 -1 12 16 18 20
36 5 -1 28 3 49 14
4 6 -1 12 16 18 20
38 6 -1 28 3 48 12
4 6 -1 12 16 18 20
39 7 -1 27 2 46 11
4 6 -1 12 16 18 20
40 7 -1 27 1 45 9
4 6 -1 12 16 18 20
41 8 -1 27 0 43 7
4 6 -1 12 15 18 20
42 9 -1 26 59 42 5
4 6 -1 12 15 18 20
43 10 -1 26 58 40 4
4 6 -1 12 15 18 20
44 11 -1 26 57 39 2
4 6 -1 12 15 18 20
45 12 -1 25 56 37 0
4 6 -1 12 15 18 19
46 13 -1 25 55 35 59
4 6 -1 12 15 18 19
47 13 -1 24 54 34 57
4 6 -1 12 15 18 19
48 14 -1 24 53 32 55
4 6 -1 12 15 18 19
49 15 -1 24 52 31 54
4 6 -1 12 15 18 19
50 16 -1 23 51 29 52
4 6 -1 12 15 18 19
51 17 -1 23 50 28 50
4 6 -1 12 15 18 19
52 18 -1 23 49 26 49
4 6 -1 12 15 18 19
53 18 -1 22 47 25 47
4 6 -1 12 15 18 19
53 19 -1 22 46 23 45
4 6 -1 12 15 18 19
54 20 -1 22 45 21 44
4 6 -1 12 15 18 19
55 21 -1 21 44 20 42
4 6 -1 12 15 18 19
56 22 -1 21 43 18 40
4 6 -1 12 15 18 19
57 23 -1 21 42 17 39
4 6 -1 12 15 18 19
58 24 -1 20 41 15 37
30






























1
По всем вопросам касающимся приложения обращайтесь по WhatsApp +79952867503
1
09.2026

      
	
