1
For advertising or questions send us e-mail kogdanamaz@gmail.com 
30
4 6 -1 13 16 19 21
25 23 -1 9 51 53 45
4 6 -1 13 16 19 21
27 24 -1 9 50 51 42
4 6 -1 13 16 19 21
29 26 -1 8 49 49 39
4 6 -1 13 16 19 21
31 27 -1 8 47 47 37
4 6 -1 13 16 19 21
34 29 -1 8 46 44 34
4 6 -1 13 16 19 21
36 30 -1 7 45 42 31
4 6 -1 13 16 19 21
38 32 -1 7 43 40 29
4 6 -1 13 16 19 21
40 33 -1 7 42 38 26
4 6 -1 13 16 19 21
42 35 -1 6 40 36 23
4 6 -1 13 16 19 21
44 36 -1 6 39 34 21
4 6 -1 13 16 19 21
46 38 -1 5 37 31 18
4 6 -1 13 16 19 21
48 39 -1 5 36 29 15
4 6 -1 13 16 19 21
50 41 -1 5 34 27 13
4 6 -1 13 16 19 21
51 42 -1 4 33 25 10
4 6 -1 13 16 19 21
53 44 -1 4 31 22 8
4 6 -1 13 16 19 21
55 45 -1 4 30 20 5
4 6 -1 13 16 19 21
57 47 -1 3 28 18 3
4 6 -1 13 16 19 21
59 48 -1 3 27 16 0
5 6 -1 13 16 19 20
1 50 -1 3 25 14 58
5 6 -1 13 16 19 20
3 51 -1 2 24 11 55
5 6 -1 13 16 19 20
4 53 -1 2 22 9 53
5 6 -1 13 16 19 20
6 54 -1 2 20 7 50
5 6 -1 13 16 19 20
8 56 -1 1 19 5 48
5 6 -1 13 16 19 20
10 57 -1 1 17 3 45
5 6 -1 13 16 19 20
11 59 -1 1 16 0 43
5 7 -1 13 16 18 20
13 0 -1 0 14 58 41
5 7 -1 13 16 18 20
15 2 -1 0 12 56 38
5 7 -1 12 16 18 20
17 3 -1 59 11 54 36
5 7 -1 12 16 18 20
18 5 -1 59 9 51 33
5 7 -1 12 16 18 20
20 6 -1 59 7 49 31
30






























1
По всем вопросам касающимся приложения обращайтесь по WhatsApp +79952867503
1
09.2026

      
	
