1
For advertising or questions send us e-mail kogdanamaz@gmail.com 
31
4 7 -1 12 15 18 20
42 1 -1 45 35 28 41
4 7 -1 12 15 18 20
44 3 -1 45 32 25 37
4 7 -1 12 15 18 20
47 5 -1 45 30 22 34
4 7 -1 12 15 18 20
50 8 -1 45 28 19 31
4 7 -1 12 15 18 20
52 10 -1 44 26 16 27
4 7 -1 12 15 18 20
55 13 -1 44 23 13 24
4 7 -1 12 15 18 20
58 15 -1 44 21 10 21
5 7 -1 12 15 18 20
0 17 -1 43 19 7 18
5 7 -1 12 15 18 20
3 20 -1 43 17 4 15
5 7 -1 12 15 18 20
5 22 -1 43 14 1 12
5 7 -1 12 15 17 20
8 25 -1 43 12 58 9
5 7 -1 12 15 17 20
10 27 -1 42 10 55 6
5 7 -1 12 15 17 20
13 30 -1 42 8 52 3
5 7 -1 12 15 17 20
15 32 -1 42 6 49 0
5 7 -1 12 15 17 19
18 35 -1 42 3 46 57
5 7 -1 12 15 17 19
20 37 -1 41 1 43 54
5 7 -1 12 14 17 19
23 40 -1 41 59 41 51
5 7 -1 12 14 17 19
25 42 -1 41 57 38 49
5 7 -1 12 14 17 19
27 45 -1 41 55 35 46
5 7 -1 12 14 17 19
30 47 -1 41 53 32 43
5 7 -1 12 14 17 19
32 50 -1 40 50 29 41
5 7 -1 12 14 17 19
34 52 -1 40 48 26 38
5 7 -1 12 14 17 19
37 55 -1 40 46 24 35
5 7 -1 12 14 17 19
39 57 -1 40 44 21 33
5 8 -1 12 14 17 19
41 0 -1 40 42 18 30
5 8 -1 12 14 17 19
44 2 -1 40 40 15 28
5 8 -1 12 14 17 19
46 5 -1 40 38 12 25
4 7 -1 11 13 16 18
48 8 -1 40 36 10 23
4 7 -1 11 13 16 18
50 10 -1 40 34 7 21
4 7 -1 11 13 16 18
53 13 -1 39 32 4 18
4 7 -1 11 13 16 18
55 15 -1 39 30 2 16
31































1
По всем вопросам касающимся приложения обращайтесь по WhatsApp +79952867503
1
10.2026

      
	