1
For advertising or questions send us e-mail kogdanamaz@gmail.com 
31
4 5 -1 11 15 17 19
21 52 -1 49 4 40 10
4 5 -1 11 15 17 19
22 54 -1 48 3 38 8
4 5 -1 11 15 17 19
23 55 -1 48 1 36 6
4 5 -1 11 15 17 19
24 56 -1 48 0 35 5
4 5 -1 11 14 17 19
26 57 -1 47 59 33 3
4 5 -1 11 14 17 19
27 58 -1 47 57 31 1
4 6 -1 11 14 17 18
28 0 -1 47 56 29 59
4 6 -1 11 14 17 18
30 1 -1 46 55 27 57
4 6 -1 11 14 17 18
31 2 -1 46 53 26 56
4 6 -1 11 14 17 18
32 3 -1 46 52 24 54
4 6 -1 11 14 17 18
33 5 -1 46 50 22 52
4 6 -1 11 14 17 18
35 6 -1 45 49 20 50
4 6 -1 11 14 17 18
36 7 -1 45 48 18 48
4 6 -1 11 14 17 18
37 8 -1 45 46 17 47
4 6 -1 11 14 17 18
38 10 -1 45 45 15 45
4 6 -1 11 14 17 18
40 11 -1 44 44 13 43
4 6 -1 11 14 17 18
41 12 -1 44 42 12 42
4 6 -1 11 14 17 18
42 14 -1 44 41 10 40
4 6 -1 11 14 17 18
43 15 -1 44 40 8 38
4 6 -1 11 14 17 18
44 16 -1 44 39 7 37
4 6 -1 11 14 17 18
46 17 -1 44 37 5 35
4 6 -1 11 14 17 18
47 19 -1 43 36 3 33
4 6 -1 11 14 17 18
48 20 -1 43 35 2 32
4 6 -1 11 14 17 18
49 21 -1 43 33 0 30
4 6 -1 11 14 16 18
51 23 -1 43 32 59 29
4 6 -1 11 14 16 18
52 24 -1 43 31 57 27
4 6 -1 11 14 16 18
53 25 -1 43 30 56 26
4 6 -1 11 14 16 18
54 27 -1 43 29 54 24
4 6 -1 11 14 16 18
55 28 -1 43 27 53 23
4 6 -1 11 14 16 18
57 29 -1 43 26 51 21
4 6 -1 11 14 16 18
58 31 -1 42 25 50 20
31































1
По всем вопросам касающимся приложения обращайтесь по WhatsApp +79952867503
1
10.2026

      
	