1
For advertising or questions send us e-mail kogdanamaz@gmail.com 
30
5 7 -1 13 16 19 20
52 0 -1 6 17 10 15
5 7 -1 13 16 19 20
52 0 -1 5 16 9 15
5 7 -1 13 16 19 20
51 0 -1 5 15 9 14
5 7 -1 13 16 19 20
51 0 -1 5 14 9 14
5 6 -1 13 16 19 20
51 59 -1 4 13 8 13
5 6 -1 13 16 19 20
51 59 -1 4 13 8 13
5 6 -1 13 16 19 20
51 59 -1 4 12 7 13
5 6 -1 13 16 19 20
50 58 -1 3 11 7 12
5 6 -1 13 16 19 20
50 58 -1 3 10 7 12
5 6 -1 13 16 19 20
50 58 -1 3 9 6 11
5 6 -1 13 16 19 20
49 57 -1 2 8 6 11
5 6 -1 13 16 19 20
49 57 -1 2 7 5 10
5 6 -1 13 16 19 20
49 57 -1 1 6 5 10
5 6 -1 13 16 19 20
49 57 -1 1 5 5 10
5 6 -1 13 16 19 20
48 56 -1 1 3 4 9
5 6 -1 13 16 19 20
48 56 -1 0 2 4 9
5 6 -1 13 16 19 20
48 56 -1 0 1 3 8
5 6 -1 13 16 19 20
47 55 -1 0 0 3 8
5 6 -1 12 16 19 20
47 55 -1 59 0 3 7
5 6 -1 12 16 19 20
47 55 -1 59 0 2 7
5 6 -1 12 16 19 20
47 54 -1 59 1 2 7
5 6 -1 12 16 19 20
46 54 -1 58 1 2 6
5 6 -1 12 16 19 20
46 54 -1 58 1 1 6
5 6 -1 12 16 19 20
46 53 -1 58 2 1 6
5 6 -1 12 16 19 20
45 53 -1 57 2 0 5
5 6 -1 12 16 19 20
45 53 -1 57 2 0 5
5 6 -1 12 16 19 20
45 52 -1 57 3 0 4
5 6 -1 12 16 18 20
44 52 -1 56 3 59 4
5 6 -1 12 16 18 20
44 52 -1 56 3 59 4
5 6 -1 12 16 18 20
44 52 -1 56 3 58 3
30






























1
По всем вопросам касающимся приложения обращайтесь по WhatsApp +79952867503
1
09.2026

      
	
