1
For advertising or questions send us e-mail kogdanamaz@gmail.com 
31
5 7 -1 13 16 19 20
55 3 -1 6 18 8 13
5 7 -1 13 16 19 20
54 2 -1 6 19 8 13
5 7 -1 13 16 19 20
54 2 -1 5 19 7 12
5 7 -1 13 16 19 20
54 2 -1 5 19 7 12
5 7 -1 13 16 19 20
54 2 -1 5 19 6 11
5 7 -1 13 16 19 20
54 2 -1 4 19 6 11
5 7 -1 13 16 19 20
53 2 -1 4 19 5 11
5 7 -1 13 16 19 20
53 1 -1 4 19 5 10
5 7 -1 13 16 19 20
53 1 -1 3 19 5 10
5 7 -1 13 16 19 20
53 1 -1 3 19 4 10
5 7 -1 13 16 19 20
53 1 -1 3 19 4 9
5 7 -1 13 16 19 20
52 1 -1 3 19 4 9
5 7 -1 13 16 19 20
52 1 -1 2 20 3 9
5 7 -1 13 16 19 20
52 1 -1 2 20 3 8
5 7 -1 13 16 19 20
52 0 -1 2 20 3 8
5 7 -1 13 16 19 20
52 0 -1 2 20 2 8
5 7 -1 13 16 19 20
52 0 -1 2 20 2 8
5 7 -1 13 16 19 20
51 0 -1 1 20 2 7
5 7 -1 13 16 19 20
51 0 -1 1 20 1 7
5 7 -1 13 16 19 20
51 0 -1 1 20 1 7
5 7 -1 13 16 19 20
51 0 -1 1 20 1 7
5 7 -1 13 16 19 20
51 0 -1 1 20 0 6
5 7 -1 13 16 19 20
51 0 -1 1 20 0 6
5 7 -1 13 16 19 20
51 0 -1 0 20 0 6
5 7 -1 13 16 19 20
50 0 -1 0 20 0 6
5 7 -1 13 16 18 20
50 0 -1 0 20 59 6
5 7 -1 13 16 18 20
50 0 -1 0 21 59 6
5 7 -1 13 16 18 20
50 0 -1 0 21 59 6
5 7 -1 13 16 18 20
50 0 -1 0 21 59 6
5 7 -1 13 16 18 20
50 0 -1 0 21 59 5
5 7 -1 13 16 18 20
50 0 -1 0 21 59 5
31































1
По всем вопросам касающимся приложения обращайтесь по WhatsApp +79952867503
1
10.2026

      
	
