1
For advertising or questions send us e-mail kogdanamaz@gmail.com 
30
6 7 -1 13 16 19 20
0 8 -1 14 24 19 25
6 7 -1 13 16 19 20
0 8 -1 14 23 19 25
5 7 -1 13 16 19 20
59 8 -1 14 22 19 24
5 7 -1 13 16 19 20
59 8 -1 13 21 18 24
5 7 -1 13 16 19 20
59 7 -1 13 20 18 23
5 7 -1 13 16 19 20
59 7 -1 13 19 17 23
5 7 -1 13 16 19 20
59 7 -1 12 18 17 22
5 7 -1 13 16 19 20
58 7 -1 12 17 17 22
5 7 -1 13 16 19 20
58 6 -1 12 16 16 21
5 7 -1 13 16 19 20
58 6 -1 11 15 16 21
5 7 -1 13 16 19 20
58 6 -1 11 14 15 20
5 7 -1 13 16 19 20
58 6 -1 11 13 15 20
5 7 -1 13 16 19 20
57 5 -1 10 12 14 19
5 7 -1 13 16 19 20
57 5 -1 10 10 14 19
5 7 -1 13 16 19 20
57 5 -1 10 10 13 18
5 7 -1 13 16 19 20
57 4 -1 9 11 13 18
5 7 -1 13 16 19 20
56 4 -1 9 11 13 18
5 7 -1 13 16 19 20
56 4 -1 9 11 12 17
5 7 -1 13 16 19 20
56 4 -1 8 12 12 17
5 7 -1 13 16 19 20
56 3 -1 8 12 11 16
5 7 -1 13 16 19 20
55 3 -1 7 12 11 16
5 7 -1 13 16 19 20
55 3 -1 7 13 10 15
5 7 -1 13 16 19 20
55 3 -1 7 13 10 15
5 7 -1 13 16 19 20
54 2 -1 6 13 10 14
5 7 -1 13 16 19 20
54 2 -1 6 13 9 14
5 7 -1 13 16 19 20
54 2 -1 6 14 9 14
5 7 -1 13 16 19 20
54 1 -1 5 14 8 13
5 7 -1 13 16 19 20
53 1 -1 5 14 8 13
5 7 -1 13 16 19 20
53 1 -1 5 14 7 12
5 7 -1 13 16 19 20
53 1 -1 4 15 7 12
30






























1
По всем вопросам касающимся приложения обращайтесь по WhatsApp +79952867503
1
09.2026

      
	
