1
For advertising or questions send us e-mail kogdanamaz@gmail.com 
30
4 5 -1 13 17 19 21
26 56 -1 12 26 35 5
4 5 -1 13 17 19 21
28 58 -1 12 24 33 3
4 6 -1 13 17 19 21
30 0 -1 12 22 30 0
4 6 -1 13 17 19 20
31 1 -1 12 20 28 58
4 6 -1 13 17 19 20
33 3 -1 12 18 25 55
4 6 -1 13 17 19 20
35 5 -1 12 16 23 53
4 6 -1 13 17 19 20
36 6 -1 12 14 21 51
4 6 -1 13 17 19 20
38 8 -1 12 12 18 48
4 6 -1 13 17 19 20
40 10 -1 12 11 16 46
4 6 -1 13 17 19 20
42 12 -1 12 9 13 43
4 6 -1 13 17 19 20
43 13 -1 12 7 11 41
4 6 -1 13 17 19 20
45 15 -1 12 5 9 39
4 6 -1 13 17 19 20
47 17 -1 12 3 6 36
4 6 -1 13 17 19 20
48 18 -1 12 1 4 34
4 6 -1 13 16 19 20
50 20 -1 12 59 1 31
4 6 -1 13 16 18 20
52 22 -1 12 57 59 29
4 6 -1 13 16 18 20
54 24 -1 12 55 56 26
4 6 -1 13 16 18 20
55 25 -1 12 53 54 24
4 6 -1 13 16 18 20
57 27 -1 12 51 52 22
4 6 -1 13 16 18 20
59 29 -1 12 48 49 19
5 6 -1 13 16 18 20
1 31 -1 12 46 47 17
5 6 -1 13 16 18 20
2 32 -1 12 44 44 14
5 6 -1 13 16 18 20
4 34 -1 12 42 42 12
5 6 -1 13 16 18 20
6 36 -1 12 40 39 9
5 6 -1 13 16 18 20
7 37 -1 12 38 37 7
5 6 -1 13 16 18 20
9 39 -1 12 36 35 5
5 6 -1 13 16 18 20
11 41 -1 12 34 32 2
5 6 -1 13 16 18 20
13 43 -1 12 32 30 0
5 6 -1 13 16 18 19
14 44 -1 12 30 27 57
5 6 -1 13 16 18 19
16 46 -1 12 28 25 55
30






























1
По всем вопросам касающимся приложения обращайтесь по WhatsApp +79952867503
1
09.2026

      
	
