1
For advertising or questions send us e-mail kogdanamaz@gmail.com 
30
4 6 -1 12 15 18 19
51 0 -1 8 14 15 21
4 6 -1 12 15 18 19
51 0 -1 8 13 14 20
4 6 -1 12 15 18 19
51 0 -1 7 12 14 20
4 6 -1 12 15 18 19
51 0 -1 7 10 13 19
4 6 -1 12 15 18 19
51 0 -1 7 9 13 18
4 6 -1 12 15 18 19
51 0 -1 6 8 12 18
4 5 -1 12 15 18 19
51 59 -1 6 7 12 17
4 5 -1 12 15 18 19
51 59 -1 6 7 11 17
4 5 -1 12 15 18 19
51 59 -1 5 8 11 16
4 5 -1 12 15 18 19
50 59 -1 5 8 10 16
4 5 -1 12 15 18 19
50 59 -1 5 8 10 15
4 5 -1 12 15 18 19
50 58 -1 4 9 9 15
4 5 -1 12 15 18 19
50 58 -1 4 9 9 14
4 5 -1 12 15 18 19
50 58 -1 4 9 8 13
4 5 -1 12 15 18 19
50 58 -1 3 9 8 13
4 5 -1 12 15 18 19
49 58 -1 3 10 7 12
4 5 -1 12 15 18 19
49 57 -1 3 10 7 12
4 5 -1 12 15 18 19
49 57 -1 2 10 6 11
4 5 -1 12 15 18 19
49 57 -1 2 10 6 11
4 5 -1 12 15 18 19
49 57 -1 2 10 5 10
4 5 -1 12 15 18 19
49 57 -1 1 11 5 10
4 5 -1 12 15 18 19
48 56 -1 1 11 4 9
4 5 -1 12 15 18 19
48 56 -1 0 11 4 9
4 5 -1 12 15 18 19
48 56 -1 0 11 3 8
4 5 -1 12 15 18 19
48 56 -1 0 11 3 8
4 5 -1 11 15 18 19
48 56 -1 59 11 2 7
4 5 -1 11 15 18 19
47 55 -1 59 11 2 7
4 5 -1 11 15 18 19
47 55 -1 59 11 1 6
4 5 -1 11 15 18 19
47 55 -1 58 12 1 6
4 5 -1 11 15 18 19
47 55 -1 58 12 0 5
30






























1
По всем вопросам касающимся приложения обращайтесь по WhatsApp +79952867503
1
09.2026

      
	
