1
For advertising or questions send us e-mail kogdanamaz@gmail.com 
30
5 7 -1 13 16 19 20
55 4 -1 12 17 18 24
5 7 -1 13 16 19 20
55 3 -1 11 16 18 24
5 7 -1 13 16 19 20
55 3 -1 11 15 17 23
5 7 -1 13 16 19 20
54 3 -1 11 13 17 23
5 7 -1 13 16 19 20
54 3 -1 10 12 16 22
5 7 -1 13 16 19 20
54 3 -1 10 11 16 22
5 7 -1 13 16 19 20
54 3 -1 10 11 15 21
5 7 -1 13 16 19 20
54 2 -1 9 12 15 20
5 7 -1 13 16 19 20
54 2 -1 9 12 14 20
5 7 -1 13 16 19 20
54 2 -1 9 12 14 19
5 7 -1 13 16 19 20
54 2 -1 8 12 13 19
5 7 -1 13 16 19 20
53 2 -1 8 13 13 18
5 7 -1 13 16 19 20
53 2 -1 7 13 12 18
5 7 -1 13 16 19 20
53 1 -1 7 13 12 17
5 7 -1 13 16 19 20
53 1 -1 7 13 11 16
5 7 -1 13 16 19 20
53 1 -1 6 14 11 16
5 7 -1 13 16 19 20
53 1 -1 6 14 10 15
5 7 -1 13 16 19 20
52 1 -1 6 14 10 15
5 7 -1 13 16 19 20
52 0 -1 5 14 9 14
5 7 -1 13 16 19 20
52 0 -1 5 14 9 14
5 7 -1 13 16 19 20
52 0 -1 5 14 8 13
5 7 -1 13 16 19 20
52 0 -1 4 15 8 13
5 7 -1 13 16 19 20
52 0 -1 4 15 7 12
5 6 -1 13 16 19 20
51 59 -1 4 15 7 12
5 6 -1 13 16 19 20
51 59 -1 3 15 6 11
5 6 -1 13 16 19 20
51 59 -1 3 15 6 11
5 6 -1 13 16 19 20
51 59 -1 3 15 5 10
5 6 -1 13 16 19 20
51 59 -1 2 15 5 10
5 6 -1 13 16 19 20
51 59 -1 2 15 4 9
5 6 -1 13 16 19 20
50 58 -1 2 15 4 9
30






























1
По всем вопросам касающимся приложения обращайтесь по WhatsApp +79952867503
1
09.2026

      
	
