1
For advertising or questions send us e-mail kogdanamaz@gmail.com 
30
4 6 -1 12 15 18 19
56 6 -1 3 24 0 6
4 6 -1 12 15 18 19
55 5 -1 3 24 0 6
4 6 -1 12 15 17 19
55 5 -1 3 23 59 6
4 6 -1 12 15 17 19
54 4 -1 2 23 59 6
4 6 -1 12 15 17 19
54 3 -1 2 22 59 6
4 6 -1 12 15 17 19
53 3 -1 2 22 59 6
4 6 -1 12 15 17 19
52 2 -1 1 22 59 6
4 6 -1 12 15 17 19
52 1 -1 1 21 59 6
4 6 -1 12 15 17 19
51 1 -1 1 21 59 6
4 6 -1 12 15 17 19
50 0 -1 0 20 59 6
4 5 -1 12 15 17 19
50 59 -1 0 20 59 6
4 5 -1 11 15 17 19
49 59 -1 59 19 59 6
4 5 -1 11 15 17 19
48 58 -1 59 19 59 6
4 5 -1 11 15 17 19
48 57 -1 59 18 59 6
4 5 -1 11 15 17 19
47 57 -1 58 18 59 6
4 5 -1 11 15 17 19
46 56 -1 58 17 59 6
4 5 -1 11 15 17 19
46 55 -1 58 17 59 6
4 5 -1 11 15 17 19
45 55 -1 57 16 59 6
4 5 -1 11 15 17 19
44 54 -1 57 16 59 6
4 5 -1 11 15 17 19
44 53 -1 57 15 59 5
4 5 -1 11 15 17 19
43 53 -1 56 14 59 5
4 5 -1 11 15 17 19
42 52 -1 56 14 59 5
4 5 -1 11 15 17 19
42 51 -1 56 13 59 5
4 5 -1 11 15 17 19
41 51 -1 55 13 59 5
4 5 -1 11 15 17 19
40 50 -1 55 12 59 5
4 5 -1 11 15 17 19
39 49 -1 55 11 59 6
4 5 -1 11 15 17 19
39 48 -1 54 11 59 6
4 5 -1 11 15 17 19
38 48 -1 54 10 59 6
4 5 -1 11 15 17 19
37 47 -1 54 9 59 6
4 5 -1 11 15 17 19
37 46 -1 53 9 59 6
30






























1
По всем вопросам касающимся приложения обращайтесь по WhatsApp +79952867503
1
09.2026

      
	
