1
For advertising or questions send us e-mail kogdanamaz@gmail.com 
30
4 5 -1 11 15 17 19
50 59 -1 58 18 55 1
4 5 -1 11 15 17 19
50 59 -1 58 18 55 1
4 5 -1 11 15 17 19
49 58 -1 57 17 55 1
4 5 -1 11 15 17 19
48 58 -1 57 17 55 1
4 5 -1 11 15 17 19
48 57 -1 56 16 55 1
4 5 -1 11 15 17 19
47 56 -1 56 16 55 1
4 5 -1 11 15 17 19
47 56 -1 56 15 55 1
4 5 -1 11 15 17 19
46 55 -1 55 15 55 1
4 5 -1 11 15 17 19
45 55 -1 55 14 55 1
4 5 -1 11 15 17 19
45 54 -1 55 14 54 0
4 5 -1 11 15 17 19
44 53 -1 54 13 54 0
4 5 -1 11 15 17 19
44 53 -1 54 13 54 0
4 5 -1 11 15 17 19
43 52 -1 54 12 54 0
4 5 -1 11 15 17 19
42 51 -1 53 11 54 0
4 5 -1 11 15 17 19
42 51 -1 53 11 54 0
4 5 -1 11 15 17 19
42 51 -1 53 11 54 0
4 5 -1 11 15 17 19
41 50 -1 53 10 54 0
4 5 -1 11 15 17 19
40 49 -1 52 9 54 0
4 5 -1 11 15 17 19
39 48 -1 51 8 54 0
4 5 -1 11 15 17 19
38 48 -1 51 8 54 0
4 5 -1 11 15 17 19
38 47 -1 51 7 54 0
4 5 -1 11 15 17 19
37 46 -1 50 6 54 0
4 5 -1 11 15 17 18
37 46 -1 50 6 54 59
4 5 -1 11 15 17 18
36 45 -1 50 5 53 59
4 5 -1 11 15 17 18
35 44 -1 49 4 53 59
4 5 -1 11 15 17 18
35 44 -1 49 4 53 59
4 5 -1 11 15 17 18
34 43 -1 49 3 53 59
4 5 -1 11 15 17 18
33 43 -1 48 2 53 59
4 5 -1 11 15 17 18
33 42 -1 48 2 53 59
4 5 -1 11 15 17 18
32 41 -1 48 1 53 59
30






























1
По всем вопросам касающимся приложения обращайтесь по WhatsApp +79952867503
1
09.2026

      
	
