1
For advertising or questions send us e-mail kogdanamaz@gmail.com 
30
3 5 -1 11 15 18 19
45 12 -1 41 20 9 32
3 5 -1 11 15 18 19
46 13 -1 41 19 8 31
3 5 -1 11 15 18 19
47 14 -1 41 18 6 29
3 5 -1 11 15 18 19
48 14 -1 41 17 5 28
3 5 -1 11 15 18 19
49 15 -1 40 16 4 26
3 5 -1 11 15 18 19
50 16 -1 40 16 2 24
3 5 -1 11 15 18 19
51 17 -1 40 15 1 23
3 5 -1 11 15 17 19
52 18 -1 39 14 59 21
3 5 -1 11 15 17 19
53 18 -1 39 13 58 20
3 5 -1 11 15 17 19
53 18 -1 39 13 58 20
3 5 -1 11 15 17 19
55 20 -1 38 11 55 16
3 5 -1 11 15 17 19
56 21 -1 38 11 53 15
3 5 -1 11 15 17 19
57 21 -1 37 10 52 13
3 5 -1 11 15 17 19
57 22 -1 37 9 51 12
3 5 -1 11 15 17 19
58 23 -1 37 8 49 10
3 5 -1 11 15 17 19
59 24 -1 36 7 48 8
4 5 -1 11 15 17 19
0 24 -1 36 6 46 7
4 5 -1 11 15 17 19
1 25 -1 36 5 45 5
4 5 -1 11 15 17 19
2 26 -1 35 4 43 4
4 5 -1 11 15 17 19
3 27 -1 35 3 42 2
4 5 -1 11 15 17 19
4 27 -1 35 2 40 0
4 5 -1 11 15 17 18
4 28 -1 34 1 39 59
4 5 -1 11 15 17 18
5 29 -1 34 0 37 57
4 5 -1 11 14 17 18
6 30 -1 34 59 36 56
4 5 -1 11 14 17 18
6 30 -1 34 59 36 56
4 5 -1 11 14 17 18
8 31 -1 33 57 33 53
4 5 -1 11 14 17 18
9 32 -1 32 56 31 51
4 5 -1 11 14 17 18
10 33 -1 32 55 30 50
4 5 -1 11 14 17 18
10 34 -1 32 54 29 48
4 5 -1 11 14 17 18
11 34 -1 31 53 27 47
30






























1
По всем вопросам касающимся приложения обращайтесь по WhatsApp +79952867503
1
09.2026

      
	
