1
For advertising or questions send us e-mail kogdanamaz@gmail.com 
30
3 5 -1 11 15 18 19
46 13 -1 42 20 9 32
3 5 -1 11 15 18 19
47 14 -1 42 19 8 31
3 5 -1 11 15 18 19
48 14 -1 41 18 7 29
3 5 -1 11 15 18 19
49 15 -1 41 18 5 28
3 5 -1 11 15 18 19
50 16 -1 41 17 4 26
3 5 -1 11 15 18 19
51 17 -1 40 16 2 24
3 5 -1 11 15 18 19
52 17 -1 40 15 1 23
3 5 -1 11 15 18 19
53 18 -1 40 14 0 21
3 5 -1 11 15 17 19
54 19 -1 39 14 58 20
3 5 -1 11 15 17 19
54 19 -1 39 14 58 20
3 5 -1 11 15 17 19
56 20 -1 39 12 55 16
3 5 -1 11 15 17 19
57 21 -1 38 11 54 15
3 5 -1 11 15 17 19
57 22 -1 38 10 52 13
3 5 -1 11 15 17 19
58 23 -1 38 9 51 12
3 5 -1 11 15 17 19
59 23 -1 37 8 49 10
4 5 -1 11 15 17 19
0 24 -1 37 7 48 8
4 5 -1 11 15 17 19
1 25 -1 36 7 47 7
4 5 -1 11 15 17 19
2 26 -1 36 6 45 5
4 5 -1 11 15 17 19
3 26 -1 36 5 44 4
4 5 -1 11 15 17 19
4 27 -1 35 4 42 2
4 5 -1 11 15 17 19
4 28 -1 35 3 41 1
4 5 -1 11 15 17 18
5 29 -1 35 2 39 59
4 5 -1 11 15 17 18
6 29 -1 34 1 38 58
4 5 -1 11 15 17 18
7 30 -1 34 0 36 56
4 5 -1 11 15 17 18
7 30 -1 34 0 36 56
4 5 -1 11 14 17 18
9 32 -1 33 58 33 53
4 5 -1 11 14 17 18
9 32 -1 33 57 32 51
4 5 -1 11 14 17 18
10 33 -1 33 56 31 50
4 5 -1 11 14 17 18
11 34 -1 32 55 29 49
4 5 -1 11 14 17 18
12 35 -1 32 54 28 47
30






























1
По всем вопросам касающимся приложения обращайтесь по WhatsApp +79952867503
1
09.2026

      
	
