1
For advertising or questions send us e-mail kogdanamaz@gmail.com 
30
4 5 -1 11 15 18 19
4 30 -1 59 36 25 47
4 5 -1 11 15 18 19
5 31 -1 58 35 24 46
4 5 -1 11 15 18 19
6 32 -1 58 35 23 44
4 5 -1 11 15 18 19
7 32 -1 58 34 21 43
4 5 -1 11 15 18 19
8 33 -1 57 33 20 41
4 5 -1 11 15 18 19
9 34 -1 57 32 18 40
4 5 -1 11 15 18 19
10 35 -1 57 31 17 38
4 5 -1 11 15 18 19
11 35 -1 56 31 16 36
4 5 -1 11 15 18 19
12 36 -1 56 30 14 35
4 5 -1 11 15 18 19
12 36 -1 56 30 14 35
4 5 -1 11 15 18 19
14 37 -1 55 28 11 32
4 5 -1 11 15 18 19
14 38 -1 55 27 10 30
4 5 -1 11 15 18 19
15 39 -1 54 27 9 29
4 5 -1 11 15 18 19
16 40 -1 54 26 7 27
4 5 -1 11 15 18 19
17 40 -1 54 25 6 26
4 5 -1 11 15 18 19
18 41 -1 53 24 4 24
4 5 -1 11 15 18 19
19 42 -1 53 23 3 22
4 5 -1 11 15 18 19
19 42 -1 53 22 1 21
4 5 -1 11 15 18 19
20 43 -1 52 21 0 19
4 5 -1 11 15 17 19
21 44 -1 52 20 59 18
4 5 -1 11 15 17 19
22 45 -1 52 19 57 16
4 5 -1 11 15 17 19
23 45 -1 51 19 56 15
4 5 -1 11 15 17 19
24 46 -1 51 18 54 13
4 5 -1 11 15 17 19
24 47 -1 51 17 53 12
4 5 -1 11 15 17 19
24 47 -1 51 17 53 12
4 5 -1 11 15 17 19
26 48 -1 50 15 50 9
4 5 -1 11 15 17 19
27 49 -1 50 14 49 7
4 5 -1 11 15 17 19
28 50 -1 49 13 47 6
4 5 -1 11 15 17 19
28 50 -1 49 12 46 5
4 5 -1 11 15 17 19
29 51 -1 49 11 44 3
30






























1
По всем вопросам касающимся приложения обращайтесь по WhatsApp +79952867503
1
09.2026

      
	
