1
For advertising or questions send us e-mail kogdanamaz@gmail.com 
30
3 5 -1 11 15 18 19
58 24 -1 53 31 20 43
3 5 -1 11 15 18 19
59 25 -1 53 30 19 41
4 5 -1 11 15 18 19
0 26 -1 52 29 17 40
4 5 -1 11 15 18 19
1 26 -1 52 28 16 38
4 5 -1 11 15 18 19
2 27 -1 52 28 15 36
4 5 -1 11 15 18 19
2 28 -1 51 27 13 35
4 5 -1 11 15 18 19
3 29 -1 51 26 12 33
4 5 -1 11 15 18 19
4 29 -1 51 25 10 32
4 5 -1 11 15 18 19
5 30 -1 50 24 9 30
4 5 -1 11 15 18 19
5 30 -1 50 24 9 30
4 5 -1 11 15 18 19
7 31 -1 50 23 6 27
4 5 -1 11 15 18 19
8 32 -1 49 22 5 25
4 5 -1 11 15 18 19
9 33 -1 49 21 3 24
4 5 -1 11 15 18 19
10 34 -1 48 20 2 22
4 5 -1 11 15 18 19
11 34 -1 48 19 0 21
4 5 -1 11 15 17 19
11 35 -1 48 18 59 19
4 5 -1 11 15 17 19
12 36 -1 47 17 57 17
4 5 -1 11 15 17 19
13 37 -1 47 17 56 16
4 5 -1 11 15 17 19
14 37 -1 47 16 54 14
4 5 -1 11 15 17 19
15 38 -1 46 15 53 13
4 5 -1 11 15 17 19
16 39 -1 46 14 52 11
4 5 -1 11 15 17 19
16 40 -1 46 13 50 10
4 5 -1 11 15 17 19
17 40 -1 45 12 49 8
4 5 -1 11 15 17 19
18 41 -1 45 11 47 7
4 5 -1 11 15 17 19
18 41 -1 45 11 47 7
4 5 -1 11 15 17 19
20 43 -1 44 9 44 4
4 5 -1 11 15 17 19
21 43 -1 44 8 43 2
4 5 -1 11 15 17 19
21 44 -1 44 7 42 1
4 5 -1 11 15 17 18
22 45 -1 43 6 40 59
4 5 -1 11 15 17 18
23 46 -1 43 5 39 58
30






























1
По всем вопросам касающимся приложения обращайтесь по WhatsApp +79952867503
1
09.2026

      
	
