1
For advertising or questions send us e-mail kogdanamaz@gmail.com 
30
4 5 -1 11 15 18 19
3 29 -1 58 35 25 47
4 5 -1 11 15 18 19
4 30 -1 57 34 23 46
4 5 -1 11 15 18 19
4 30 -1 57 34 22 44
4 5 -1 11 15 18 19
5 31 -1 57 33 21 42
4 5 -1 11 15 18 19
6 32 -1 56 32 19 41
4 5 -1 11 15 18 19
7 33 -1 56 31 18 39
4 5 -1 11 15 18 19
8 33 -1 56 31 16 38
4 5 -1 11 15 18 19
9 34 -1 55 30 15 36
4 5 -1 11 15 18 19
10 35 -1 55 29 14 35
4 5 -1 11 15 18 19
10 35 -1 55 29 14 35
4 5 -1 11 15 18 19
12 36 -1 54 27 11 31
4 5 -1 11 15 18 19
13 37 -1 54 27 9 30
4 5 -1 11 15 18 19
14 38 -1 53 26 8 28
4 5 -1 11 15 18 19
14 38 -1 53 25 6 27
4 5 -1 11 15 18 19
15 39 -1 53 24 5 25
4 5 -1 11 15 18 19
16 40 -1 52 23 3 24
4 5 -1 11 15 18 19
17 41 -1 52 22 2 22
4 5 -1 11 15 18 19
18 41 -1 52 21 1 20
4 5 -1 11 15 17 19
19 42 -1 51 20 59 19
4 5 -1 11 15 17 19
20 43 -1 51 19 58 17
4 5 -1 11 15 17 19
20 43 -1 51 18 56 16
4 5 -1 11 15 17 19
21 44 -1 50 17 55 14
4 5 -1 11 15 17 19
22 45 -1 50 17 53 13
4 5 -1 11 15 17 19
23 46 -1 50 16 52 11
4 5 -1 11 15 17 19
23 46 -1 50 16 52 11
4 5 -1 11 15 17 19
25 47 -1 49 14 49 8
4 5 -1 11 15 17 19
25 48 -1 49 13 48 7
4 5 -1 11 15 17 19
26 49 -1 48 12 46 5
4 5 -1 11 15 17 19
27 49 -1 48 11 45 4
4 5 -1 11 15 17 19
28 50 -1 48 10 43 2
30






























1
По всем вопросам касающимся приложения обращайтесь по WhatsApp +79952867503
1
09.2026

      
	
