1
For advertising or questions send us e-mail kogdanamaz@gmail.com 
31
4 5 -1 11 14 17 18
12 35 -1 31 53 26 45
4 5 -1 11 14 17 18
13 36 -1 31 52 25 44
4 5 -1 11 14 17 18
14 37 -1 31 51 23 42
4 5 -1 11 14 17 18
15 38 -1 30 50 22 41
4 5 -1 11 14 17 18
16 38 -1 30 49 20 40
4 5 -1 11 14 17 18
16 39 -1 30 48 19 38
4 5 -1 11 14 17 18
17 40 -1 30 47 17 37
4 5 -1 11 14 17 18
18 41 -1 29 46 16 35
4 5 -1 11 14 17 18
19 42 -1 29 45 15 34
4 5 -1 11 14 17 18
20 43 -1 29 44 13 33
4 5 -1 11 14 17 18
21 43 -1 28 43 12 31
4 5 -1 11 14 17 18
21 44 -1 28 42 11 30
4 5 -1 11 14 17 18
22 45 -1 28 41 9 29
4 5 -1 11 14 17 18
23 46 -1 28 40 8 28
4 5 -1 11 14 17 18
24 47 -1 27 39 7 26
4 5 -1 11 14 17 18
25 48 -1 27 38 5 25
4 5 -1 11 14 17 18
25 48 -1 27 37 4 24
4 5 -1 11 14 17 18
26 49 -1 27 36 3 23
4 5 -1 11 14 17 18
27 50 -1 27 35 2 21
4 5 -1 11 14 17 18
28 51 -1 26 34 0 20
4 5 -1 11 14 16 18
29 52 -1 26 33 59 19
4 5 -1 11 14 16 18
29 53 -1 26 32 58 18
4 5 -1 11 14 16 18
30 54 -1 26 31 57 17
4 5 -1 11 14 16 18
30 54 -1 26 31 57 17
4 5 -1 11 14 16 18
32 56 -1 26 29 54 15
4 5 -1 11 14 16 18
33 56 -1 26 29 53 14
4 5 -1 11 14 16 18
33 57 -1 26 28 52 13
4 5 -1 11 14 16 18
34 58 -1 25 27 51 12
4 5 -1 11 14 16 18
35 59 -1 25 26 50 11
4 6 -1 11 14 16 18
36 0 -1 25 25 49 10
4 6 -1 11 14 16 18
37 1 -1 25 24 48 9
31































1
По всем вопросам касающимся приложения обращайтесь по WhatsApp +79952867503
1
10.2026

      
	