1
For advertising or questions send us e-mail kogdanamaz@gmail.com 
31
4 6 -1 12 15 18 19
51 12 -1 9 31 4 21
4 6 -1 12 15 18 19
52 13 -1 8 30 2 20
4 6 -1 12 15 18 19
53 13 -1 8 29 1 19
4 6 -1 12 15 18 19
53 14 -1 8 28 0 17
4 6 -1 12 15 17 19
54 15 -1 7 27 58 16
4 6 -1 12 15 17 19
55 16 -1 7 26 57 15
4 6 -1 12 15 17 19
55 16 -1 7 25 56 13
4 6 -1 12 15 17 19
56 17 -1 7 24 54 12
4 6 -1 12 15 17 19
57 18 -1 6 23 53 11
4 6 -1 12 15 17 19
58 19 -1 6 23 52 9
4 6 -1 12 15 17 19
58 19 -1 6 22 51 8
4 6 -1 12 15 17 19
59 20 -1 5 21 49 7
5 6 -1 12 15 17 19
0 21 -1 5 20 48 6
5 6 -1 12 15 17 19
1 22 -1 5 19 47 5
5 6 -1 12 15 17 19
1 22 -1 5 18 46 3
5 6 -1 12 15 17 19
2 23 -1 5 17 44 2
5 6 -1 12 15 17 19
3 24 -1 4 16 43 1
5 6 -1 12 15 17 19
3 25 -1 4 15 42 0
5 6 -1 12 15 17 18
4 26 -1 4 14 41 59
5 6 -1 12 15 17 18
5 26 -1 4 14 40 58
5 6 -1 12 15 17 18
6 27 -1 4 13 39 57
5 6 -1 12 15 17 18
6 28 -1 3 12 37 56
5 6 -1 12 15 17 18
7 29 -1 3 11 36 55
5 6 -1 12 15 17 18
7 29 -1 3 11 36 55
5 6 -1 12 15 17 18
9 30 -1 3 9 34 53
5 6 -1 12 15 17 18
9 31 -1 3 9 33 52
5 6 -1 12 15 17 18
10 32 -1 3 8 32 51
5 6 -1 12 15 17 18
11 33 -1 3 7 31 50
5 6 -1 12 15 17 18
12 34 -1 3 6 30 49
5 6 -1 12 15 17 18
12 35 -1 3 5 29 48
5 6 -1 12 15 17 18
13 36 -1 3 5 28 47
31































1
По всем вопросам касающимся приложения обращайтесь по WhatsApp +79952867503
1
10.2026

      
	
