1
For advertising or questions send us e-mail kogdanamaz@gmail.com 
31
4 6 -1 12 15 17 19
42 4 -1 0 22 55 14
4 6 -1 12 15 17 19
43 5 -1 0 21 54 12
4 6 -1 12 15 17 19
44 6 -1 0 20 53 11
4 6 -1 11 15 17 19
45 6 -1 59 19 51 9
4 6 -1 11 15 17 19
45 7 -1 59 18 50 8
4 6 -1 11 15 17 19
46 8 -1 59 18 48 7
4 6 -1 11 15 17 19
47 9 -1 59 17 47 5
4 6 -1 11 15 17 19
48 9 -1 58 16 46 4
4 6 -1 11 15 17 19
48 10 -1 58 15 44 3
4 6 -1 11 15 17 19
49 11 -1 58 14 43 1
4 6 -1 11 15 17 19
50 12 -1 57 13 42 0
4 6 -1 11 15 17 18
51 12 -1 57 12 41 59
4 6 -1 11 15 17 18
51 13 -1 57 11 39 58
4 6 -1 11 15 17 18
52 14 -1 57 10 38 56
4 6 -1 11 15 17 18
53 15 -1 57 9 37 55
4 6 -1 11 15 17 18
54 16 -1 56 8 35 54
4 6 -1 11 15 17 18
54 16 -1 56 7 34 53
4 6 -1 11 15 17 18
55 17 -1 56 6 33 52
4 6 -1 11 15 17 18
56 18 -1 56 5 32 51
4 6 -1 11 15 17 18
57 19 -1 56 4 31 49
4 6 -1 11 15 17 18
58 20 -1 55 4 29 48
4 6 -1 11 15 17 18
58 21 -1 55 3 28 47
4 6 -1 11 15 17 18
59 22 -1 55 2 27 46
4 6 -1 11 15 17 18
59 22 -1 55 2 27 46
5 6 -1 11 15 17 18
1 23 -1 55 0 25 44
5 6 -1 11 14 17 18
1 24 -1 55 59 24 43
5 6 -1 11 14 17 18
2 25 -1 55 58 23 42
5 6 -1 11 14 17 18
3 26 -1 55 58 22 41
5 6 -1 11 14 17 18
4 27 -1 54 57 21 40
5 6 -1 11 14 17 18
5 28 -1 54 56 20 39
5 6 -1 11 14 17 18
5 29 -1 54 55 19 38
31































1
По всем вопросам касающимся приложения обращайтесь по WhatsApp +79952867503
1
10.2026

      
	