1
For advertising or questions send us e-mail kogdanamaz@gmail.com 
30
3 5 -1 11 15 18 19
35 5 -1 37 17 7 34
3 5 -1 11 15 18 19
36 6 -1 37 16 6 32
3 5 -1 11 15 18 19
37 7 -1 36 15 4 30
3 5 -1 11 15 18 19
38 8 -1 36 14 3 29
3 5 -1 11 15 18 19
39 9 -1 36 13 1 27
3 5 -1 11 15 18 19
40 10 -1 35 12 0 25
3 5 -1 11 15 17 19
41 10 -1 35 11 58 23
3 5 -1 11 15 17 19
42 11 -1 35 10 57 22
3 5 -1 11 15 17 19
44 12 -1 34 9 55 20
3 5 -1 11 15 17 19
44 12 -1 34 9 55 20
3 5 -1 11 15 17 19
46 14 -1 34 8 52 16
3 5 -1 11 15 17 19
47 15 -1 33 7 50 15
3 5 -1 11 15 17 19
48 16 -1 33 6 49 13
3 5 -1 11 15 17 19
49 17 -1 33 5 47 11
3 5 -1 11 15 17 19
50 17 -1 32 4 46 9
3 5 -1 11 15 17 19
51 18 -1 32 3 44 8
3 5 -1 11 15 17 19
52 19 -1 32 2 42 6
3 5 -1 11 15 17 19
53 20 -1 31 0 41 4
3 5 -1 11 14 17 19
54 21 -1 31 59 39 3
3 5 -1 11 14 17 19
55 22 -1 31 58 38 1
3 5 -1 11 14 17 18
56 23 -1 30 57 36 59
3 5 -1 11 14 17 18
57 23 -1 30 56 35 58
3 5 -1 11 14 17 18
58 24 -1 29 55 33 56
3 5 -1 11 14 17 18
59 25 -1 29 54 31 54
3 5 -1 11 14 17 18
59 25 -1 29 54 31 54
4 5 -1 11 14 17 18
1 27 -1 28 52 28 51
4 5 -1 11 14 17 18
2 28 -1 28 51 27 49
4 5 -1 11 14 17 18
3 29 -1 28 50 25 48
4 5 -1 11 14 17 18
4 30 -1 27 49 24 46
4 5 -1 11 14 17 18
5 31 -1 27 48 22 44
30






























1
По всем вопросам касающимся приложения обращайтесь по WhatsApp +79952867503
1
09.2026

      
	
