1
For advertising or questions send us e-mail kogdanamaz@gmail.com 
30
4 5 -1 12 15 18 20
39 59 -1 22 54 43 4
4 5 -1 12 15 18 20
40 59 -1 21 54 42 3
4 6 -1 12 15 18 20
41 0 -1 21 53 41 2
4 6 -1 12 15 18 20
41 0 -1 21 53 40 0
4 6 -1 12 15 18 19
42 1 -1 20 52 39 59
4 6 -1 12 15 18 19
43 1 -1 20 52 38 58
4 6 -1 12 15 18 19
43 2 -1 20 51 36 56
4 6 -1 12 15 18 19
44 2 -1 19 51 35 55
4 6 -1 12 15 18 19
44 3 -1 19 50 34 54
4 6 -1 12 15 18 19
45 3 -1 19 49 33 52
4 6 -1 12 15 18 19
45 3 -1 19 49 33 52
4 6 -1 12 15 18 19
46 4 -1 18 49 32 51
4 6 -1 12 15 18 19
47 5 -1 18 48 29 48
4 6 -1 12 15 18 19
47 5 -1 17 47 28 47
4 6 -1 12 15 18 19
48 6 -1 17 46 27 46
4 6 -1 12 15 18 19
49 6 -1 17 46 26 45
4 6 -1 12 15 18 19
49 7 -1 16 45 24 43
4 6 -1 12 15 18 19
50 7 -1 16 44 23 42
4 6 -1 12 15 18 19
50 8 -1 15 44 22 41
4 6 -1 12 15 18 19
51 8 -1 15 43 21 39
4 6 -1 12 15 18 19
51 9 -1 15 42 20 38
4 6 -1 12 15 18 19
52 9 -1 14 42 18 37
4 6 -1 12 15 18 19
52 10 -1 14 41 17 36
4 6 -1 12 15 18 19
53 10 -1 14 40 16 34
4 6 -1 12 15 18 19
53 10 -1 14 40 16 34
4 6 -1 12 15 18 19
54 11 -1 13 39 15 33
4 6 -1 12 15 18 19
55 12 -1 13 38 12 31
4 6 -1 12 15 18 19
55 12 -1 12 37 11 30
4 6 -1 12 15 18 19
56 13 -1 12 36 10 28
4 6 -1 12 15 18 19
56 13 -1 12 36 9 27
30






























1
По всем вопросам касающимся приложения обращайтесь по WhatsApp +79952867503
1
09.2026

      
	
