1
For advertising or questions send us e-mail kogdanamaz@gmail.com 
30
4 6 -1 12 15 18 19
49 2 -1 17 36 30 44
4 6 -1 12 15 18 19
50 2 -1 16 36 29 43
4 6 -1 12 15 18 19
50 2 -1 16 36 29 42
4 6 -1 12 15 18 19
50 2 -1 16 36 28 41
4 6 -1 12 15 18 19
50 2 -1 15 35 27 40
4 6 -1 12 15 18 19
51 2 -1 15 35 26 39
4 6 -1 12 15 18 19
51 3 -1 15 35 25 38
4 6 -1 12 15 18 19
51 3 -1 14 35 25 37
4 6 -1 12 15 18 19
51 3 -1 14 35 24 37
4 6 -1 12 15 18 19
52 3 -1 14 35 23 36
4 6 -1 12 15 18 19
52 3 -1 14 35 23 36
4 6 -1 12 15 18 19
52 3 -1 13 35 22 35
4 6 -1 12 15 18 19
52 3 -1 13 34 20 33
4 6 -1 12 15 18 19
52 4 -1 12 34 20 32
4 6 -1 12 15 18 19
53 4 -1 12 34 19 31
4 6 -1 12 15 18 19
53 4 -1 11 33 18 30
4 6 -1 12 15 18 19
53 4 -1 11 33 17 29
4 6 -1 12 15 18 19
53 4 -1 11 33 16 28
4 6 -1 12 15 18 19
53 4 -1 10 33 15 28
4 6 -1 12 15 18 19
53 4 -1 10 32 15 27
4 6 -1 12 15 18 19
54 4 -1 10 32 14 26
4 6 -1 12 15 18 19
54 5 -1 9 32 13 25
4 6 -1 12 15 18 19
54 5 -1 9 31 12 24
4 6 -1 12 15 18 19
54 5 -1 9 31 11 23
4 6 -1 12 15 18 19
54 5 -1 9 31 11 23
4 6 -1 12 15 18 19
54 5 -1 8 31 10 22
4 6 -1 12 15 18 19
55 5 -1 8 30 9 21
4 6 -1 12 15 18 19
55 5 -1 7 30 8 20
4 6 -1 12 15 18 19
55 6 -1 7 29 7 19
4 6 -1 12 15 18 19
55 6 -1 7 29 6 18
30






























1
По всем вопросам касающимся приложения обращайтесь по WhatsApp +79952867503
1
09.2026

      
	
