1
For advertising or questions send us e-mail kogdanamaz@gmail.com 
31
5 6 -1 12 15 18 19
18 29 -1 29 52 28 40
5 6 -1 12 15 18 19
18 29 -1 29 52 27 40
5 6 -1 12 15 18 19
18 29 -1 28 51 26 39
5 6 -1 12 15 18 19
18 30 -1 28 51 25 38
5 6 -1 12 15 18 19
18 30 -1 28 50 24 37
5 6 -1 12 15 18 19
19 30 -1 27 50 24 36
5 6 -1 12 15 18 19
19 30 -1 27 49 23 35
5 6 -1 12 15 18 19
19 31 -1 27 49 22 35
5 6 -1 12 15 18 19
19 31 -1 27 49 21 34
5 6 -1 12 15 18 19
19 31 -1 27 49 21 34
5 6 -1 12 15 18 19
19 31 -1 26 48 20 33
5 6 -1 12 15 18 19
20 32 -1 26 47 19 32
5 6 -1 12 15 18 19
20 32 -1 26 47 18 31
5 6 -1 12 15 18 19
20 32 -1 25 46 17 30
5 6 -1 12 15 18 19
21 32 -1 25 46 17 30
5 6 -1 12 15 18 19
21 33 -1 25 46 16 29
5 6 -1 12 15 18 19
21 33 -1 25 45 15 28
5 6 -1 12 15 18 19
21 33 -1 24 45 14 28
5 6 -1 12 15 18 19
22 34 -1 24 44 14 27
5 6 -1 12 15 18 19
22 34 -1 24 44 13 26
5 6 -1 12 15 18 19
22 34 -1 24 44 12 26
5 6 -1 12 15 18 19
22 35 -1 24 43 12 25
5 6 -1 12 15 18 19
23 35 -1 24 43 11 25
5 6 -1 12 15 18 19
23 35 -1 24 43 10 24
5 6 -1 12 15 18 19
23 35 -1 24 43 10 24
5 6 -1 12 15 18 19
23 36 -1 23 42 10 23
5 6 -1 12 15 18 19
24 36 -1 23 41 9 22
5 6 -1 12 15 18 19
24 37 -1 23 41 8 22
5 6 -1 12 15 18 19
24 37 -1 23 41 8 22
5 6 -1 12 15 18 19
25 38 -1 23 41 7 21
5 6 -1 12 15 18 19
25 38 -1 23 40 7 21
31































1
По всем вопросам касающимся приложения обращайтесь по WhatsApp +79952867503
1
10.2026

      
	