1
For advertising or questions send us e-mail kogdanamaz@gmail.com 
30
5 6 -1 13 16 19 21
6 36 -1 7 46 36 2
5 6 -1 13 16 19 21
7 37 -1 7 45 35 1
5 6 -1 13 16 19 20
8 38 -1 6 44 33 59
5 6 -1 13 16 19 20
9 38 -1 6 43 32 57
5 6 -1 13 16 19 20
10 39 -1 6 43 30 55
5 6 -1 13 16 19 20
11 40 -1 5 42 29 54
5 6 -1 13 16 19 20
12 41 -1 5 41 27 52
5 6 -1 13 16 19 20
13 42 -1 5 40 26 50
5 6 -1 13 16 19 20
14 43 -1 4 39 24 49
5 6 -1 13 16 19 20
15 44 -1 4 38 23 47
5 6 -1 13 16 19 20
17 44 -1 3 37 21 45
5 6 -1 13 16 19 20
18 45 -1 3 36 19 43
5 6 -1 13 16 19 20
19 46 -1 3 35 18 42
5 6 -1 13 16 19 20
20 47 -1 2 34 16 40
5 6 -1 13 16 19 20
21 48 -1 2 33 15 38
5 6 -1 13 16 19 20
22 49 -1 2 32 13 37
5 6 -1 13 16 19 20
23 50 -1 1 31 12 35
5 6 -1 13 16 19 20
24 50 -1 1 30 10 33
5 6 -1 13 16 19 20
25 51 -1 1 29 8 31
5 6 -1 13 16 19 20
26 52 -1 0 28 7 30
5 6 -1 13 16 19 20
27 53 -1 0 27 5 28
5 6 -1 13 16 19 20
28 54 -1 0 26 4 26
5 6 -1 12 16 19 20
29 55 -1 59 25 2 25
5 6 -1 12 16 19 20
29 56 -1 59 24 1 23
5 6 -1 12 16 18 20
30 56 -1 59 23 59 21
5 6 -1 12 16 18 20
31 57 -1 58 22 58 20
5 6 -1 12 16 18 20
32 58 -1 58 21 56 18
5 6 -1 12 16 18 20
33 59 -1 58 19 54 17
5 7 -1 12 16 18 20
34 0 -1 57 18 53 15
5 7 -1 12 16 18 20
35 1 -1 57 17 51 13
30






























1
По всем вопросам касающимся приложения обращайтесь по WhatsApp +79952867503
1
09.2026

      
	
