1
For advertising or questions send us e-mail kogdanamaz@gmail.com 
30
4 6 -1 12 15 18 19
58 8 -1 20 32 31 43
4 6 -1 12 15 18 19
58 8 -1 20 32 30 42
4 6 -1 12 15 18 19
58 8 -1 20 32 30 41
4 6 -1 12 15 18 19
58 8 -1 19 32 29 41
4 6 -1 12 15 18 19
58 8 -1 19 32 28 40
4 6 -1 12 15 18 19
58 8 -1 19 33 28 39
4 6 -1 12 15 18 19
58 8 -1 18 33 27 38
4 6 -1 12 15 18 19
58 8 -1 18 33 26 37
4 6 -1 12 15 18 19
58 8 -1 18 33 26 37
4 6 -1 12 15 18 19
58 8 -1 17 33 25 36
4 6 -1 12 15 18 19
58 8 -1 17 33 25 36
4 6 -1 12 15 18 19
58 8 -1 17 33 24 35
4 6 -1 12 15 18 19
59 8 -1 16 32 23 34
4 6 -1 12 15 18 19
59 8 -1 16 32 22 33
4 6 -1 12 15 18 19
59 8 -1 15 32 21 32
4 6 -1 12 15 18 19
59 8 -1 15 32 21 31
4 6 -1 12 15 18 19
59 8 -1 15 32 20 31
4 6 -1 12 15 18 19
59 8 -1 14 32 19 30
4 6 -1 12 15 18 19
59 8 -1 14 32 18 29
4 6 -1 12 15 18 19
59 8 -1 14 32 18 28
4 6 -1 12 15 18 19
59 8 -1 13 32 17 28
4 6 -1 12 15 18 19
59 8 -1 13 32 16 27
4 6 -1 12 15 18 19
59 8 -1 13 31 16 26
4 6 -1 12 15 18 19
59 8 -1 12 31 15 25
4 6 -1 12 15 18 19
59 8 -1 12 31 15 25
4 6 -1 12 15 18 19
59 8 -1 12 31 14 25
4 6 -1 12 15 18 19
59 8 -1 11 31 13 23
4 6 -1 12 15 18 19
59 8 -1 11 31 12 23
4 6 -1 12 15 18 19
59 8 -1 10 30 11 22
4 6 -1 12 15 18 19
59 8 -1 10 30 11 21
30






























1
По всем вопросам касающимся приложения обращайтесь по WhatsApp +79952867503
1
09.2026

      
	
