1
For advertising or questions send us e-mail kogdanamaz@gmail.com 
31
5 6 -1 12 15 18 19
17 31 -1 30 53 27 42
5 6 -1 12 15 18 19
18 31 -1 29 53 27 41
5 6 -1 12 15 18 19
18 31 -1 29 52 26 40
5 6 -1 12 15 18 19
18 32 -1 29 52 25 39
5 6 -1 12 15 18 19
19 32 -1 28 51 24 38
5 6 -1 12 15 18 19
19 32 -1 28 51 23 37
5 6 -1 12 15 18 19
19 33 -1 28 50 22 36
5 6 -1 12 15 18 19
20 33 -1 28 50 21 35
5 6 -1 12 15 18 19
20 33 -1 27 49 20 35
5 6 -1 12 15 18 19
20 33 -1 27 49 20 35
5 6 -1 12 15 18 19
20 34 -1 27 48 19 34
5 6 -1 12 15 18 19
21 35 -1 27 47 17 32
5 6 -1 12 15 18 19
21 35 -1 26 47 16 31
5 6 -1 12 15 18 19
22 35 -1 26 46 15 30
5 6 -1 12 15 18 19
22 36 -1 26 46 15 29
5 6 -1 12 15 18 19
23 36 -1 26 45 14 29
5 6 -1 12 15 18 19
23 37 -1 25 45 13 28
5 6 -1 12 15 18 19
23 37 -1 25 44 12 27
5 6 -1 12 15 18 19
24 38 -1 25 44 11 26
5 6 -1 12 15 18 19
24 38 -1 25 43 10 26
5 6 -1 12 15 18 19
24 38 -1 25 43 10 25
5 6 -1 12 15 18 19
25 39 -1 25 42 9 24
5 6 -1 12 15 18 19
25 39 -1 24 42 8 24
5 6 -1 12 15 18 19
26 40 -1 24 41 7 23
5 6 -1 12 15 18 19
26 40 -1 24 41 7 23
5 6 -1 12 15 18 19
26 40 -1 24 41 7 22
5 6 -1 12 15 18 19
27 41 -1 24 40 5 21
5 6 -1 12 15 18 19
27 42 -1 24 39 5 20
5 6 -1 12 15 18 19
28 42 -1 24 39 4 20
5 6 -1 12 15 18 19
28 43 -1 24 38 3 19
5 6 -1 12 15 18 19
29 43 -1 24 38 3 19
31































1
По всем вопросам касающимся приложения обращайтесь по WhatsApp +79952867503
1
10.2026

      
	
