1
For advertising or questions send us e-mail kogdanamaz@gmail.com 
30
3 5 -1 11 14 17 19
45 2 -1 23 54 43 2
3 5 -1 11 14 17 19
45 3 -1 23 53 42 1
3 5 -1 11 14 17 19
46 3 -1 23 53 41 0
3 5 -1 11 14 17 18
47 4 -1 22 52 40 58
3 5 -1 11 14 17 18
47 4 -1 22 52 39 57
3 5 -1 11 14 17 18
48 4 -1 22 52 38 56
3 5 -1 11 14 17 18
48 5 -1 21 51 37 55
3 5 -1 11 14 17 18
49 5 -1 21 51 36 54
3 5 -1 11 14 17 18
49 6 -1 21 50 35 52
3 5 -1 11 14 17 18
50 6 -1 20 50 33 51
3 5 -1 11 14 17 18
50 6 -1 20 50 33 51
3 5 -1 11 14 17 18
50 6 -1 20 49 32 50
3 5 -1 11 14 17 18
51 7 -1 19 48 30 48
3 5 -1 11 14 17 18
52 8 -1 19 47 29 46
3 5 -1 11 14 17 18
52 8 -1 19 47 28 45
3 5 -1 11 14 17 18
53 8 -1 18 46 27 44
3 5 -1 11 14 17 18
53 9 -1 18 46 26 43
3 5 -1 11 14 17 18
54 9 -1 18 45 25 42
3 5 -1 11 14 17 18
54 10 -1 17 45 23 40
3 5 -1 11 14 17 18
55 10 -1 17 44 22 39
3 5 -1 11 14 17 18
55 10 -1 17 43 21 38
3 5 -1 11 14 17 18
56 11 -1 16 43 20 37
3 5 -1 11 14 17 18
56 11 -1 16 42 19 36
3 5 -1 11 14 17 18
56 12 -1 15 42 18 34
3 5 -1 11 14 17 18
56 12 -1 15 42 18 34
3 5 -1 11 14 17 18
57 12 -1 15 41 17 33
3 5 -1 11 14 17 18
58 13 -1 14 40 15 31
3 5 -1 11 14 17 18
58 13 -1 14 39 13 30
3 5 -1 11 14 17 18
59 14 -1 14 38 12 29
3 5 -1 11 14 17 18
59 14 -1 13 38 11 28
30






























1
По всем вопросам касающимся приложения обращайтесь по WhatsApp +79952867503
1
09.2026

      
	
