1
For advertising or questions send us e-mail kogdanamaz@gmail.com 
30
4 5 -1 12 15 18 19
26 43 -1 3 33 22 41
4 5 -1 12 15 18 19
26 43 -1 3 32 21 39
4 5 -1 12 15 18 19
27 43 -1 2 32 20 38
4 5 -1 12 15 18 19
27 44 -1 2 31 19 37
4 5 -1 12 15 18 19
28 44 -1 2 31 18 36
4 5 -1 12 15 18 19
28 45 -1 1 31 17 35
4 5 -1 12 15 18 19
29 45 -1 1 30 16 34
4 5 -1 12 15 18 19
29 45 -1 1 30 15 32
4 5 -1 12 15 18 19
30 46 -1 0 29 14 31
4 5 -1 12 15 18 19
30 46 -1 0 29 13 30
4 5 -1 12 15 18 19
30 46 -1 0 29 13 30
4 5 -1 12 15 18 19
31 46 -1 0 28 12 29
4 5 -1 11 15 18 19
32 47 -1 59 27 10 26
4 5 -1 11 15 18 19
32 48 -1 59 27 8 25
4 5 -1 11 15 18 19
33 48 -1 58 26 7 24
4 5 -1 11 15 18 19
33 48 -1 58 26 6 23
4 5 -1 11 15 18 19
33 49 -1 58 25 5 22
4 5 -1 11 15 18 19
34 49 -1 57 25 4 21
4 5 -1 11 15 18 19
34 49 -1 57 24 3 19
4 5 -1 11 15 18 19
35 50 -1 57 23 2 18
4 5 -1 11 15 18 19
35 50 -1 56 23 1 17
4 5 -1 11 15 18 19
36 51 -1 56 22 0 16
4 5 -1 11 15 17 19
36 51 -1 55 22 59 15
4 5 -1 11 15 17 19
37 51 -1 55 21 58 14
4 5 -1 11 15 17 19
37 51 -1 55 21 58 14
4 5 -1 11 15 17 19
37 52 -1 55 20 56 13
4 5 -1 11 15 17 19
38 53 -1 54 19 54 10
4 5 -1 11 15 17 19
38 53 -1 54 19 53 9
4 5 -1 11 15 17 19
39 53 -1 53 18 52 8
4 5 -1 11 15 17 19
39 54 -1 53 17 51 7
30






























1
По всем вопросам касающимся приложения обращайтесь по WhatsApp +79952867503
1
09.2026

      
	
