1
For advertising or questions send us e-mail kogdanamaz@gmail.com 
30
4 5 -1 12 15 18 19
38 57 -1 18 50 39 59
4 5 -1 12 15 18 19
39 57 -1 18 49 38 57
4 5 -1 12 15 18 19
40 57 -1 18 49 37 56
4 5 -1 12 15 18 19
40 58 -1 17 48 36 55
4 5 -1 12 15 18 19
41 58 -1 17 48 35 54
4 5 -1 12 15 18 19
41 59 -1 17 47 33 52
4 5 -1 12 15 18 19
42 59 -1 16 47 32 51
4 6 -1 12 15 18 19
42 0 -1 16 46 31 50
4 6 -1 12 15 18 19
43 0 -1 16 46 30 49
4 6 -1 12 15 18 19
44 1 -1 15 45 29 47
4 6 -1 12 15 18 19
44 1 -1 15 45 29 47
4 6 -1 12 15 18 19
44 1 -1 15 45 28 46
4 6 -1 12 15 18 19
45 2 -1 14 44 25 44
4 6 -1 12 15 18 19
46 2 -1 14 43 24 42
4 6 -1 12 15 18 19
46 3 -1 14 42 23 41
4 6 -1 12 15 18 19
47 3 -1 13 42 22 40
4 6 -1 12 15 18 19
47 4 -1 13 41 21 39
4 6 -1 12 15 18 19
48 4 -1 13 41 20 37
4 6 -1 12 15 18 19
48 5 -1 12 40 19 36
4 6 -1 12 15 18 19
49 5 -1 12 39 17 35
4 6 -1 12 15 18 19
49 5 -1 12 39 16 34
4 6 -1 12 15 18 19
50 6 -1 11 38 15 33
4 6 -1 12 15 18 19
50 6 -1 11 37 14 31
4 6 -1 12 15 18 19
51 7 -1 10 37 13 30
4 6 -1 12 15 18 19
51 7 -1 10 37 13 30
4 6 -1 12 15 18 19
51 7 -1 10 36 12 29
4 6 -1 12 15 18 19
52 8 -1 9 35 9 27
4 6 -1 12 15 18 19
53 9 -1 9 34 8 25
4 6 -1 12 15 18 19
53 9 -1 9 33 7 24
4 6 -1 12 15 18 19
54 10 -1 8 33 6 23
30






























1
По всем вопросам касающимся приложения обращайтесь по WhatsApp +79952867503
1
09.2026

      
	
