1
For advertising or questions send us e-mail kogdanamaz@gmail.com 
30
4 6 -1 12 16 18 20
39 4 -1 31 8 57 24
4 6 -1 12 16 18 20
39 4 -1 31 7 56 22
4 6 -1 12 16 18 20
40 5 -1 31 7 55 21
4 6 -1 12 16 18 20
41 6 -1 30 6 53 19
4 6 -1 12 16 18 20
42 6 -1 30 5 52 18
4 6 -1 12 16 18 20
43 7 -1 30 5 51 16
4 6 -1 12 16 18 20
44 8 -1 29 4 49 15
4 6 -1 12 16 18 20
45 8 -1 29 3 48 13
4 6 -1 12 16 18 20
46 9 -1 29 2 46 12
4 6 -1 12 16 18 20
46 10 -1 28 1 45 10
4 6 -1 12 16 18 20
46 10 -1 28 1 45 10
4 6 -1 12 16 18 20
47 11 -1 28 1 44 8
4 6 -1 12 15 18 20
49 12 -1 27 59 41 5
4 6 -1 12 15 18 20
50 13 -1 27 58 39 4
4 6 -1 12 15 18 20
51 13 -1 26 57 38 2
4 6 -1 12 15 18 20
51 14 -1 26 57 37 1
4 6 -1 12 15 18 19
52 15 -1 26 56 35 59
4 6 -1 12 15 18 19
53 15 -1 25 55 34 58
4 6 -1 12 15 18 19
54 16 -1 25 54 32 56
4 6 -1 12 15 18 19
55 17 -1 25 53 31 55
4 6 -1 12 15 18 19
55 17 -1 24 52 30 53
4 6 -1 12 15 18 19
56 18 -1 24 51 28 52
4 6 -1 12 15 18 19
57 19 -1 24 50 27 50
4 6 -1 12 15 18 19
58 20 -1 23 49 25 49
4 6 -1 12 15 18 19
58 20 -1 23 49 25 49
4 6 -1 12 15 18 19
59 20 -1 23 48 24 47
5 6 -1 12 15 18 19
0 22 -1 22 47 21 44
5 6 -1 12 15 18 19
1 22 -1 22 46 20 43
5 6 -1 12 15 18 19
2 23 -1 22 45 18 41
5 6 -1 12 15 18 19
2 24 -1 21 44 17 40
30






























1
По всем вопросам касающимся приложения обращайтесь по WhatsApp +79952867503
1
09.2026

      
	
