1
For advertising or questions send us e-mail kogdanamaz@gmail.com 
30
4 5 -1 11 15 18 19
15 30 -1 49 16 7 24
4 5 -1 11 15 18 19
15 30 -1 49 16 6 23
4 5 -1 11 15 18 19
16 31 -1 49 16 5 21
4 5 -1 11 15 18 19
16 31 -1 48 15 4 20
4 5 -1 11 15 18 19
16 31 -1 48 15 3 19
4 5 -1 11 15 18 19
17 32 -1 48 15 2 18
4 5 -1 11 15 18 19
17 32 -1 47 14 1 17
4 5 -1 11 15 18 19
18 32 -1 47 14 0 16
4 5 -1 11 15 17 19
18 33 -1 47 14 59 15
4 5 -1 11 15 17 19
19 33 -1 46 13 58 14
4 5 -1 11 15 17 19
19 33 -1 46 13 58 14
4 5 -1 11 15 17 19
19 33 -1 46 13 57 13
4 5 -1 11 15 17 19
20 34 -1 45 12 55 10
4 5 -1 11 15 17 19
20 34 -1 45 11 54 9
4 5 -1 11 15 17 19
21 35 -1 44 11 53 8
4 5 -1 11 15 17 19
21 35 -1 44 11 52 7
4 5 -1 11 15 17 19
21 35 -1 44 10 51 6
4 5 -1 11 15 17 19
22 36 -1 43 10 50 5
4 5 -1 11 15 17 19
22 36 -1 43 9 49 4
4 5 -1 11 15 17 19
22 36 -1 43 9 48 3
4 5 -1 11 15 17 19
23 36 -1 42 8 47 2
4 5 -1 11 15 17 19
23 37 -1 42 8 46 1
4 5 -1 11 15 17 19
24 37 -1 42 7 45 0
4 5 -1 11 15 17 18
24 37 -1 41 7 44 59
4 5 -1 11 15 17 18
24 37 -1 41 7 44 59
4 5 -1 11 15 17 18
24 38 -1 41 6 43 57
4 5 -1 11 15 17 18
25 38 -1 40 5 41 55
4 5 -1 11 15 17 18
25 39 -1 40 4 40 54
4 5 -1 11 15 17 18
26 39 -1 39 4 39 53
4 5 -1 11 15 17 18
26 39 -1 39 3 38 52
30






























1
По всем вопросам касающимся приложения обращайтесь по WhatsApp +79952867503
1
09.2026

      
	
