1
For advertising or questions send us e-mail kogdanamaz@gmail.com 
30
2 4 -1 12 16 18 20
17 36 -1 0 8 19 9
2 4 -1 12 16 18 20
20 38 -1 0 6 17 6
2 4 -1 12 16 18 20
23 39 -1 0 4 14 3
2 4 -1 12 16 18 20
26 41 -1 0 2 12 0
2 4 -1 12 16 18 19
29 43 -1 0 0 10 56
2 4 -1 12 15 18 19
31 45 -1 0 58 7 53
2 4 -1 12 15 18 19
34 47 -1 0 56 5 50
2 4 -1 12 15 18 19
37 49 -1 0 54 2 47
2 4 -1 12 15 18 19
39 50 -1 0 52 0 44
2 4 -1 12 15 17 19
42 52 -1 0 50 57 41
2 4 -1 12 15 17 19
45 54 -1 0 48 54 38
2 4 -1 12 15 17 19
47 56 -1 0 46 52 35
2 4 -1 12 15 17 19
50 58 -1 0 44 49 32
2 4 -1 12 15 17 19
52 59 -1 0 42 47 29
2 5 -1 12 15 17 19
55 1 -1 0 40 44 26
2 5 -1 12 15 17 19
57 3 -1 0 38 42 24
2 5 -1 12 15 17 19
59 5 -1 0 36 39 21
3 5 -1 12 15 17 19
2 7 -1 0 33 37 18
3 5 -1 12 15 17 19
4 9 -1 0 31 34 15
3 5 -1 12 15 17 19
6 10 -1 0 29 32 12
3 5 -1 12 15 17 19
9 12 -1 0 27 29 9
3 5 -1 12 15 17 19
11 14 -1 0 25 27 7
3 5 -1 12 15 17 19
13 16 -1 0 23 24 4
3 5 -1 12 15 17 19
15 18 -1 0 21 22 1
3 5 -1 12 15 17 18
18 20 -1 0 18 19 58
3 5 -1 12 15 17 18
20 21 -1 0 16 17 56
3 5 -1 12 15 17 18
22 23 -1 0 14 14 53
3 5 -1 12 15 17 18
24 25 -1 0 12 11 50
3 5 -1 12 15 17 18
26 27 -1 0 10 9 47
3 5 -1 12 15 17 18
28 29 -1 0 8 6 45
30






























1
По всем вопросам касающимся приложения обращайтесь по WhatsApp +79952867503
1
09.2026

      
	
