1
For advertising or questions send us e-mail kogdanamaz@gmail.com 
30
4 6 -1 12 15 18 19
47 2 -1 21 48 39 55
4 6 -1 12 15 18 19
47 2 -1 21 48 38 54
4 6 -1 12 15 18 19
47 3 -1 20 47 37 53
4 6 -1 12 15 18 19
48 3 -1 20 47 36 52
4 6 -1 12 15 18 19
48 3 -1 20 47 35 51
4 6 -1 12 15 18 19
49 4 -1 19 46 34 50
4 6 -1 12 15 18 19
49 4 -1 19 46 33 49
4 6 -1 12 15 18 19
50 4 -1 19 46 32 48
4 6 -1 12 15 18 19
50 5 -1 18 45 31 46
4 6 -1 12 15 18 19
50 5 -1 18 45 30 45
4 6 -1 12 15 18 19
50 5 -1 18 45 30 45
4 6 -1 12 15 18 19
51 5 -1 18 44 29 44
4 6 -1 12 15 18 19
52 6 -1 17 44 27 42
4 6 -1 12 15 18 19
52 6 -1 16 43 26 41
4 6 -1 12 15 18 19
52 6 -1 16 43 25 40
4 6 -1 12 15 18 19
53 7 -1 16 42 24 39
4 6 -1 12 15 18 19
53 7 -1 15 42 23 38
4 6 -1 12 15 18 19
53 7 -1 15 41 21 37
4 6 -1 12 15 18 19
54 8 -1 15 41 20 36
4 6 -1 12 15 18 19
54 8 -1 14 40 19 34
4 6 -1 12 15 18 19
55 8 -1 14 40 18 33
4 6 -1 12 15 18 19
55 9 -1 14 39 17 32
4 6 -1 12 15 18 19
55 9 -1 13 39 16 31
4 6 -1 12 15 18 19
56 9 -1 13 38 15 30
4 6 -1 12 15 18 19
56 9 -1 13 38 15 30
4 6 -1 12 15 18 19
56 10 -1 13 38 14 29
4 6 -1 12 15 18 19
57 10 -1 12 37 12 27
4 6 -1 12 15 18 19
57 10 -1 12 36 11 26
4 6 -1 12 15 18 19
57 11 -1 11 36 10 25
4 6 -1 12 15 18 19
58 11 -1 11 35 9 24
30






























1
По всем вопросам касающимся приложения обращайтесь по WhatsApp +79952867503
1
09.2026

      
	
