1
For advertising or questions send us e-mail kogdanamaz@gmail.com 
30
3 5 -1 11 14 17 19
45 2 -1 23 53 42 1
3 5 -1 11 14 17 18
46 3 -1 23 52 41 59
3 5 -1 11 14 17 18
46 3 -1 22 52 40 58
3 5 -1 11 14 17 18
47 4 -1 22 51 39 57
3 5 -1 11 14 17 18
47 4 -1 22 51 38 56
3 5 -1 11 14 17 18
48 4 -1 21 51 37 55
3 5 -1 11 14 17 18
48 5 -1 21 50 36 54
3 5 -1 11 14 17 18
49 5 -1 21 50 35 52
3 5 -1 11 14 17 18
49 5 -1 20 49 34 51
3 5 -1 11 14 17 18
50 6 -1 20 49 33 50
3 5 -1 11 14 17 18
50 6 -1 20 49 33 50
3 5 -1 11 14 17 18
50 6 -1 20 48 32 49
3 5 -1 11 14 17 18
51 7 -1 19 47 29 46
3 5 -1 11 14 17 18
52 7 -1 19 47 28 45
3 5 -1 11 14 17 18
52 8 -1 18 46 27 44
3 5 -1 11 14 17 18
53 8 -1 18 46 26 43
3 5 -1 11 14 17 18
53 9 -1 17 45 25 42
3 5 -1 11 14 17 18
54 9 -1 17 44 24 41
3 5 -1 11 14 17 18
54 9 -1 17 44 23 39
3 5 -1 11 14 17 18
55 10 -1 16 43 22 38
3 5 -1 11 14 17 18
55 10 -1 16 43 21 37
3 5 -1 11 14 17 18
56 10 -1 16 42 20 36
3 5 -1 11 14 17 18
56 11 -1 15 42 18 35
3 5 -1 11 14 17 18
56 11 -1 15 41 17 34
3 5 -1 11 14 17 18
56 11 -1 15 41 17 34
3 5 -1 11 14 17 18
57 12 -1 15 40 16 33
3 5 -1 11 14 17 18
58 12 -1 14 39 14 30
3 5 -1 11 14 17 18
58 13 -1 14 38 13 29
3 5 -1 11 14 17 18
59 13 -1 13 38 12 28
3 5 -1 11 14 17 18
59 14 -1 13 37 11 27
30






























1
По всем вопросам касающимся приложения обращайтесь по WhatsApp +79952867503
1
09.2026

      
	
