1
For advertising or questions send us e-mail kogdanamaz@gmail.com 
30
3 5 -1 11 14 17 18
45 0 -1 20 47 38 55
3 5 -1 11 14 17 18
45 1 -1 19 47 37 54
3 5 -1 11 14 17 18
46 1 -1 19 47 36 52
3 5 -1 11 14 17 18
46 1 -1 19 46 35 51
3 5 -1 11 14 17 18
46 2 -1 18 46 34 50
3 5 -1 11 14 17 18
47 2 -1 18 46 33 49
3 5 -1 11 14 17 18
47 2 -1 18 45 32 48
3 5 -1 11 14 17 18
48 3 -1 17 45 31 47
3 5 -1 11 14 17 18
48 3 -1 17 44 30 46
3 5 -1 11 14 17 18
49 3 -1 17 44 29 45
3 5 -1 11 14 17 18
49 3 -1 17 44 29 45
3 5 -1 11 14 17 18
49 4 -1 16 44 28 44
3 5 -1 11 14 17 18
50 4 -1 16 43 26 41
3 5 -1 11 14 17 18
50 5 -1 15 42 24 40
3 5 -1 11 14 17 18
51 5 -1 15 42 23 39
3 5 -1 11 14 17 18
51 5 -1 15 41 22 38
3 5 -1 11 14 17 18
51 6 -1 14 41 21 37
3 5 -1 11 14 17 18
52 6 -1 14 40 20 36
3 5 -1 11 14 17 18
52 6 -1 13 40 19 35
3 5 -1 11 14 17 18
53 7 -1 13 39 18 34
3 5 -1 11 14 17 18
53 7 -1 13 39 17 32
3 5 -1 11 14 17 18
53 7 -1 12 38 16 31
3 5 -1 11 14 17 18
54 8 -1 12 38 15 30
3 5 -1 11 14 17 18
54 8 -1 12 37 14 29
3 5 -1 11 14 17 18
54 8 -1 12 37 14 29
3 5 -1 11 14 17 18
55 8 -1 11 37 13 28
3 5 -1 11 14 17 18
55 9 -1 11 35 11 26
3 5 -1 11 14 17 18
56 9 -1 10 35 10 25
3 5 -1 11 14 17 18
56 10 -1 10 34 9 24
3 5 -1 11 14 17 18
56 10 -1 10 34 8 23
30






























1
По всем вопросам касающимся приложения обращайтесь по WhatsApp +79952867503
1
09.2026

      
	
