1
For advertising or questions send us e-mail kogdanamaz@gmail.com 
31
3 5 -1 11 14 17 18
50 5 -1 4 28 1 17
3 5 -1 11 14 17 18
51 6 -1 3 27 0 16
3 5 -1 11 14 16 18
51 6 -1 3 26 59 15
3 5 -1 11 14 16 18
52 6 -1 3 26 58 14
3 5 -1 11 14 16 18
52 7 -1 2 25 57 13
3 5 -1 11 14 16 18
53 7 -1 2 24 56 12
3 5 -1 11 14 16 18
53 8 -1 2 24 55 11
3 5 -1 11 14 16 18
53 8 -1 2 23 54 10
3 5 -1 11 14 16 18
54 9 -1 1 22 53 9
3 5 -1 11 14 16 18
54 9 -1 1 22 53 9
3 5 -1 11 14 16 18
54 9 -1 1 22 52 8
3 5 -1 11 14 16 18
55 10 -1 1 21 50 6
3 5 -1 11 14 16 18
56 11 -1 0 20 49 5
3 5 -1 11 14 16 18
56 11 -1 0 19 48 4
3 5 -1 11 14 16 18
57 12 -1 0 19 47 3
3 5 -1 11 14 16 18
57 12 -1 0 18 46 2
3 5 -1 10 14 16 18
57 13 -1 59 17 45 1
3 5 -1 10 14 16 18
58 13 -1 59 17 44 1
3 5 -1 10 14 16 18
58 14 -1 59 16 43 0
3 5 -1 10 14 16 17
59 14 -1 59 16 42 59
3 5 -1 10 14 16 17
59 15 -1 59 15 41 58
4 5 -1 10 14 16 17
0 15 -1 59 14 40 57
4 5 -1 10 14 16 17
0 16 -1 58 14 40 57
4 5 -1 10 14 16 17
1 16 -1 58 13 39 56
4 5 -1 10 14 16 17
1 16 -1 58 13 39 56
4 5 -1 10 14 16 17
1 17 -1 58 13 38 55
4 5 -1 10 14 16 17
2 18 -1 58 12 36 54
4 5 -1 10 14 16 17
3 19 -1 58 11 36 53
4 5 -1 10 14 16 17
3 19 -1 58 10 35 52
4 5 -1 10 14 16 17
4 20 -1 58 10 34 52
4 5 -1 10 14 16 17
4 21 -1 58 9 33 51
31































1
По всем вопросам касающимся приложения обращайтесь по WhatsApp +79952867503
1
10.2026

      
	