1
For advertising or questions send us e-mail kogdanamaz@gmail.com 
30
4 5 -1 11 15 18 19
17 30 -1 47 11 3 18
4 5 -1 11 15 18 19
17 31 -1 47 10 2 17
4 5 -1 11 15 18 19
17 31 -1 47 10 1 16
4 5 -1 11 15 18 19
18 31 -1 46 10 0 15
4 5 -1 11 15 17 19
18 31 -1 46 10 59 14
4 5 -1 11 15 17 19
18 32 -1 46 9 58 13
4 5 -1 11 15 17 19
19 32 -1 45 9 57 12
4 5 -1 11 15 17 19
19 32 -1 45 9 57 11
4 5 -1 11 15 17 19
19 32 -1 45 9 56 10
4 5 -1 11 15 17 19
20 32 -1 44 8 55 9
4 5 -1 11 15 17 19
20 32 -1 44 8 55 9
4 5 -1 11 15 17 19
20 33 -1 44 8 54 8
4 5 -1 11 15 17 19
21 33 -1 43 7 52 6
4 5 -1 11 15 17 19
21 33 -1 43 7 51 5
4 5 -1 11 15 17 19
21 33 -1 42 7 50 4
4 5 -1 11 15 17 19
21 34 -1 42 6 49 3
4 5 -1 11 15 17 19
22 34 -1 42 6 48 2
4 5 -1 11 15 17 19
22 34 -1 41 6 47 1
4 5 -1 11 15 17 19
22 34 -1 41 5 46 0
4 5 -1 11 15 17 18
22 35 -1 41 5 45 59
4 5 -1 11 15 17 18
23 35 -1 40 4 44 58
4 5 -1 11 15 17 18
23 35 -1 40 4 44 57
4 5 -1 11 15 17 18
23 35 -1 40 4 43 56
4 5 -1 11 15 17 18
23 35 -1 39 3 42 55
4 5 -1 11 15 17 18
23 35 -1 39 3 42 55
4 5 -1 11 15 17 18
24 36 -1 39 3 41 54
4 5 -1 11 15 17 18
24 36 -1 38 2 39 52
4 5 -1 11 15 17 18
24 36 -1 38 2 38 51
4 5 -1 11 15 17 18
25 37 -1 37 1 37 50
4 5 -1 11 15 17 18
25 37 -1 37 1 36 49
30






























1
По всем вопросам касающимся приложения обращайтесь по WhatsApp +79952867503
1
09.2026

      
	
