1
For advertising or questions send us e-mail kogdanamaz@gmail.com 
31
5 6 -1 12 15 18 19
3 19 -1 17 41 14 31
5 6 -1 12 15 18 19
4 19 -1 17 40 13 30
5 6 -1 12 15 18 19
4 20 -1 16 39 12 28
5 6 -1 12 15 18 19
5 20 -1 16 39 10 27
5 6 -1 12 15 18 19
5 21 -1 16 38 9 26
5 6 -1 12 15 18 19
5 21 -1 15 37 8 25
5 6 -1 12 15 18 19
6 22 -1 15 37 7 24
5 6 -1 12 15 18 19
6 22 -1 15 36 6 23
5 6 -1 12 15 18 19
7 23 -1 15 35 5 22
5 6 -1 12 15 18 19
7 23 -1 15 35 5 22
5 6 -1 12 15 18 19
7 23 -1 14 35 4 21
5 6 -1 12 15 18 19
8 24 -1 14 33 2 19
5 6 -1 12 15 18 19
9 25 -1 13 32 1 18
5 6 -1 12 15 18 19
9 25 -1 13 32 0 17
5 6 -1 12 15 17 19
10 26 -1 13 31 59 16
5 6 -1 12 15 17 19
10 26 -1 13 30 58 15
5 6 -1 12 15 17 19
11 27 -1 13 30 57 14
5 6 -1 12 15 17 19
11 27 -1 12 29 56 13
5 6 -1 12 15 17 19
12 28 -1 12 28 55 13
5 6 -1 12 15 17 19
12 29 -1 12 28 54 12
5 6 -1 12 15 17 19
13 29 -1 12 27 53 11
5 6 -1 12 15 17 19
13 30 -1 12 27 52 10
5 6 -1 12 15 17 19
14 30 -1 12 26 52 9
5 6 -1 12 15 17 19
14 31 -1 11 25 51 8
5 6 -1 12 15 17 19
14 31 -1 11 25 51 8
5 6 -1 12 15 17 19
15 31 -1 11 25 50 8
5 6 -1 12 15 17 19
16 33 -1 11 24 48 6
5 6 -1 12 15 17 19
17 33 -1 11 23 47 6
5 6 -1 12 15 17 19
17 34 -1 11 22 47 5
5 6 -1 12 15 17 19
18 35 -1 11 22 46 4
5 6 -1 12 15 17 19
18 35 -1 11 21 45 4
31































1
По всем вопросам касающимся приложения обращайтесь по WhatsApp +79952867503
1
10.2026

      
	