1
For advertising or questions send us e-mail kogdanamaz@gmail.com 
30
4 5 -1 12 15 18 19
47 57 -1 9 22 20 32
4 5 -1 12 15 18 19
47 57 -1 9 22 20 31
4 5 -1 12 15 18 19
47 57 -1 9 22 19 31
4 5 -1 12 15 18 19
47 57 -1 8 22 18 30
4 5 -1 12 15 18 19
47 57 -1 8 22 18 29
4 5 -1 12 15 18 19
47 57 -1 8 22 17 28
4 5 -1 12 15 18 19
47 57 -1 7 22 16 28
4 5 -1 12 15 18 19
47 57 -1 7 22 16 27
4 5 -1 12 15 18 19
47 57 -1 7 22 15 26
4 5 -1 12 15 18 19
48 57 -1 6 22 14 25
4 5 -1 12 15 18 19
48 57 -1 6 22 14 25
4 5 -1 12 15 18 19
48 57 -1 6 22 13 24
4 5 -1 12 15 18 19
48 57 -1 5 22 12 23
4 5 -1 12 15 18 19
48 57 -1 5 22 11 22
4 5 -1 12 15 18 19
48 57 -1 5 22 11 21
4 5 -1 12 15 18 19
48 57 -1 4 22 10 21
4 5 -1 12 15 18 19
48 57 -1 4 21 9 20
4 5 -1 12 15 18 19
48 57 -1 4 21 8 19
4 5 -1 12 15 18 19
48 57 -1 3 21 8 18
4 5 -1 12 15 18 19
48 57 -1 3 21 7 18
4 5 -1 12 15 18 19
48 57 -1 2 21 6 17
4 5 -1 12 15 18 19
48 57 -1 2 21 6 16
4 5 -1 12 15 18 19
48 57 -1 2 21 5 15
4 5 -1 12 15 18 19
48 57 -1 1 21 4 15
4 5 -1 12 15 18 19
48 57 -1 1 21 4 15
4 5 -1 12 15 18 19
48 58 -1 1 20 3 14
4 5 -1 12 15 18 19
48 58 -1 0 20 2 13
4 5 -1 12 15 18 19
48 58 -1 0 20 1 12
4 5 -1 12 15 18 19
48 58 -1 0 20 1 11
4 5 -1 11 15 18 19
48 58 -1 59 19 0 10
30






























1
По всем вопросам касающимся приложения обращайтесь по WhatsApp +79952867503
1
09.2026

      
	
