1
For advertising or questions send us e-mail kogdanamaz@gmail.com 
30
3 5 -1 11 14 17 18
58 8 -1 20 29 30 41
3 5 -1 11 14 17 18
58 8 -1 19 29 29 40
3 5 -1 11 14 17 18
58 8 -1 19 29 28 39
3 5 -1 11 14 17 18
58 8 -1 19 29 28 39
3 5 -1 11 14 17 18
58 8 -1 18 30 27 38
3 5 -1 11 14 17 18
58 8 -1 18 30 26 37
3 5 -1 11 14 17 18
58 8 -1 18 30 26 37
3 5 -1 11 14 17 18
59 8 -1 17 30 25 36
3 5 -1 11 14 17 18
59 8 -1 17 30 24 35
3 5 -1 11 14 17 18
59 8 -1 17 30 24 34
3 5 -1 11 14 17 18
59 8 -1 17 30 24 34
3 5 -1 11 14 17 18
59 8 -1 16 30 23 34
3 5 -1 11 14 17 18
59 8 -1 15 30 22 32
3 5 -1 11 14 17 18
59 8 -1 15 30 21 32
3 5 -1 11 14 17 18
59 8 -1 15 30 20 31
3 5 -1 11 14 17 18
59 8 -1 14 30 20 30
3 5 -1 11 14 17 18
59 8 -1 14 30 19 29
3 5 -1 11 14 17 18
59 8 -1 14 30 18 29
3 5 -1 11 14 17 18
59 8 -1 13 30 18 28
3 5 -1 11 14 17 18
59 8 -1 13 30 17 27
3 5 -1 11 14 17 18
59 8 -1 13 30 16 27
3 5 -1 11 14 17 18
59 8 -1 12 30 16 26
3 5 -1 11 14 17 18
59 8 -1 12 29 15 25
3 5 -1 11 14 17 18
59 8 -1 12 29 14 24
3 5 -1 11 14 17 18
59 8 -1 12 29 14 24
3 5 -1 11 14 17 18
59 8 -1 11 29 14 24
3 5 -1 11 14 17 18
59 8 -1 11 29 12 22
3 5 -1 11 14 17 18
59 8 -1 10 29 12 22
3 5 -1 11 14 17 18
59 8 -1 10 29 11 21
3 5 -1 11 14 17 18
59 7 -1 10 29 10 21
30






























1
По всем вопросам касающимся приложения обращайтесь по WhatsApp +79952867503
1
09.2026

      
	
