1
For advertising or questions send us e-mail kogdanamaz@gmail.com 
31
4 6 -1 12 15 18 19
53 11 -1 8 31 4 23
4 6 -1 12 15 18 19
53 11 -1 8 30 3 22
4 6 -1 12 15 18 19
54 12 -1 7 30 1 21
4 6 -1 12 15 18 19
54 12 -1 7 29 0 20
4 6 -1 12 15 17 19
55 13 -1 7 28 59 19
4 6 -1 12 15 17 19
56 14 -1 7 27 58 17
4 6 -1 12 15 17 19
56 14 -1 6 26 57 16
4 6 -1 12 15 17 19
57 15 -1 6 26 56 15
4 6 -1 12 15 17 19
57 16 -1 6 25 54 14
4 6 -1 12 15 17 19
57 16 -1 6 25 54 14
4 6 -1 12 15 17 19
58 16 -1 5 24 53 13
4 6 -1 12 15 17 19
59 17 -1 5 22 51 11
5 6 -1 12 15 17 19
0 18 -1 5 22 50 9
5 6 -1 12 15 17 19
0 19 -1 4 21 49 8
5 6 -1 12 15 17 19
1 19 -1 4 20 48 7
5 6 -1 12 15 17 19
2 20 -1 4 19 46 6
5 6 -1 12 15 17 19
2 21 -1 4 18 45 5
5 6 -1 12 15 17 19
3 21 -1 4 18 44 4
5 6 -1 12 15 17 19
4 22 -1 3 17 43 3
5 6 -1 12 15 17 19
4 23 -1 3 16 42 2
5 6 -1 12 15 17 19
5 23 -1 3 15 41 1
5 6 -1 12 15 17 19
5 24 -1 3 15 40 0
5 6 -1 12 15 17 18
6 25 -1 3 14 39 59
5 6 -1 12 15 17 18
7 26 -1 3 13 38 59
5 6 -1 12 15 17 18
7 26 -1 3 13 38 59
5 6 -1 12 15 17 18
7 26 -1 2 13 37 58
5 6 -1 12 15 17 18
9 28 -1 2 11 35 56
5 6 -1 12 15 17 18
9 29 -1 2 10 34 55
5 6 -1 12 15 17 18
10 29 -1 2 10 34 54
5 6 -1 12 15 17 18
10 30 -1 2 9 33 54
5 6 -1 12 15 17 18
11 31 -1 2 9 32 53
31































1
По всем вопросам касающимся приложения обращайтесь по WhatsApp +79952867503
1
10.2026

      
	
