1
For advertising or questions send us e-mail kogdanamaz@gmail.com 
30
4 5 -1 12 15 18 19
27 45 -1 7 38 27 46
4 5 -1 12 15 18 19
28 46 -1 7 37 26 45
4 5 -1 12 15 18 19
28 46 -1 6 37 25 44
4 5 -1 12 15 18 19
29 47 -1 6 36 24 43
4 5 -1 12 15 18 19
30 47 -1 6 36 23 42
4 5 -1 12 15 18 19
30 47 -1 5 36 22 40
4 5 -1 12 15 18 19
31 48 -1 5 35 20 39
4 5 -1 12 15 18 19
31 48 -1 5 35 19 38
4 5 -1 12 15 18 19
32 49 -1 4 34 18 37
4 5 -1 12 15 18 19
32 49 -1 4 33 17 35
4 5 -1 12 15 18 19
32 49 -1 4 33 17 35
4 5 -1 12 15 18 19
33 50 -1 3 33 16 34
4 5 -1 12 15 18 19
34 50 -1 3 32 14 32
4 5 -1 12 15 18 19
34 51 -1 2 31 13 30
4 5 -1 12 15 18 19
35 51 -1 2 31 11 29
4 5 -1 12 15 18 19
35 52 -1 2 30 10 28
4 5 -1 12 15 18 19
36 52 -1 1 29 9 27
4 5 -1 12 15 18 19
36 53 -1 1 29 8 26
4 5 -1 12 15 18 19
37 53 -1 1 28 7 24
4 5 -1 12 15 18 19
37 53 -1 0 28 6 23
4 5 -1 12 15 18 19
38 54 -1 0 27 5 22
4 5 -1 12 15 18 19
38 54 -1 0 26 3 21
4 5 -1 11 15 18 19
39 55 -1 59 26 2 20
4 5 -1 11 15 18 19
39 55 -1 59 25 1 18
4 5 -1 11 15 18 19
39 55 -1 59 25 1 18
4 5 -1 11 15 18 19
40 56 -1 59 24 0 17
4 5 -1 11 15 17 19
41 56 -1 58 23 58 15
4 5 -1 11 15 17 19
41 57 -1 57 22 57 14
4 5 -1 11 15 17 19
42 57 -1 57 22 56 13
4 5 -1 11 15 17 19
42 58 -1 57 21 54 11
30






























1
По всем вопросам касающимся приложения обращайтесь по WhatsApp +79952867503
1
09.2026

      
	
