1
For advertising or questions send us e-mail kogdanamaz@gmail.com 
30
4 5 -1 12 15 18 20
35 57 -1 22 57 45 9
4 5 -1 12 15 18 20
36 57 -1 22 56 44 7
4 5 -1 12 15 18 20
37 58 -1 21 55 43 6
4 5 -1 12 15 18 20
37 59 -1 21 55 42 4
4 5 -1 12 15 18 20
38 59 -1 21 54 40 3
4 6 -1 12 15 18 20
39 0 -1 20 54 39 2
4 6 -1 12 15 18 20
40 0 -1 20 53 38 0
4 6 -1 12 15 18 19
40 1 -1 20 52 37 59
4 6 -1 12 15 18 19
41 1 -1 19 52 35 57
4 6 -1 12 15 18 19
42 2 -1 19 51 34 56
4 6 -1 12 15 18 19
42 2 -1 19 51 34 56
4 6 -1 12 15 18 19
42 3 -1 18 50 33 55
4 6 -1 12 15 18 19
44 4 -1 18 49 30 52
4 6 -1 12 15 18 19
44 4 -1 17 48 29 50
4 6 -1 12 15 18 19
45 5 -1 17 47 28 49
4 6 -1 12 15 18 19
46 6 -1 17 47 26 48
4 6 -1 12 15 18 19
47 6 -1 16 46 25 46
4 6 -1 12 15 18 19
47 7 -1 16 45 24 45
4 6 -1 12 15 18 19
48 7 -1 16 44 23 43
4 6 -1 12 15 18 19
49 8 -1 15 43 21 42
4 6 -1 12 15 18 19
49 8 -1 15 43 20 41
4 6 -1 12 15 18 19
50 9 -1 15 42 19 39
4 6 -1 12 15 18 19
51 10 -1 14 41 17 38
4 6 -1 12 15 18 19
51 10 -1 14 40 16 37
4 6 -1 12 15 18 19
51 10 -1 14 40 16 37
4 6 -1 12 15 18 19
52 11 -1 14 39 15 35
4 6 -1 12 15 18 19
53 12 -1 13 38 12 33
4 6 -1 12 15 18 19
54 13 -1 12 37 11 31
4 6 -1 12 15 18 19
54 13 -1 12 36 10 30
4 6 -1 12 15 18 19
55 14 -1 12 35 8 29
30






























1
По всем вопросам касающимся приложения обращайтесь по WhatsApp +79952867503
1
09.2026

      
	
