1
For advertising or questions send us e-mail kogdanamaz@gmail.com 
31
4 5 -1 11 15 17 19
40 53 -1 52 16 51 4
4 5 -1 11 15 17 19
41 53 -1 52 15 50 3
4 5 -1 11 15 17 19
41 53 -1 52 15 49 2
4 5 -1 11 15 17 19
41 53 -1 51 14 48 1
4 5 -1 11 15 17 19
41 54 -1 51 14 47 0
4 5 -1 11 15 17 19
42 54 -1 51 13 46 0
4 5 -1 11 15 17 18
42 54 -1 50 13 45 59
4 5 -1 11 15 17 18
42 55 -1 50 12 44 58
4 5 -1 11 15 17 18
43 55 -1 50 12 43 57
4 5 -1 11 15 17 18
43 55 -1 50 12 43 57
4 5 -1 11 15 17 18
43 55 -1 50 11 43 56
4 5 -1 11 15 17 18
43 56 -1 49 10 41 55
4 5 -1 11 15 17 18
44 56 -1 49 10 40 54
4 5 -1 11 15 17 18
44 57 -1 49 9 39 53
4 5 -1 11 15 17 18
44 57 -1 48 9 38 52
4 5 -1 11 15 17 18
45 57 -1 48 8 38 52
4 5 -1 11 15 17 18
45 58 -1 48 8 37 51
4 5 -1 11 15 17 18
45 58 -1 48 7 36 50
4 5 -1 11 15 17 18
46 58 -1 47 7 35 49
4 5 -1 11 15 17 18
46 59 -1 47 7 35 49
4 5 -1 11 15 17 18
46 59 -1 47 6 34 48
4 5 -1 11 15 17 18
46 59 -1 47 6 33 47
4 6 -1 11 15 17 18
47 0 -1 47 5 33 47
4 6 -1 11 15 17 18
47 0 -1 47 5 32 46
4 6 -1 11 15 17 18
47 0 -1 47 5 32 46
4 6 -1 11 15 17 18
47 1 -1 47 4 31 46
4 6 -1 11 15 17 18
48 2 -1 46 4 30 45
4 6 -1 11 15 17 18
49 2 -1 46 3 29 44
4 6 -1 11 15 17 18
49 3 -1 46 3 29 44
4 6 -1 11 15 17 18
49 3 -1 46 2 28 43
4 6 -1 11 15 17 18
50 3 -1 46 2 28 43
31































1
По всем вопросам касающимся приложения обращайтесь по WhatsApp +79952867503
1
10.2026

      
	