1
For advertising or questions send us e-mail kogdanamaz@gmail.com 
30
5 6 -1 12 16 18 20
8 22 -1 38 2 54 9
5 6 -1 12 16 18 20
8 22 -1 38 2 53 8
5 6 -1 12 16 18 20
9 22 -1 38 1 52 7
5 6 -1 12 16 18 20
9 22 -1 37 1 51 6
5 6 -1 12 16 18 20
9 23 -1 37 1 50 5
5 6 -1 12 16 18 20
10 23 -1 37 1 50 4
5 6 -1 12 16 18 20
10 23 -1 36 0 49 3
5 6 -1 12 16 18 20
10 23 -1 36 0 48 2
5 6 -1 12 16 18 20
11 23 -1 36 0 47 1
5 6 -1 12 16 18 20
11 24 -1 35 0 46 0
5 6 -1 12 16 18 20
11 24 -1 35 0 46 0
5 6 -1 12 15 18 19
11 24 -1 35 59 45 59
5 6 -1 12 15 18 19
12 24 -1 34 59 43 57
5 6 -1 12 15 18 19
12 25 -1 34 58 42 56
5 6 -1 12 15 18 19
12 25 -1 34 58 41 55
5 6 -1 12 15 18 19
13 25 -1 33 58 40 54
5 6 -1 12 15 18 19
13 25 -1 33 57 39 53
5 6 -1 12 15 18 19
13 25 -1 33 57 39 52
5 6 -1 12 15 18 19
13 26 -1 32 57 38 51
5 6 -1 12 15 18 19
14 26 -1 32 56 37 50
5 6 -1 12 15 18 19
14 26 -1 32 56 36 49
5 6 -1 12 15 18 19
14 26 -1 31 55 35 48
5 6 -1 12 15 18 19
14 26 -1 31 55 34 47
5 6 -1 12 15 18 19
15 27 -1 30 55 33 46
5 6 -1 12 15 18 19
15 27 -1 30 55 33 46
5 6 -1 12 15 18 19
15 27 -1 30 54 32 45
5 6 -1 12 15 18 19
15 27 -1 29 53 30 43
5 6 -1 12 15 18 19
16 28 -1 29 53 29 42
5 6 -1 12 15 18 19
16 28 -1 29 52 28 42
5 6 -1 12 15 18 19
16 28 -1 28 52 27 41
30






























1
По всем вопросам касающимся приложения обращайтесь по WhatsApp +79952867503
1
09.2026

      
	
