1
For advertising or questions send us e-mail kogdanamaz@gmail.com 
30
5 6 -1 12 15 18 20
20 29 -1 40 47 49 0
5 6 -1 12 15 18 20
20 29 -1 40 48 49 0
5 6 -1 12 15 18 19
20 29 -1 39 48 48 59
5 6 -1 12 15 18 19
20 29 -1 39 48 48 58
5 6 -1 12 15 18 19
20 29 -1 39 48 47 58
5 6 -1 12 15 18 19
20 29 -1 38 48 46 57
5 6 -1 12 15 18 19
20 29 -1 38 48 46 56
5 6 -1 12 15 18 19
20 29 -1 38 49 45 56
5 6 -1 12 15 18 19
20 29 -1 37 49 45 55
5 6 -1 12 15 18 19
20 29 -1 37 49 44 54
5 6 -1 12 15 18 19
20 29 -1 37 49 44 54
5 6 -1 12 15 18 19
20 29 -1 37 49 43 54
5 6 -1 12 15 18 19
20 29 -1 36 49 42 52
5 6 -1 12 15 18 19
20 29 -1 36 49 41 51
5 6 -1 12 15 18 19
20 29 -1 35 49 41 51
5 6 -1 12 15 18 19
20 29 -1 35 49 40 50
5 6 -1 12 15 18 19
20 29 -1 35 49 39 49
5 6 -1 12 15 18 19
20 28 -1 34 49 39 49
5 6 -1 12 15 18 19
20 28 -1 34 49 38 48
5 6 -1 12 15 18 19
20 28 -1 33 49 37 47
5 6 -1 12 15 18 19
19 28 -1 33 49 37 47
5 6 -1 12 15 18 19
19 28 -1 33 49 36 46
5 6 -1 12 15 18 19
19 28 -1 32 49 36 45
5 6 -1 12 15 18 19
19 28 -1 32 49 35 45
5 6 -1 12 15 18 19
19 28 -1 32 49 35 45
5 6 -1 12 15 18 19
19 28 -1 32 49 34 44
5 6 -1 12 15 18 19
19 28 -1 31 49 33 43
5 6 -1 12 15 18 19
19 28 -1 31 48 32 42
5 6 -1 12 15 18 19
19 28 -1 30 48 32 42
5 6 -1 12 15 18 19
19 28 -1 30 48 31 41
30






























1
По всем вопросам касающимся приложения обращайтесь по WhatsApp +79952867503
1
09.2026

      
	
