1
For advertising or questions send us e-mail kogdanamaz@gmail.com 
31
4 5 -1 12 15 18 19
50 59 -1 1 20 1 12
4 5 -1 12 15 18 19
50 59 -1 1 20 1 11
4 5 -1 12 15 18 19
50 59 -1 0 20 0 10
4 5 -1 12 15 17 19
50 59 -1 0 20 59 10
4 5 -1 12 15 17 19
50 59 -1 0 20 59 9
4 5 -1 11 15 17 19
50 59 -1 59 19 58 8
4 5 -1 11 15 17 19
50 59 -1 59 19 58 8
4 5 -1 11 15 17 19
50 59 -1 59 19 57 7
4 5 -1 11 15 17 19
50 59 -1 58 19 56 7
4 5 -1 11 15 17 19
50 59 -1 58 19 56 7
4 5 -1 11 15 17 19
50 59 -1 58 19 56 6
4 6 -1 11 15 17 19
50 0 -1 58 18 55 5
4 6 -1 11 15 17 19
50 0 -1 57 18 54 5
4 6 -1 11 15 17 19
50 0 -1 57 18 54 4
4 6 -1 11 15 17 19
50 0 -1 57 18 53 4
4 6 -1 11 15 17 19
50 0 -1 57 18 52 3
4 6 -1 11 15 17 19
50 0 -1 57 17 52 3
4 6 -1 11 15 17 19
50 0 -1 56 17 51 2
4 6 -1 11 15 17 19
50 0 -1 56 17 51 2
4 6 -1 11 15 17 19
51 0 -1 56 17 50 1
4 6 -1 11 15 17 19
51 1 -1 56 17 50 1
4 6 -1 11 15 17 19
51 1 -1 56 17 50 1
4 6 -1 11 15 17 19
51 1 -1 56 16 49 0
4 6 -1 11 15 17 19
51 1 -1 55 16 49 0
4 6 -1 11 15 17 19
51 1 -1 55 16 49 0
4 6 -1 11 15 17 19
51 1 -1 55 16 48 0
4 6 -1 11 15 17 18
51 2 -1 55 16 47 59
4 6 -1 11 15 17 18
51 2 -1 55 16 47 59
4 6 -1 11 15 17 18
51 2 -1 55 16 47 58
4 6 -1 11 15 17 18
52 2 -1 55 15 46 58
4 6 -1 11 15 17 18
52 2 -1 55 15 46 58
31































1
По всем вопросам касающимся приложения обращайтесь по WhatsApp +79952867503
1
10.2026

      
	