1
For advertising or questions send us e-mail kogdanamaz@gmail.com 
31
5 6 -1 12 15 17 19
0 45 -1 0 29 57 27
5 6 -1 12 15 17 19
3 47 -1 0 27 54 24
5 6 -1 12 15 17 19
6 50 -1 20 25 51 21
5 6 -1 12 15 17 19
8 53 -1 20 23 49 19
5 6 -1 12 15 17 19
11 55 -1 20 21 46 16
5 6 -1 12 15 17 19
13 58 -1 20 19 43 13
5 7 -1 12 15 17 19
16 0 -1 20 17 40 10
5 7 -1 12 15 17 19
19 2 -1 20 15 37 7
5 7 -1 12 15 17 19
21 5 -1 20 14 34 4
5 7 -1 12 15 17 19
24 7 -1 20 12 31 1
5 7 -1 12 15 17 18
27 10 -1 20 10 28 58
5 7 -1 12 15 17 18
29 12 -1 20 8 25 55
5 7 -1 12 15 17 18
32 14 -1 20 6 22 52
5 7 -1 12 15 17 18
35 17 -1 20 4 19 49
5 7 -1 12 15 17 18
37 19 -1 20 2 16 46
5 7 -1 12 15 17 18
40 21 -1 20 0 13 43
5 7 -1 12 14 17 18
43 23 -1 20 58 10 40
5 7 -1 12 14 17 18
45 26 -1 20 56 7 37
5 7 -1 12 14 17 18
48 28 -1 20 54 4 34
5 7 -1 12 14 17 18
51 30 -1 20 52 1 31
5 7 -1 12 14 16 18
54 32 -1 20 50 58 28
5 7 -1 12 14 16 18
57 35 -1 20 48 55 25
5 7 -1 12 14 16 18
59 37 -1 20 46 51 21
6 7 -1 12 14 16 18
2 40 -1 20 44 48 18
6 7 -1 12 14 16 18
5 42 -1 20 42 45 15
6 7 -1 12 14 16 18
8 44 -1 20 40 42 12
6 7 -1 12 14 16 18
11 47 -1 20 39 39 9
6 7 -1 12 14 16 18
14 50 -1 20 38 36 6
6 7 -1 12 14 16 18
16 53 -1 20 37 33 3
6 7 -1 12 14 16 18
19 55 -1 20 36 30 0
6 7 -1 12 14 16 17
22 58 -1 20 35 27 57
31































1
По всем вопросам касающимся приложения обращайтесь по WhatsApp +79952867503
1
10.2026

      
	
