1
For advertising or questions send us e-mail kogdanamaz@gmail.com 
31
3 5 -1 11 14 17 18
52 8 -1 6 30 3 20
3 5 -1 11 14 17 18
52 8 -1 5 29 1 18
3 5 -1 11 14 17 18
53 8 -1 5 28 0 17
3 5 -1 11 14 16 18
53 9 -1 5 27 59 16
3 5 -1 11 14 16 18
54 9 -1 4 27 58 15
3 5 -1 11 14 16 18
54 10 -1 4 26 57 14
3 5 -1 11 14 16 18
55 10 -1 4 25 56 13
3 5 -1 11 14 16 18
55 11 -1 4 25 55 12
3 5 -1 11 14 16 18
56 11 -1 3 24 54 11
3 5 -1 11 14 16 18
56 11 -1 3 24 54 11
3 5 -1 11 14 16 18
56 12 -1 3 23 53 10
3 5 -1 11 14 16 18
57 13 -1 3 22 51 8
3 5 -1 11 14 16 18
58 14 -1 2 21 50 7
3 5 -1 11 14 16 18
58 14 -1 2 21 49 6
3 5 -1 11 14 16 18
59 15 -1 2 20 48 5
3 5 -1 11 14 16 18
59 15 -1 2 19 47 4
4 5 -1 11 14 16 18
0 16 -1 1 18 46 3
4 5 -1 11 14 16 18
0 16 -1 1 18 45 2
4 5 -1 11 14 16 18
1 17 -1 1 17 44 1
4 5 -1 11 14 16 18
1 17 -1 1 17 43 1
4 5 -1 11 14 16 18
2 18 -1 1 16 42 0
4 5 -1 11 14 16 17
2 19 -1 1 15 41 59
4 5 -1 11 14 16 17
3 19 -1 0 15 40 58
4 5 -1 11 14 16 17
3 20 -1 0 14 39 57
4 5 -1 11 14 16 17
3 20 -1 0 14 39 57
4 5 -1 11 14 16 17
4 20 -1 0 13 38 56
4 5 -1 11 14 16 17
5 22 -1 0 12 37 55
4 5 -1 11 14 16 17
5 22 -1 0 12 36 54
4 5 -1 11 14 16 17
6 23 -1 0 11 35 54
4 5 -1 11 14 16 17
7 24 -1 0 10 34 53
4 5 -1 11 14 16 17
7 24 -1 0 10 34 52
31































1
По всем вопросам касающимся приложения обращайтесь по WhatsApp +79952867503
1
10.2026

      
	