1
For advertising or questions send us e-mail kogdanamaz@gmail.com 
31
4 5 -1 11 14 17 18
17 29 -1 37 59 45 53
4 5 -1 11 14 17 18
16 28 -1 37 59 45 53
4 5 -1 11 14 17 18
15 27 -1 36 58 45 54
4 5 -1 11 14 17 18
14 26 -1 36 58 45 54
4 5 -1 11 14 17 18
13 25 -1 36 57 45 54
4 5 -1 11 14 17 18
12 25 -1 36 57 46 55
4 5 -1 11 14 17 18
11 24 -1 35 56 46 55
4 5 -1 11 14 17 18
10 23 -1 35 56 46 55
4 5 -1 11 14 17 18
10 22 -1 35 55 46 55
4 5 -1 11 14 17 18
9 22 -1 34 55 47 56
4 5 -1 11 14 17 18
8 21 -1 34 54 47 56
4 5 -1 11 14 17 18
7 20 -1 34 54 47 56
4 5 -1 11 14 17 18
6 19 -1 34 54 47 57
4 5 -1 11 14 17 18
5 19 -1 33 53 47 57
4 5 -1 11 14 17 18
5 18 -1 33 53 48 57
4 5 -1 11 14 17 18
4 17 -1 33 52 48 58
4 5 -1 11 14 17 18
3 16 -1 33 52 48 58
4 5 -1 11 14 17 18
2 16 -1 33 51 49 59
4 5 -1 11 14 17 18
1 15 -1 32 51 49 59
4 5 -1 11 14 17 18
0 14 -1 32 50 49 59
4 5 -1 11 14 17 19
0 14 -1 32 50 49 0
3 5 -1 11 14 17 19
59 13 -1 32 49 50 0
3 5 -1 11 14 17 19
58 12 -1 32 49 50 1
3 5 -1 11 14 17 19
57 12 -1 32 48 50 1
3 5 -1 11 14 17 19
57 11 -1 31 48 51 2
3 5 -1 11 14 17 19
56 11 -1 31 47 51 2
3 5 -1 11 14 17 19
55 10 -1 31 47 52 3
3 5 -1 11 14 17 19
55 10 -1 31 47 52 3
3 5 -1 11 14 17 19
54 9 -1 31 46 52 4
3 5 -1 11 14 17 19
53 9 -1 31 46 53 4
3 5 -1 11 14 17 19
53 8 -1 31 45 53 5
31































1
По всем вопросам касающимся приложения обращайтесь по WhatsApp +79952867503
1
10.2026

      
	
