1
For advertising or questions send us e-mail kogdanamaz@gmail.com 
30
5 6 -1 12 15 18 19
13 22 -1 21 41 19 25
5 6 -1 12 15 18 19
12 21 -1 20 40 19 25
5 6 -1 12 15 18 19
12 21 -1 20 40 18 25
5 6 -1 12 15 18 19
11 20 -1 20 39 18 24
5 6 -1 12 15 18 19
11 20 -1 19 39 18 24
5 6 -1 12 15 18 19
10 19 -1 19 38 18 24
5 6 -1 12 15 18 19
10 19 -1 19 38 18 24
5 6 -1 12 15 18 19
9 18 -1 18 37 18 24
5 6 -1 12 15 18 19
8 17 -1 18 37 18 24
5 6 -1 12 15 18 19
8 17 -1 18 36 18 24
5 6 -1 12 15 18 19
7 16 -1 17 36 18 24
5 6 -1 12 15 18 19
7 16 -1 17 35 18 23
5 6 -1 12 15 18 19
6 15 -1 17 34 18 23
5 6 -1 12 15 18 19
5 14 -1 16 34 17 23
5 6 -1 12 15 18 19
5 14 -1 16 33 17 23
5 6 -1 12 15 18 19
4 13 -1 16 32 17 23
5 6 -1 12 15 18 19
4 13 -1 15 32 17 23
5 6 -1 12 15 18 19
3 12 -1 15 31 17 23
5 6 -1 12 15 18 19
2 11 -1 15 31 17 23
5 6 -1 12 15 18 19
2 11 -1 14 30 17 23
5 6 -1 12 15 18 19
1 10 -1 14 29 17 22
5 6 -1 12 15 18 19
1 10 -1 14 28 17 22
5 6 -1 12 15 18 19
0 9 -1 13 28 17 22
4 6 -1 12 15 18 19
59 8 -1 13 27 16 22
4 6 -1 12 15 18 19
59 8 -1 12 26 16 22
4 6 -1 12 15 18 19
58 7 -1 12 26 16 22
4 6 -1 12 15 18 19
57 6 -1 12 25 16 22
4 6 -1 12 15 18 19
57 6 -1 11 24 16 22
4 6 -1 12 15 18 19
56 5 -1 11 23 16 22
4 6 -1 12 15 18 19
56 5 -1 11 23 16 22
30






























1
По всем вопросам касающимся приложения обращайтесь по WhatsApp +79952867503
1
09.2026

      
	
