1
For advertising or questions send us e-mail kogdanamaz@gmail.com 
31
4 6 -1 12 15 18 19
59 9 -1 17 34 24 31
4 6 -1 12 15 18 19
58 9 -1 17 34 24 31
4 6 -1 12 15 18 19
57 8 -1 16 33 24 31
4 6 -1 12 15 18 19
56 7 -1 16 32 24 31
4 6 -1 12 15 18 19
56 6 -1 16 32 24 32
4 6 -1 12 15 18 19
55 6 -1 15 31 24 32
4 6 -1 12 15 18 19
54 5 -1 15 31 24 32
4 6 -1 12 15 18 19
54 5 -1 15 31 24 32
4 6 -1 12 15 18 19
53 4 -1 15 29 25 32
4 6 -1 12 15 18 19
52 3 -1 14 29 25 33
4 6 -1 12 15 18 19
51 2 -1 14 28 25 33
4 6 -1 12 15 18 19
51 2 -1 14 27 25 33
4 6 -1 12 15 18 19
50 1 -1 14 27 25 33
4 6 -1 12 15 18 19
49 1 -1 13 26 25 33
4 6 -1 12 15 18 19
48 0 -1 13 26 25 34
4 5 -1 12 15 18 19
48 59 -1 13 25 26 34
4 5 -1 12 15 18 19
47 59 -1 13 24 26 34
4 5 -1 12 15 18 19
46 58 -1 13 24 26 34
4 5 -1 12 15 18 19
46 58 -1 12 23 26 35
4 5 -1 12 15 18 19
45 57 -1 12 22 26 35
4 5 -1 12 15 18 19
44 57 -1 12 22 27 35
4 5 -1 12 15 18 19
44 57 -1 12 22 27 35
4 5 -1 12 15 18 19
44 56 -1 12 21 27 36
4 5 -1 12 15 18 19
42 55 -1 12 20 27 36
4 5 -1 12 15 18 19
42 55 -1 12 19 28 37
4 5 -1 12 15 18 19
41 54 -1 11 19 28 37
4 5 -1 12 15 18 19
41 54 -1 11 18 28 38
4 5 -1 12 15 18 19
40 53 -1 11 17 28 38
4 5 -1 12 15 18 19
40 53 -1 11 17 29 38
4 5 -1 12 15 18 19
39 53 -1 11 18 29 39
4 5 -1 12 15 18 19
39 52 -1 11 19 29 39
31































1
По всем вопросам касающимся приложения обращайтесь по WhatsApp +79952867503
1
10.2026

      
	