1
For advertising or questions send us e-mail kogdanamaz@gmail.com 
30
5 6 -1 12 15 18 19
6 17 -1 12 33 6 14
5 6 -1 12 15 18 19
5 16 -1 12 33 7 14
5 6 -1 12 15 18 19
4 15 -1 11 33 7 14
5 6 -1 12 15 18 19
4 15 -1 11 33 7 14
5 6 -1 12 15 18 19
3 14 -1 11 32 7 14
5 6 -1 12 15 18 19
2 13 -1 10 32 7 14
5 6 -1 12 15 18 19
2 12 -1 10 32 7 14
5 6 -1 12 15 18 19
1 12 -1 10 31 7 15
5 6 -1 12 15 18 19
0 11 -1 9 31 7 15
4 6 -1 12 15 18 19
59 10 -1 9 31 7 15
4 6 -1 12 15 18 19
59 9 -1 9 30 7 15
4 6 -1 12 15 18 19
58 9 -1 8 30 7 15
4 6 -1 12 15 18 19
57 8 -1 8 30 7 15
4 6 -1 12 15 18 19
56 7 -1 8 29 8 15
4 6 -1 12 15 18 19
55 6 -1 7 29 8 15
4 6 -1 12 15 18 19
55 5 -1 7 29 8 15
4 6 -1 12 15 18 19
54 5 -1 7 28 8 15
4 6 -1 12 15 18 19
53 4 -1 6 28 8 15
4 6 -1 12 15 18 19
52 3 -1 6 27 8 15
4 6 -1 12 15 18 19
51 2 -1 5 27 8 15
4 6 -1 12 15 18 19
51 1 -1 5 26 8 16
4 6 -1 12 15 18 19
50 1 -1 5 26 8 16
4 6 -1 12 15 18 19
49 0 -1 4 25 8 16
4 6 -1 12 15 18 19
49 0 -1 4 25 8 16
4 5 -1 12 15 18 19
47 58 -1 4 24 8 16
4 5 -1 12 15 18 19
46 57 -1 3 24 9 16
4 5 -1 12 15 18 19
46 57 -1 3 24 9 16
4 5 -1 12 15 18 19
45 56 -1 3 23 9 16
4 5 -1 12 15 18 19
44 55 -1 2 23 9 17
4 5 -1 12 15 18 19
43 54 -1 2 22 9 17
30






























1
По всем вопросам касающимся приложения обращайтесь по WhatsApp +79952867503
1
09.2026

      
	
