1
For advertising or questions send us e-mail kogdanamaz@gmail.com 
31
4 5 -1 11 15 18 19
31 46 -1 57 24 6 18
4 5 -1 11 15 18 19
30 45 -1 56 23 7 18
4 5 -1 11 15 18 19
29 44 -1 56 23 7 19
4 5 -1 11 15 18 19
28 43 -1 56 23 7 19
4 5 -1 11 15 18 19
27 42 -1 55 23 8 20
4 5 -1 11 15 18 19
25 41 -1 55 22 8 20
4 5 -1 11 15 18 19
24 40 -1 55 22 8 21
4 5 -1 11 15 18 19
23 39 -1 54 22 9 21
4 5 -1 11 15 18 19
23 39 -1 54 22 9 21
4 5 -1 11 15 18 19
21 37 -1 54 21 10 22
4 5 -1 11 15 18 19
20 37 -1 54 21 10 23
4 5 -1 11 15 18 19
19 36 -1 53 21 11 23
4 5 -1 11 15 18 19
18 35 -1 53 21 11 24
4 5 -1 11 15 18 19
17 34 -1 53 20 11 24
4 5 -1 11 15 18 19
16 33 -1 53 20 12 25
4 5 -1 11 15 18 19
15 32 -1 52 20 12 25
4 5 -1 11 15 18 19
14 31 -1 52 20 13 26
4 5 -1 11 15 18 19
13 30 -1 52 19 13 27
4 5 -1 11 15 18 19
12 29 -1 52 19 14 27
5 6 -1 12 16 19 20
11 29 -1 52 19 14 28
5 6 -1 12 16 19 20
10 28 -1 52 19 15 28
5 6 -1 12 16 19 20
9 27 -1 51 18 15 29
5 6 -1 12 16 19 20
8 26 -1 51 18 16 30
5 6 -1 12 16 19 20
7 25 -1 51 18 16 30
5 6 -1 12 16 19 20
6 25 -1 51 18 17 31
5 6 -1 12 16 19 20
6 25 -1 51 18 17 31
5 6 -1 12 16 19 20
5 24 -1 51 17 17 32
5 6 -1 12 16 19 20
4 23 -1 51 17 18 33
5 6 -1 12 16 19 20
3 22 -1 51 17 19 34
5 6 -1 12 16 19 20
2 21 -1 51 17 19 35
5 6 -1 12 16 19 20
1 21 -1 51 16 20 35
31































1
По всем вопросам касающимся приложения обращайтесь по WhatsApp +79952867503
1
10.2026

      
	