1
For advertising or questions send us e-mail kogdanamaz@gmail.com 
31
5 6 -1 12 15 17 18
10 26 -1 0 10 32 45
5 6 -1 12 15 17 18
9 26 -1 0 10 33 46
5 6 -1 12 15 17 18
9 25 -1 0 10 33 46
5 6 -1 11 15 17 18
8 25 -1 59 11 34 46
5 6 -1 11 15 17 18
8 24 -1 59 11 34 47
5 6 -1 11 15 17 18
7 23 -1 59 11 34 47
5 6 -1 11 15 17 18
7 23 -1 59 11 35 47
5 6 -1 11 15 17 18
6 22 -1 59 12 35 48
5 6 -1 11 15 17 18
6 22 -1 59 12 36 48
5 6 -1 11 15 17 18
5 21 -1 59 12 36 48
5 6 -1 11 15 17 18
5 21 -1 59 12 36 48
5 6 -1 11 15 17 18
4 19 -1 58 12 37 49
5 6 -1 11 15 17 18
3 19 -1 58 13 37 49
5 6 -1 11 15 17 18
2 18 -1 58 13 37 49
5 6 -1 11 15 17 18
2 17 -1 58 13 38 50
5 6 -1 11 15 17 18
1 16 -1 58 13 38 50
5 6 -1 11 15 17 18
0 16 -1 57 13 38 50
5 6 -1 11 15 17 18
0 15 -1 57 13 39 50
4 6 -1 11 15 17 18
59 14 -1 57 13 39 51
4 6 -1 11 15 17 18
58 13 -1 57 14 39 51
4 6 -1 11 15 17 18
57 12 -1 56 14 40 51
4 6 -1 11 15 17 18
57 12 -1 56 14 40 51
4 6 -1 11 15 17 18
56 11 -1 56 14 40 52
4 6 -1 11 15 17 18
55 10 -1 56 14 41 52
4 6 -1 11 15 17 18
54 9 -1 55 14 41 52
4 6 -1 11 15 17 18
54 9 -1 55 14 41 52
4 6 -1 11 15 17 18
53 7 -1 55 14 42 53
4 6 -1 11 15 17 18
52 6 -1 55 14 42 53
4 6 -1 11 15 17 18
51 5 -1 54 14 42 53
4 6 -1 11 15 17 18
50 5 -1 54 14 43 54
4 6 -1 11 15 17 18
49 4 -1 54 14 43 54
31































1
По всем вопросам касающимся приложения обращайтесь по WhatsApp +79952867503
1
08.2026

      
	
