1
For advertising or questions send us e-mail kogdanamaz@gmail.com 
31
3 5 -1 11 14 17 18
55 4 -1 10 18 15 21
3 5 -1 11 14 17 18
54 3 -1 9 18 15 21
3 5 -1 11 14 17 18
53 2 -1 9 17 15 21
3 5 -1 11 14 17 18
53 2 -1 9 16 15 21
3 5 -1 11 14 17 18
52 1 -1 8 15 15 20
3 5 -1 11 14 17 18
52 1 -1 8 14 15 20
3 5 -1 11 14 17 18
51 0 -1 8 13 14 20
3 5 -1 11 14 17 18
51 0 -1 8 12 14 20
3 5 -1 11 14 17 18
51 0 -1 8 12 14 20
3 4 -1 11 14 17 18
49 59 -1 7 11 14 20
3 4 -1 11 14 17 18
49 58 -1 7 10 14 21
3 4 -1 11 14 17 18
48 58 -1 7 9 14 21
3 4 -1 11 14 17 18
48 57 -1 6 8 14 21
3 4 -1 11 14 17 18
47 57 -1 6 9 14 21
3 4 -1 11 14 17 18
47 57 -1 6 10 14 21
3 4 -1 11 14 17 18
46 56 -1 6 10 14 21
3 4 -1 11 14 17 18
46 56 -1 5 11 14 21
3 4 -1 11 14 17 18
45 55 -1 5 11 14 21
3 4 -1 11 14 17 18
45 55 -1 5 12 14 21
3 4 -1 11 14 17 18
44 55 -1 5 12 14 21
3 4 -1 11 14 17 18
44 54 -1 5 13 14 21
3 4 -1 11 14 17 18
43 54 -1 5 14 14 22
3 4 -1 11 14 17 18
43 53 -1 4 14 15 22
3 4 -1 11 14 17 18
43 53 -1 4 14 15 22
3 4 -1 11 14 17 18
42 53 -1 4 15 15 22
3 4 -1 11 14 17 18
42 52 -1 4 16 15 22
3 4 -1 11 14 17 18
41 52 -1 4 16 15 23
3 4 -1 11 14 17 18
41 52 -1 4 17 15 23
3 4 -1 11 14 17 18
40 52 -1 4 17 15 23
3 4 -1 11 14 17 18
40 51 -1 4 18 15 23
3 4 -1 11 14 17 18
40 51 -1 4 18 15 24
31































1
По всем вопросам касающимся приложения обращайтесь по WhatsApp +79952867503
1
10.2026

      
	