1
For advertising or questions send us e-mail kogdanamaz@gmail.com 
30
4 6 -1 11 15 17 18
51 4 -1 56 17 48 57
4 6 -1 11 15 17 18
50 3 -1 56 17 48 57
4 6 -1 11 15 17 18
49 2 -1 55 17 48 58
4 6 -1 11 15 17 18
48 1 -1 55 17 49 58
4 6 -1 11 15 17 18
47 0 -1 55 17 49 58
4 5 -1 11 15 17 18
47 59 -1 54 17 49 58
4 5 -1 11 15 17 18
46 58 -1 54 17 49 58
4 5 -1 11 15 17 18
45 57 -1 54 16 49 59
4 5 -1 11 15 17 18
44 57 -1 53 16 50 59
4 5 -1 11 15 17 18
43 56 -1 53 16 50 59
4 5 -1 11 15 17 18
42 55 -1 53 16 50 59
4 5 -1 11 15 17 18
41 54 -1 52 16 50 59
4 5 -1 11 15 17 19
40 53 -1 52 15 50 0
4 5 -1 11 15 17 19
39 52 -1 52 15 51 0
4 5 -1 11 15 17 19
39 51 -1 51 15 51 0
4 5 -1 11 15 17 19
38 50 -1 51 15 51 0
4 5 -1 11 15 17 19
37 49 -1 51 14 51 0
4 5 -1 11 15 17 19
36 48 -1 50 14 51 1
4 5 -1 11 15 17 19
35 47 -1 50 14 52 1
4 5 -1 11 15 17 19
34 47 -1 50 13 52 1
4 5 -1 11 15 17 19
33 46 -1 49 13 52 1
4 5 -1 11 15 17 19
32 45 -1 49 13 52 1
4 5 -1 11 15 17 19
31 44 -1 48 13 53 2
4 5 -1 11 15 17 19
31 44 -1 48 13 53 2
4 5 -1 11 15 17 19
29 42 -1 48 12 53 2
4 5 -1 11 15 17 19
28 41 -1 47 12 53 2
4 5 -1 11 15 17 19
27 40 -1 47 11 53 3
4 5 -1 11 15 17 19
26 39 -1 47 11 54 3
4 5 -1 11 15 17 19
25 38 -1 46 11 54 3
4 5 -1 11 15 17 19
24 37 -1 46 10 54 4
30






























1
По всем вопросам касающимся приложения обращайтесь по WhatsApp +79952867503
1
09.2026

      
	
