1
For advertising or questions send us e-mail kogdanamaz@gmail.com 
31
4 6 -1 12 16 18 19
31 41 -1 31 10 16 58
4 6 -1 12 16 18 19
33 43 -1 31 7 13 55
4 6 -1 12 16 18 19
36 45 -1 30 5 11 52
4 6 -1 12 16 18 19
38 47 -1 30 3 8 49
4 6 -1 12 16 18 19
40 49 -1 30 0 5 46
4 6 -1 12 15 18 19
43 51 -1 29 58 3 43
4 6 -1 12 15 18 19
45 53 -1 29 55 0 41
4 6 -1 12 15 17 19
47 55 -1 29 53 57 38
4 6 -1 12 15 17 19
49 58 -1 29 51 55 35
4 7 -1 12 15 17 19
52 0 -1 28 48 52 33
4 7 -1 12 15 17 19
54 2 -1 28 46 49 30
4 7 -1 12 15 17 19
56 4 -1 28 44 47 27
4 7 -1 12 15 17 19
58 6 -1 28 41 44 25
5 7 -1 12 15 17 19
0 8 -1 27 39 41 22
5 7 -1 12 15 17 19
3 10 -1 27 37 39 20
5 7 -1 12 15 17 19
5 13 -1 27 34 36 17
5 7 -1 12 15 17 19
7 15 -1 27 32 34 15
5 7 -1 12 15 17 19
9 17 -1 26 30 31 12
5 7 -1 12 15 17 19
11 19 -1 26 27 28 10
5 7 -1 12 15 17 19
13 21 -1 26 25 26 8
5 7 -1 12 15 17 19
15 24 -1 26 23 23 5
5 7 -1 12 15 17 19
17 26 -1 26 20 21 3
5 7 -1 12 15 17 19
19 28 -1 26 18 18 1
5 7 -1 12 15 17 18
21 30 -1 26 16 16 58
5 7 -1 12 15 17 18
23 32 -1 25 14 14 56
5 7 -1 12 15 17 18
25 35 -1 25 12 11 54
5 7 -1 12 15 17 18
27 37 -1 25 9 9 52
5 7 -1 12 15 17 18
29 39 -1 25 7 6 50
5 7 -1 12 15 17 18
31 41 -1 25 5 4 48
5 7 -1 12 15 17 18
33 44 -1 25 3 2 45
5 7 -1 12 15 16 18
35 46 -1 25 1 59 43
31































1
По всем вопросам касающимся приложения обращайтесь по WhatsApp +79952867503
1
10.2026

      
	
