1
For advertising or questions send us e-mail kogdanamaz@gmail.com 
31
5 7 -1 12 15 18 20
28 3 -1 55 55 39 3
5 7 -1 12 15 18 20
30 4 -1 55 53 37 1
5 7 -1 12 15 18 19
32 6 -1 54 51 35 59
5 7 -1 12 15 18 19
33 8 -1 54 49 33 57
5 7 -1 12 15 18 19
35 9 -1 54 48 30 55
5 7 -1 12 15 18 19
36 11 -1 53 46 28 53
5 7 -1 12 15 18 19
38 13 -1 53 44 26 51
5 7 -1 12 15 18 19
39 14 -1 53 43 24 49
5 7 -1 12 15 18 19
41 16 -1 53 41 22 47
5 7 -1 12 15 18 19
43 18 -1 52 39 19 45
5 7 -1 12 15 18 19
44 19 -1 52 38 17 43
5 7 -1 12 15 18 19
46 21 -1 52 36 15 41
5 7 -1 12 15 18 19
47 23 -1 52 34 13 39
5 7 -1 12 15 18 19
49 24 -1 51 33 11 37
5 7 -1 12 15 18 19
51 26 -1 51 31 9 35
5 7 -1 12 15 18 19
52 28 -1 51 29 6 33
5 7 -1 12 15 18 19
54 29 -1 51 28 4 31
5 7 -1 12 15 18 19
55 31 -1 51 26 2 29
5 7 -1 12 15 18 19
57 33 -1 50 24 0 27
5 7 -1 12 15 17 19
59 35 -1 50 23 58 25
6 7 -1 12 15 17 19
0 36 -1 50 21 56 23
6 7 -1 12 15 17 19
2 38 -1 50 20 54 22
6 7 -1 12 15 17 19
4 40 -1 50 18 52 20
6 7 -1 12 15 17 19
5 42 -1 50 17 50 18
6 7 -1 12 15 17 19
7 43 -1 50 15 48 16
6 7 -1 12 15 17 19
9 45 -1 50 13 46 15
6 7 -1 12 15 17 19
10 47 -1 49 12 44 13
5 6 -1 11 14 16 18
12 49 -1 49 10 42 11
5 6 -1 11 14 16 18
14 50 -1 49 9 41 9
5 6 -1 11 14 16 18
15 52 -1 49 8 39 8
5 6 -1 11 14 16 18
17 54 -1 49 6 37 6
31































1
По всем вопросам касающимся приложения обращайтесь по WhatsApp +79952867503
1
10.2026

      
	