1
For advertising or questions send us e-mail kogdanamaz@gmail.com 
30
4 5 -1 11 14 17 18
27 38 -1 34 55 30 37
4 5 -1 11 14 17 18
27 37 -1 34 55 30 37
4 5 -1 11 14 17 18
26 36 -1 34 55 30 37
4 5 -1 11 14 17 18
26 36 -1 33 54 30 37
4 5 -1 11 14 17 18
25 35 -1 33 54 30 37
4 5 -1 11 14 17 18
24 34 -1 33 54 31 37
4 5 -1 11 14 17 18
24 34 -1 32 53 31 37
4 5 -1 11 14 17 18
23 33 -1 32 53 31 37
4 5 -1 11 14 17 18
22 32 -1 32 52 31 37
4 5 -1 11 14 17 18
22 32 -1 31 52 31 37
4 5 -1 11 14 17 18
21 31 -1 31 51 31 37
4 5 -1 11 14 17 18
20 30 -1 31 51 31 37
4 5 -1 11 14 17 18
20 29 -1 30 51 31 37
4 5 -1 11 14 17 18
19 29 -1 30 50 31 37
4 5 -1 11 14 17 18
18 28 -1 30 50 31 37
4 5 -1 11 14 17 18
17 27 -1 29 49 31 37
4 5 -1 11 14 17 18
17 27 -1 29 49 31 37
4 5 -1 11 14 17 18
16 26 -1 29 48 31 37
4 5 -1 11 14 17 18
15 25 -1 28 47 31 37
4 5 -1 11 14 17 18
15 24 -1 28 47 31 37
4 5 -1 11 14 17 18
14 24 -1 28 46 31 37
4 5 -1 11 14 17 18
13 23 -1 27 46 31 37
4 5 -1 11 14 17 18
12 22 -1 27 45 31 37
4 5 -1 11 14 17 18
12 22 -1 27 45 31 37
4 5 -1 11 14 17 18
11 21 -1 26 44 31 37
4 5 -1 11 14 17 18
10 20 -1 26 43 31 37
4 5 -1 11 14 17 18
9 20 -1 25 43 31 37
4 5 -1 11 14 17 18
9 19 -1 25 42 31 37
4 5 -1 11 14 17 18
8 18 -1 25 42 31 37
4 5 -1 11 14 17 18
7 17 -1 24 41 31 38
30






























1
По всем вопросам касающимся приложения обращайтесь по WhatsApp +79952867503
1
09.2026

      
	
