1
For advertising or questions send us e-mail kogdanamaz@gmail.com 
30
4 5 -1 11 14 17 18
24 32 -1 34 51 36 41
4 5 -1 11 14 17 18
23 32 -1 34 50 35 41
4 5 -1 11 14 17 18
23 31 -1 34 49 35 41
4 5 -1 11 14 17 18
23 31 -1 33 49 35 40
4 5 -1 11 14 17 18
22 31 -1 33 48 35 40
4 5 -1 11 14 17 18
22 30 -1 33 47 34 40
4 5 -1 11 14 17 18
21 30 -1 32 47 34 39
4 5 -1 11 14 17 18
21 29 -1 32 46 34 39
4 5 -1 11 14 17 18
21 29 -1 32 45 34 39
4 5 -1 11 14 17 18
20 28 -1 31 44 33 39
4 5 -1 11 14 17 18
20 28 -1 31 43 33 38
4 5 -1 11 14 17 18
19 27 -1 31 43 33 38
4 5 -1 11 14 17 18
19 27 -1 30 42 33 38
4 5 -1 11 14 17 18
19 27 -1 30 41 32 37
4 5 -1 11 14 17 18
18 26 -1 30 40 32 37
4 5 -1 11 14 17 18
18 26 -1 29 39 32 37
4 5 -1 11 14 17 18
17 25 -1 29 38 32 37
4 5 -1 11 14 17 18
17 25 -1 29 37 31 36
4 5 -1 11 14 17 18
16 24 -1 28 37 31 36
4 5 -1 11 14 17 18
16 24 -1 28 36 31 36
4 5 -1 11 14 17 18
15 23 -1 27 35 31 36
4 5 -1 11 14 17 18
15 23 -1 27 34 30 35
4 5 -1 11 14 17 18
14 22 -1 27 33 30 35
4 5 -1 11 14 17 18
14 22 -1 27 33 30 35
4 5 -1 11 14 17 18
14 22 -1 26 31 30 35
4 5 -1 11 14 17 18
13 21 -1 26 30 29 34
4 5 -1 11 14 17 18
13 21 -1 25 29 29 34
4 5 -1 11 14 17 18
12 20 -1 25 28 29 34
4 5 -1 11 14 17 18
12 20 -1 25 27 29 34
4 5 -1 11 14 17 18
11 19 -1 24 26 28 34
30






























1
По всем вопросам касающимся приложения обращайтесь по WhatsApp +79952867503
1
09.2026

      
	
