1
For advertising or questions send us e-mail kogdanamaz@gmail.com 
31
5 6 -1 12 15 17 19
36 54 -1 24 31 53 7
5 6 -1 12 15 17 19
35 54 -1 24 31 53 7
5 6 -1 12 15 17 19
35 53 -1 24 31 54 8
5 6 -1 12 15 17 19
34 52 -1 24 32 54 8
5 6 -1 12 15 17 19
34 52 -1 23 32 54 9
5 6 -1 12 15 17 19
33 51 -1 23 32 55 9
5 6 -1 12 15 17 19
33 50 -1 23 33 55 9
5 6 -1 12 15 17 19
32 50 -1 23 33 56 10
5 6 -1 12 15 17 19
31 49 -1 23 33 56 10
5 6 -1 12 15 17 19
31 48 -1 23 34 57 10
5 6 -1 12 15 17 19
31 48 -1 23 34 57 10
5 6 -1 12 15 17 19
29 47 -1 22 34 58 11
5 6 -1 12 15 17 19
29 46 -1 22 34 58 11
5 6 -1 12 15 17 19
28 45 -1 22 35 58 12
5 6 -1 12 15 17 19
27 44 -1 22 35 59 12
5 6 -1 12 15 17 19
27 43 -1 22 35 59 12
5 6 -1 12 15 18 19
26 43 -1 22 35 0 13
5 6 -1 12 15 18 19
25 42 -1 21 35 0 13
5 6 -1 12 15 18 19
24 41 -1 21 36 1 13
5 6 -1 12 15 18 19
23 40 -1 21 36 1 14
5 6 -1 12 15 18 19
23 39 -1 21 36 1 14
5 6 -1 12 15 18 19
22 38 -1 20 36 2 15
5 6 -1 12 15 18 19
21 37 -1 20 36 2 15
5 6 -1 12 15 18 19
20 36 -1 20 36 3 15
5 6 -1 12 15 18 19
19 35 -1 19 37 3 16
5 6 -1 12 15 18 19
19 35 -1 19 37 3 16
5 6 -1 12 15 18 19
17 33 -1 19 37 4 16
5 6 -1 12 15 18 19
16 32 -1 19 37 4 17
5 6 -1 12 15 18 19
15 31 -1 18 37 5 17
5 6 -1 12 15 18 19
14 30 -1 18 37 5 17
5 6 -1 12 15 18 19
13 29 -1 18 37 5 18
31































1
По всем вопросам касающимся приложения обращайтесь по WhatsApp +79952867503
1
08.2026

      
	
