1
For advertising or questions send us e-mail kogdanamaz@gmail.com 
30
5 6 -1 12 15 18 19
20 39 -1 25 43 10 26
5 6 -1 12 15 18 19
19 38 -1 25 43 11 26
5 6 -1 12 15 18 19
18 37 -1 25 43 12 27
5 6 -1 12 15 18 19
17 36 -1 24 43 12 27
5 6 -1 12 15 18 19
15 35 -1 24 43 13 28
5 6 -1 12 15 18 19
14 33 -1 24 44 13 28
5 6 -1 12 15 18 19
13 32 -1 23 44 14 29
5 6 -1 12 15 18 19
12 31 -1 23 44 14 29
5 6 -1 12 15 18 19
11 30 -1 23 44 15 30
5 6 -1 12 15 18 19
9 29 -1 22 44 15 30
5 6 -1 12 15 18 19
8 27 -1 22 44 16 31
5 6 -1 12 15 18 19
7 26 -1 21 44 16 31
5 6 -1 12 15 18 19
6 25 -1 21 45 17 32
5 6 -1 12 15 18 19
4 24 -1 21 45 17 32
5 6 -1 12 15 18 19
3 22 -1 20 45 18 33
5 6 -1 12 15 18 19
2 21 -1 20 45 18 34
5 6 -1 12 15 18 19
1 20 -1 20 45 19 34
4 6 -1 12 15 18 19
59 19 -1 19 45 20 35
4 6 -1 12 15 18 19
58 17 -1 19 45 20 35
4 6 -1 12 15 18 19
57 16 -1 19 45 21 36
4 6 -1 12 15 18 19
55 15 -1 18 45 21 37
4 6 -1 12 15 18 19
54 14 -1 18 45 22 37
4 6 -1 12 15 18 19
53 12 -1 18 45 22 38
4 6 -1 12 15 18 19
53 12 -1 18 45 22 38
4 6 -1 12 15 18 19
50 10 -1 17 45 23 39
4 6 -1 12 15 18 19
49 9 -1 17 45 24 40
4 6 -1 12 15 18 19
47 7 -1 16 45 24 40
4 6 -1 12 15 18 19
46 6 -1 16 45 25 41
4 6 -1 12 15 18 19
45 5 -1 16 45 26 42
4 6 -1 12 15 18 19
43 4 -1 15 46 26 42
30






























1
По всем вопросам касающимся приложения обращайтесь по WhatsApp +79952867503
1
09.2026

      
	
