1
For advertising or questions send us e-mail kogdanamaz@gmail.com 
31
4 5 -1 12 15 18 19
47 59 -1 7 28 15 23
4 5 -1 12 15 18 19
46 58 -1 7 27 15 23
4 5 -1 12 15 18 19
45 57 -1 6 27 15 23
4 5 -1 12 15 18 19
45 56 -1 6 26 15 24
4 5 -1 12 15 18 19
44 56 -1 6 26 15 24
4 5 -1 12 15 18 19
43 55 -1 6 25 16 24
4 5 -1 12 15 18 19
42 54 -1 5 25 16 24
4 5 -1 12 15 18 19
41 53 -1 5 24 16 25
4 5 -1 12 15 18 19
41 53 -1 5 24 16 25
4 5 -1 12 15 18 19
40 52 -1 4 23 16 25
4 5 -1 12 15 18 19
39 51 -1 4 23 17 25
4 5 -1 12 15 18 19
38 50 -1 4 22 17 26
4 5 -1 12 15 18 19
37 50 -1 4 22 17 26
4 5 -1 12 15 18 19
36 49 -1 4 21 17 26
4 5 -1 12 15 18 19
36 48 -1 3 21 17 27
4 5 -1 12 15 18 19
35 48 -1 3 20 18 27
4 5 -1 12 15 18 19
34 47 -1 3 20 18 27
4 5 -1 12 15 18 19
33 46 -1 3 19 18 28
4 5 -1 12 15 18 19
32 46 -1 2 19 18 28
5 6 -1 13 16 19 20
32 45 -1 2 18 19 28
5 6 -1 13 16 19 20
31 45 -1 2 18 19 29
5 6 -1 13 16 19 20
30 44 -1 2 17 19 29
5 6 -1 13 16 19 20
30 43 -1 2 17 20 30
5 6 -1 13 16 19 20
29 43 -1 2 16 20 30
5 6 -1 13 16 19 20
28 42 -1 2 16 20 31
5 6 -1 13 16 19 20
28 42 -1 2 16 20 31
5 6 -1 13 16 19 20
28 42 -1 2 15 21 31
5 6 -1 13 16 19 20
26 41 -1 1 14 21 32
5 6 -1 13 16 19 20
26 40 -1 1 14 22 33
5 6 -1 13 16 19 20
25 40 -1 1 13 22 33
5 6 -1 13 16 19 20
24 39 -1 1 13 22 34
31































1
По всем вопросам касающимся приложения обращайтесь по WhatsApp +79952867503
1
10.2026

      
	
