1
For advertising or questions send us e-mail kogdanamaz@gmail.com 
30
4 5 -1 11 15 17 19
46 55 -1 57 13 59 5
4 5 -1 11 15 17 19
46 54 -1 57 12 59 4
4 5 -1 11 15 17 19
45 54 -1 57 11 59 4
4 5 -1 11 15 17 19
45 53 -1 56 11 59 4
4 5 -1 11 15 17 19
45 53 -1 56 10 58 3
4 5 -1 11 15 17 19
44 53 -1 56 9 58 3
4 5 -1 11 15 17 19
44 52 -1 55 8 58 3
4 5 -1 11 15 17 19
44 52 -1 55 8 57 3
4 5 -1 11 15 17 19
43 51 -1 55 7 57 2
4 5 -1 11 15 17 19
43 51 -1 54 6 57 2
4 5 -1 11 15 17 19
43 51 -1 54 5 57 2
4 5 -1 11 15 17 19
42 50 -1 54 4 56 1
4 5 -1 11 15 17 19
42 50 -1 53 3 56 1
4 5 -1 11 15 17 19
41 49 -1 53 2 56 1
4 5 -1 11 15 17 19
41 49 -1 53 1 55 0
4 5 -1 11 15 17 19
41 49 -1 52 1 55 0
4 5 -1 11 15 17 19
40 48 -1 52 0 55 0
4 5 -1 11 14 17 18
40 48 -1 52 59 55 59
4 5 -1 11 14 17 18
39 47 -1 51 58 54 59
4 5 -1 11 14 17 18
39 47 -1 51 57 54 59
4 5 -1 11 14 17 18
39 46 -1 51 56 54 59
4 5 -1 11 14 17 18
38 46 -1 50 55 53 58
4 5 -1 11 14 17 18
38 46 -1 50 54 53 58
4 5 -1 11 14 17 18
38 46 -1 50 54 53 58
4 5 -1 11 14 17 18
37 45 -1 49 52 53 57
4 5 -1 11 14 17 18
36 44 -1 49 51 52 57
4 5 -1 11 14 17 18
36 44 -1 48 50 52 57
4 5 -1 11 14 17 18
36 43 -1 48 48 52 57
4 5 -1 11 14 17 18
35 43 -1 48 49 52 56
4 5 -1 11 14 17 18
35 43 -1 47 49 51 56
30






























1
По всем вопросам касающимся приложения обращайтесь по WhatsApp +79952867503
1
09.2026

      
	
