1
For advertising or questions send us e-mail kogdanamaz@gmail.com 
31
3 5 -1 11 14 17 18
57 5 -1 11 16 16 21
3 5 -1 11 14 17 18
56 5 -1 11 15 15 21
3 5 -1 11 14 17 18
56 4 -1 10 14 15 21
3 5 -1 11 14 17 18
55 4 -1 10 13 15 21
3 5 -1 11 14 17 18
55 3 -1 10 12 15 21
3 5 -1 11 14 17 18
54 3 -1 9 11 15 20
3 5 -1 11 14 17 18
54 3 -1 9 10 15 20
3 5 -1 11 14 17 18
53 2 -1 9 11 15 20
3 5 -1 11 14 17 18
53 2 -1 9 11 15 20
3 5 -1 11 14 17 18
52 1 -1 8 12 14 20
3 5 -1 11 14 17 18
52 1 -1 8 12 14 20
3 5 -1 11 14 17 18
51 0 -1 8 13 14 20
3 5 -1 11 14 17 18
51 0 -1 8 13 14 20
3 5 -1 11 14 17 18
50 0 -1 7 14 14 20
3 4 -1 11 14 17 18
50 59 -1 7 14 14 20
3 4 -1 11 14 17 18
50 59 -1 7 15 14 20
3 4 -1 11 14 17 18
49 59 -1 7 15 14 20
3 4 -1 11 14 17 18
49 58 -1 6 16 14 20
3 4 -1 11 14 17 18
48 58 -1 6 16 14 20
3 4 -1 11 14 17 18
48 57 -1 6 17 14 20
3 4 -1 11 14 17 18
47 57 -1 6 17 14 20
3 4 -1 11 14 17 18
47 57 -1 6 18 14 21
3 4 -1 11 14 17 18
47 57 -1 6 18 14 21
3 4 -1 11 14 17 18
47 57 -1 6 18 14 21
3 4 -1 11 14 17 18
46 56 -1 5 19 14 21
3 4 -1 11 14 17 18
45 56 -1 5 19 14 21
3 4 -1 11 14 17 18
45 56 -1 5 20 14 21
3 4 -1 11 14 17 18
45 55 -1 5 20 14 21
3 4 -1 11 14 17 18
44 55 -1 5 21 14 22
3 4 -1 11 14 17 18
44 55 -1 5 21 14 22
3 4 -1 11 14 17 18
44 55 -1 5 22 14 22
31































1
По всем вопросам касающимся приложения обращайтесь по WhatsApp +79952867503
1
10.2026

      
	