1
For advertising or questions send us e-mail kogdanamaz@gmail.com 
31
4 6 -1 11 15 17 18
55 11 -1 48 1 24 36
4 6 -1 11 15 17 18
55 10 -1 48 1 25 36
4 6 -1 11 15 17 18
55 10 -1 48 1 25 37
4 6 -1 11 15 17 18
54 9 -1 48 1 25 37
4 6 -1 11 15 17 18
54 9 -1 48 2 26 37
4 6 -1 11 15 17 18
53 8 -1 47 2 26 37
4 6 -1 11 15 17 18
53 8 -1 47 2 26 38
4 6 -1 11 15 17 18
52 7 -1 47 2 27 38
4 6 -1 11 15 17 18
52 6 -1 47 2 27 38
4 6 -1 11 15 17 18
51 6 -1 47 2 27 38
4 6 -1 11 15 17 18
51 6 -1 47 2 27 38
4 6 -1 11 15 17 18
50 5 -1 47 3 28 39
4 6 -1 11 15 17 18
50 4 -1 46 3 28 39
4 6 -1 11 15 17 18
49 3 -1 46 3 29 39
4 6 -1 11 15 17 18
48 3 -1 46 3 29 39
4 6 -1 11 15 17 18
48 2 -1 46 3 29 40
4 6 -1 11 15 17 18
47 1 -1 46 3 29 40
4 6 -1 11 15 17 18
47 0 -1 45 3 30 40
4 6 -1 11 15 17 18
46 0 -1 45 3 30 40
4 5 -1 11 15 17 18
45 59 -1 45 3 30 40
4 5 -1 11 15 17 18
45 58 -1 45 3 30 41
4 5 -1 11 15 17 18
44 57 -1 44 3 31 41
4 5 -1 11 15 17 18
43 57 -1 44 3 31 41
4 5 -1 11 15 17 18
42 56 -1 44 3 31 41
4 5 -1 11 15 17 18
42 55 -1 44 3 31 41
4 5 -1 11 15 17 18
42 55 -1 44 3 31 41
4 5 -1 11 15 17 18
40 53 -1 43 3 32 42
4 5 -1 11 15 17 18
39 53 -1 43 3 32 42
4 5 -1 11 15 17 18
39 52 -1 42 3 32 42
4 5 -1 11 15 17 18
38 51 -1 42 3 33 42
4 5 -1 11 15 17 18
37 50 -1 42 3 33 42
31































1
По всем вопросам касающимся приложения обращайтесь по WhatsApp +79952867503
1
08.2026

      
	
