1
For advertising or questions send us e-mail kogdanamaz@gmail.com 
30
4 5 -1 11 14 17 18
15 25 -1 23 43 21 27
4 5 -1 11 14 17 18
15 24 -1 23 43 21 27
4 5 -1 11 14 17 18
14 23 -1 23 42 21 27
4 5 -1 11 14 17 18
14 23 -1 22 42 21 27
4 5 -1 11 14 17 18
13 22 -1 22 41 21 27
4 5 -1 11 14 17 18
12 22 -1 22 41 21 27
4 5 -1 11 14 17 18
12 21 -1 21 40 21 27
4 5 -1 11 14 17 18
11 20 -1 21 40 21 26
4 5 -1 11 14 17 18
11 20 -1 21 39 20 26
4 5 -1 11 14 17 18
10 19 -1 20 39 20 26
4 5 -1 11 14 17 18
10 19 -1 20 38 20 26
4 5 -1 11 14 17 18
9 18 -1 20 37 20 26
4 5 -1 11 14 17 18
8 17 -1 19 37 20 26
4 5 -1 11 14 17 18
8 17 -1 19 36 20 26
4 5 -1 11 14 17 18
7 16 -1 18 36 20 26
4 5 -1 11 14 17 18
7 16 -1 18 35 20 26
4 5 -1 11 14 17 18
6 15 -1 18 34 20 26
4 5 -1 11 14 17 18
5 14 -1 17 34 20 25
4 5 -1 11 14 17 18
5 14 -1 17 33 20 25
4 5 -1 11 14 17 18
4 13 -1 17 32 19 25
4 5 -1 11 14 17 18
3 12 -1 16 32 19 25
4 5 -1 11 14 17 18
3 12 -1 16 31 19 25
4 5 -1 11 14 17 18
2 11 -1 16 30 19 25
4 5 -1 11 14 17 18
2 11 -1 16 30 19 25
4 5 -1 11 14 17 18
1 10 -1 15 29 19 25
4 5 -1 11 14 17 18
0 9 -1 15 28 19 25
4 5 -1 11 14 17 18
0 9 -1 14 27 19 25
3 5 -1 11 14 17 18
59 8 -1 14 27 19 25
3 5 -1 11 14 17 18
58 8 -1 14 26 19 25
3 5 -1 11 14 17 18
58 7 -1 13 25 19 25
30






























1
По всем вопросам касающимся приложения обращайтесь по WhatsApp +79952867503
1
09.2026

      
	
