1
For advertising or questions send us e-mail kogdanamaz@gmail.com 
30
5 7 -1 13 16 19 20
51 6 -1 15 23 20 28
5 7 -1 13 16 19 20
51 5 -1 14 22 19 28
5 7 -1 13 16 19 20
51 5 -1 14 21 19 27
5 7 -1 13 16 19 20
50 5 -1 14 20 18 27
5 7 -1 13 16 19 20
50 5 -1 13 19 18 26
5 7 -1 13 16 19 20
50 4 -1 13 18 18 26
5 7 -1 13 16 19 20
50 4 -1 13 17 17 25
5 7 -1 13 16 19 20
50 4 -1 12 16 17 25
5 7 -1 13 16 19 20
49 4 -1 12 15 16 25
5 7 -1 13 16 19 20
49 3 -1 12 14 16 24
5 7 -1 13 16 19 20
49 3 -1 11 13 15 24
5 7 -1 13 16 19 20
49 3 -1 11 12 15 23
5 7 -1 13 16 19 20
48 3 -1 11 10 15 23
5 7 -1 13 16 19 20
48 2 -1 10 10 14 22
5 7 -1 13 16 19 20
48 2 -1 10 10 14 22
5 7 -1 13 16 19 20
48 2 -1 10 10 13 21
5 7 -1 13 16 19 20
48 1 -1 9 11 13 21
5 7 -1 13 16 19 20
47 1 -1 9 11 12 20
5 7 -1 13 16 19 20
47 1 -1 8 11 12 20
5 7 -1 13 16 19 20
47 1 -1 8 12 12 19
5 7 -1 13 16 19 20
47 0 -1 8 12 11 19
5 7 -1 13 16 19 20
46 0 -1 7 12 11 18
5 7 -1 13 16 19 20
46 0 -1 7 13 10 18
5 7 -1 13 16 19 20
46 0 -1 7 13 10 18
5 6 -1 13 16 19 20
45 59 -1 6 13 9 17
5 6 -1 13 16 19 20
45 59 -1 6 13 9 17
5 6 -1 13 16 19 20
45 59 -1 6 13 8 16
5 6 -1 13 16 19 20
45 59 -1 5 14 8 16
5 6 -1 13 16 19 20
44 58 -1 5 14 8 16
5 6 -1 13 16 19 20
44 58 -1 5 14 7 15
30






























1
По всем вопросам касающимся приложения обращайтесь по WhatsApp +79952867503
1
09.2026

      
	
