1
For advertising or questions send us e-mail kogdanamaz@gmail.com 
31
4 5 -1 11 14 17 18
20 31 -1 26 48 21 29
4 5 -1 11 14 17 18
19 31 -1 26 48 21 29
4 5 -1 11 14 17 18
19 31 -1 26 48 21 29
4 5 -1 11 14 17 18
19 30 -1 26 48 21 29
4 5 -1 11 14 17 18
19 30 -1 26 48 21 29
4 5 -1 11 14 17 18
19 30 -1 26 47 21 29
4 5 -1 11 14 17 18
19 30 -1 26 47 21 29
4 5 -1 11 14 17 18
19 29 -1 26 47 21 28
4 5 -1 11 14 17 18
18 29 -1 25 47 21 28
4 5 -1 11 14 17 18
18 29 -1 25 47 21 28
4 5 -1 11 14 17 18
18 29 -1 25 47 21 28
4 5 -1 11 14 17 18
18 28 -1 25 46 21 28
4 5 -1 11 14 17 18
17 28 -1 25 46 21 28
4 5 -1 11 14 17 18
17 27 -1 25 46 21 28
4 5 -1 11 14 17 18
17 27 -1 24 46 21 28
4 5 -1 11 14 17 18
17 27 -1 24 45 21 28
4 5 -1 11 14 17 18
16 26 -1 24 45 21 27
4 5 -1 11 14 17 18
16 26 -1 24 45 21 27
4 5 -1 11 14 17 18
16 26 -1 24 44 21 27
4 5 -1 11 14 17 18
15 25 -1 23 44 20 27
4 5 -1 11 14 17 18
15 25 -1 23 44 20 27
4 5 -1 11 14 17 18
15 24 -1 23 43 20 27
4 5 -1 11 14 17 18
14 24 -1 23 43 20 27
4 5 -1 11 14 17 18
14 23 -1 22 42 20 26
4 5 -1 11 14 17 18
14 23 -1 22 42 20 26
4 5 -1 11 14 17 18
14 23 -1 22 42 20 26
4 5 -1 11 14 17 18
13 22 -1 21 41 20 26
4 5 -1 11 14 17 18
12 22 -1 21 41 20 26
4 5 -1 11 14 17 18
12 21 -1 21 40 20 26
4 5 -1 11 14 17 18
12 21 -1 21 40 19 25
4 5 -1 11 14 17 18
11 20 -1 20 39 19 25
31































1
По всем вопросам касающимся приложения обращайтесь по WhatsApp +79952867503
1
08.2026

      
	
