1
For advertising or questions send us e-mail kogdanamaz@gmail.com 
31
5 6 -1 12 15 17 19
35 55 -1 21 25 46 2
5 6 -1 12 15 17 19
35 54 -1 21 26 47 3
5 6 -1 12 15 17 19
34 54 -1 21 26 47 3
5 6 -1 12 15 17 19
33 53 -1 21 26 48 4
5 6 -1 12 15 17 19
33 52 -1 21 27 49 4
5 6 -1 12 15 17 19
32 52 -1 21 27 49 4
5 6 -1 12 15 17 19
32 51 -1 21 27 50 5
5 6 -1 12 15 17 19
31 50 -1 20 28 50 5
5 6 -1 12 15 17 19
30 49 -1 20 28 51 6
5 6 -1 12 15 17 19
29 48 -1 20 28 51 6
5 6 -1 12 15 17 19
29 48 -1 20 28 51 6
5 6 -1 12 15 17 19
28 47 -1 20 29 52 7
5 6 -1 12 15 17 19
27 46 -1 20 29 53 7
5 6 -1 12 15 17 19
26 45 -1 19 30 53 8
5 6 -1 12 15 17 19
26 44 -1 19 30 54 8
5 6 -1 12 15 17 19
25 43 -1 19 30 54 9
5 6 -1 12 15 17 19
24 42 -1 19 30 55 9
5 6 -1 12 15 17 19
23 41 -1 19 31 55 9
5 6 -1 12 15 17 19
22 40 -1 18 31 56 10
5 6 -1 12 15 17 19
21 39 -1 18 31 56 10
5 6 -1 12 15 17 19
21 39 -1 18 31 56 11
5 6 -1 12 15 17 19
20 38 -1 18 32 57 11
5 6 -1 12 15 17 19
19 37 -1 17 32 57 11
5 6 -1 12 15 17 19
18 36 -1 17 32 58 12
5 6 -1 12 15 17 19
17 35 -1 17 32 58 12
5 6 -1 12 15 17 19
17 35 -1 17 32 58 12
5 6 -1 12 15 17 19
15 32 -1 16 33 59 13
5 6 -1 12 15 18 19
14 31 -1 16 33 0 13
5 6 -1 12 15 18 19
13 30 -1 16 33 0 14
5 6 -1 12 15 18 19
12 29 -1 15 33 1 14
5 6 -1 12 15 18 19
11 28 -1 15 33 1 15
31































1
По всем вопросам касающимся приложения обращайтесь по WhatsApp +79952867503
1
08.2026

      
	
