1
For advertising or questions send us e-mail kogdanamaz@gmail.com 
31
5 6 -1 12 15 18 19
35 47 -1 38 59 29 37
5 6 -1 12 15 18 19
35 47 -1 38 59 29 37
5 6 -1 12 15 18 19
35 46 -1 38 59 29 37
5 6 -1 12 15 18 19
34 46 -1 38 59 29 37
5 6 -1 12 15 18 19
34 46 -1 38 59 29 37
5 6 -1 12 15 18 19
34 45 -1 38 59 29 37
5 6 -1 12 15 18 19
34 45 -1 38 58 29 37
5 6 -1 12 15 18 19
33 45 -1 37 58 29 37
5 6 -1 12 15 18 19
33 44 -1 37 58 30 37
5 6 -1 12 15 18 19
33 44 -1 37 58 30 37
5 6 -1 12 15 18 19
33 44 -1 37 58 30 37
5 6 -1 12 15 18 19
32 43 -1 37 58 30 37
5 6 -1 12 15 18 19
32 43 -1 37 58 30 37
5 6 -1 12 15 18 19
32 42 -1 37 58 30 37
5 6 -1 12 15 18 19
31 42 -1 36 57 30 37
5 6 -1 12 15 18 19
31 42 -1 36 57 30 37
5 6 -1 12 15 18 19
31 41 -1 36 57 30 37
5 6 -1 12 15 18 19
30 41 -1 36 57 30 37
5 6 -1 12 15 18 19
30 40 -1 35 56 30 37
5 6 -1 12 15 18 19
29 40 -1 35 56 30 37
5 6 -1 12 15 18 19
29 39 -1 35 56 30 37
5 6 -1 12 15 18 19
29 39 -1 35 56 30 37
5 6 -1 12 15 18 19
28 38 -1 34 55 30 37
5 6 -1 12 15 18 19
28 38 -1 34 55 30 36
5 6 -1 12 15 18 19
27 37 -1 34 55 30 36
5 6 -1 12 15 18 19
27 37 -1 34 54 30 36
5 6 -1 12 15 18 19
26 36 -1 33 54 30 36
5 6 -1 12 15 18 19
26 36 -1 33 53 30 36
5 6 -1 12 15 18 19
25 35 -1 33 53 30 36
5 6 -1 12 15 18 19
25 34 -1 32 53 30 36
5 6 -1 12 15 18 19
24 34 -1 32 52 29 36
31































1
По всем вопросам касающимся приложения обращайтесь по WhatsApp +79952867503
1
08.2026

      
	
