1
For advertising or questions send us e-mail kogdanamaz@gmail.com 
31
4 6 -1 12 15 18 19
55 6 -1 7 29 6 14
4 6 -1 12 15 18 19
55 6 -1 7 29 6 14
4 6 -1 12 15 18 19
55 6 -1 7 29 6 14
4 6 -1 12 15 18 19
55 6 -1 7 29 6 14
4 6 -1 12 15 18 19
55 6 -1 7 29 6 14
4 6 -1 12 15 18 19
55 6 -1 6 28 6 14
4 6 -1 12 15 18 19
55 6 -1 6 28 6 14
4 6 -1 12 15 18 19
55 5 -1 6 28 6 13
4 6 -1 12 15 18 19
55 5 -1 6 28 6 13
4 6 -1 12 15 18 19
55 5 -1 6 27 6 13
4 6 -1 12 15 18 19
55 5 -1 6 27 6 13
4 6 -1 12 15 18 19
54 4 -1 6 27 6 13
4 6 -1 12 15 18 19
54 4 -1 5 26 6 12
4 6 -1 12 15 18 19
54 4 -1 5 26 5 12
4 6 -1 12 15 18 19
54 4 -1 5 26 5 12
4 6 -1 12 15 18 19
54 3 -1 5 25 5 12
4 6 -1 12 15 18 19
54 3 -1 5 25 5 12
4 6 -1 12 15 18 19
53 3 -1 4 24 5 11
4 6 -1 12 15 18 19
53 3 -1 4 24 5 11
4 6 -1 12 15 18 19
53 2 -1 4 23 5 11
4 6 -1 12 15 18 19
53 2 -1 4 23 4 11
4 6 -1 12 15 18 19
52 2 -1 3 22 4 10
4 6 -1 12 15 18 19
52 1 -1 3 22 4 10
4 6 -1 12 15 18 19
52 1 -1 3 21 4 10
4 6 -1 12 15 18 19
52 1 -1 3 21 4 9
4 6 -1 12 15 18 19
51 0 -1 2 20 3 9
4 6 -1 12 15 18 19
51 0 -1 2 20 3 9
4 6 -1 12 15 18 19
51 0 -1 2 19 3 9
4 5 -1 12 15 18 19
50 59 -1 1 18 3 8
4 5 -1 12 15 18 19
50 59 -1 1 18 3 8
4 5 -1 12 15 18 19
50 58 -1 1 17 2 8
31































1
По всем вопросам касающимся приложения обращайтесь по WhatsApp +79952867503
1
08.2026

      
	
