1
For advertising or questions send us e-mail kogdanamaz@gmail.com 
31
4 6 -1 11 15 17 18
54 7 -1 51 8 34 44
4 6 -1 11 15 17 18
53 7 -1 51 8 34 44
4 6 -1 11 15 17 18
53 6 -1 51 8 35 45
4 6 -1 11 15 17 18
53 6 -1 51 9 35 45
4 6 -1 11 15 17 18
53 6 -1 51 9 35 45
4 6 -1 11 15 17 18
52 5 -1 51 9 35 45
4 6 -1 11 15 17 18
52 5 -1 51 9 36 45
4 6 -1 11 15 17 18
51 4 -1 50 9 36 45
4 6 -1 11 15 17 18
51 4 -1 50 9 36 45
4 6 -1 11 15 17 18
51 3 -1 50 9 36 45
4 6 -1 11 15 17 18
50 3 -1 50 9 36 45
4 6 -1 11 15 17 18
50 2 -1 50 9 37 46
4 6 -1 11 15 17 18
49 2 -1 50 9 37 46
4 6 -1 11 15 17 18
49 1 -1 49 9 37 46
4 6 -1 11 15 17 18
48 1 -1 49 9 37 46
4 6 -1 11 15 17 18
48 0 -1 49 9 37 46
4 5 -1 11 15 17 18
47 59 -1 49 9 37 46
4 5 -1 11 15 17 18
47 59 -1 49 9 38 46
4 5 -1 11 15 17 18
46 58 -1 48 8 38 46
4 5 -1 11 15 17 18
46 58 -1 48 8 38 46
4 5 -1 11 15 17 18
45 57 -1 48 8 38 46
4 5 -1 11 15 17 18
45 56 -1 48 8 38 46
4 5 -1 11 15 17 18
44 56 -1 47 8 38 46
4 5 -1 11 15 17 18
44 55 -1 47 8 38 46
4 5 -1 11 15 17 18
43 54 -1 47 8 38 47
4 5 -1 11 15 17 18
42 54 -1 47 7 39 47
4 5 -1 11 15 17 18
42 53 -1 46 7 39 47
4 5 -1 11 15 17 18
41 52 -1 46 7 39 47
4 5 -1 11 15 17 18
40 52 -1 46 7 39 47
4 5 -1 11 15 17 18
40 51 -1 45 7 39 47
4 5 -1 11 15 17 18
39 50 -1 45 6 39 47
31































1
По всем вопросам касающимся приложения обращайтесь по WhatsApp +79952867503
1
08.2026

      
	
