1
For advertising or questions send us e-mail kogdanamaz@gmail.com 
30
4 5 -1 11 15 17 18
33 47 -1 39 0 30 40
4 5 -1 11 15 17 18
33 46 -1 39 0 31 40
4 5 -1 11 15 17 18
32 45 -1 38 0 31 40
4 5 -1 11 15 17 18
31 44 -1 38 0 31 41
4 5 -1 11 15 17 18
30 43 -1 38 0 31 41
4 5 -1 11 14 17 18
29 42 -1 37 59 32 41
4 5 -1 11 14 17 18
28 41 -1 37 59 32 41
4 5 -1 11 14 17 18
27 40 -1 37 59 32 41
4 5 -1 11 14 17 18
27 39 -1 36 59 32 42
4 5 -1 11 14 17 18
26 39 -1 36 59 32 42
4 5 -1 11 14 17 18
25 38 -1 35 59 33 42
4 5 -1 11 14 17 18
24 37 -1 35 58 33 42
4 5 -1 11 14 17 18
23 36 -1 35 58 33 42
4 5 -1 11 14 17 18
22 35 -1 34 58 33 43
4 5 -1 11 14 17 18
21 34 -1 34 58 34 43
4 5 -1 11 14 17 18
20 33 -1 34 57 34 43
4 5 -1 11 14 17 18
19 32 -1 33 57 34 43
4 5 -1 11 14 17 18
18 31 -1 33 57 34 43
4 5 -1 11 14 17 18
17 30 -1 33 57 34 44
4 5 -1 11 14 17 18
16 29 -1 32 56 35 44
4 5 -1 11 14 17 18
15 28 -1 32 56 35 44
4 5 -1 11 14 17 18
14 27 -1 32 56 35 44
4 5 -1 11 14 17 18
13 26 -1 31 56 35 45
4 5 -1 11 14 17 18
12 26 -1 31 55 36 45
4 5 -1 11 14 17 18
11 25 -1 31 55 36 45
4 5 -1 11 14 17 18
10 24 -1 30 55 36 46
4 5 -1 11 14 17 18
9 23 -1 30 54 36 46
4 5 -1 11 14 17 18
9 22 -1 30 54 36 46
4 5 -1 11 14 17 18
8 21 -1 29 54 37 46
4 5 -1 11 14 17 18
7 20 -1 29 53 37 47
30






























1
По всем вопросам касающимся приложения обращайтесь по WhatsApp +79952867503
1
09.2026

      
	
