1
For advertising or questions send us e-mail kogdanamaz@gmail.com 
31
4 5 -1 11 15 17 19
43 51 -1 55 4 57 2
4 5 -1 11 15 17 19
43 50 -1 54 4 57 2
4 5 -1 11 15 17 19
42 50 -1 54 4 57 2
4 5 -1 11 15 17 19
42 50 -1 54 5 56 1
4 5 -1 11 15 17 19
42 50 -1 53 5 56 1
4 5 -1 11 15 17 19
41 49 -1 53 5 56 1
4 5 -1 11 15 17 19
41 49 -1 53 5 55 0
4 5 -1 11 15 17 19
41 49 -1 52 5 55 0
4 5 -1 11 15 17 19
41 49 -1 52 6 55 0
4 5 -1 11 15 17 19
40 49 -1 52 6 54 0
4 5 -1 11 15 17 18
40 48 -1 52 6 54 59
4 5 -1 11 15 17 18
40 48 -1 51 6 54 59
4 5 -1 11 15 17 18
40 48 -1 51 6 53 59
4 5 -1 11 15 17 18
39 48 -1 51 6 53 59
4 5 -1 11 15 17 18
39 48 -1 51 7 53 58
4 5 -1 11 15 17 18
39 47 -1 51 7 53 58
4 5 -1 11 15 17 18
39 47 -1 50 7 52 58
4 5 -1 11 15 17 18
38 47 -1 50 7 52 58
4 5 -1 11 15 17 18
38 47 -1 50 7 52 58
4 5 -1 11 15 17 18
38 47 -1 50 7 52 58
4 5 -1 11 15 17 18
38 47 -1 50 8 52 57
4 5 -1 11 15 17 18
37 47 -1 49 8 51 57
4 5 -1 11 15 17 18
37 46 -1 49 8 51 57
4 5 -1 11 15 17 18
37 46 -1 49 8 51 57
4 5 -1 11 15 17 18
37 46 -1 49 8 51 57
4 5 -1 11 15 17 18
37 46 -1 49 8 51 57
4 5 -1 11 15 17 18
37 46 -1 49 9 51 57
4 5 -1 11 15 17 18
36 46 -1 49 9 50 57
4 5 -1 11 15 17 18
36 46 -1 49 9 50 57
4 5 -1 11 15 17 18
36 46 -1 49 9 50 57
4 5 -1 11 15 17 18
36 46 -1 49 9 50 57
31































1
По всем вопросам касающимся приложения обращайтесь по WhatsApp +79952867503
1
10.2026

      
	
