1
For advertising or questions send us e-mail kogdanamaz@gmail.com 
30
4 6 -1 12 15 18 19
55 4 -1 4 23 2 8
4 6 -1 12 15 18 19
55 4 -1 3 23 2 8
4 6 -1 12 15 18 19
54 3 -1 3 22 2 8
4 6 -1 12 15 18 19
54 3 -1 3 22 2 8
4 6 -1 12 15 18 19
53 2 -1 2 21 2 8
4 6 -1 12 15 18 19
53 2 -1 2 21 2 7
4 6 -1 12 15 18 19
52 1 -1 2 20 1 7
4 6 -1 12 15 18 19
52 1 -1 1 20 1 7
4 6 -1 12 15 18 19
51 0 -1 1 19 1 7
4 5 -1 12 15 18 19
51 59 -1 1 18 1 7
4 5 -1 12 15 18 19
50 59 -1 0 18 1 7
4 5 -1 12 15 18 19
50 58 -1 0 17 1 6
4 5 -1 12 15 18 19
49 58 -1 0 17 1 6
4 5 -1 11 15 18 19
48 57 -1 59 16 1 6
4 5 -1 11 15 18 19
48 57 -1 59 15 0 6
4 5 -1 11 15 18 19
47 56 -1 59 15 0 6
4 5 -1 11 15 18 19
47 55 -1 58 14 0 6
4 5 -1 11 15 18 19
46 55 -1 58 13 0 6
4 5 -1 11 15 18 19
46 54 -1 58 12 0 6
4 5 -1 11 15 18 19
45 54 -1 57 12 0 5
4 5 -1 11 15 18 19
45 54 -1 57 12 0 5
4 5 -1 11 15 18 19
44 52 -1 56 10 0 5
4 5 -1 11 15 17 19
43 52 -1 56 10 59 5
4 5 -1 11 15 17 19
43 51 -1 56 9 59 5
4 5 -1 11 15 17 19
42 51 -1 55 8 59 5
4 5 -1 11 15 17 19
41 50 -1 55 7 59 5
4 5 -1 11 15 17 19
41 50 -1 55 7 59 5
4 5 -1 11 15 17 19
40 49 -1 54 6 59 5
4 5 -1 11 15 17 19
40 48 -1 54 5 59 5
4 5 -1 11 15 17 19
39 48 -1 54 4 59 4
30






























1
По всем вопросам касающимся приложения обращайтесь по WhatsApp +79952867503
1
09.2026

      
	
