1
For advertising or questions send us e-mail kogdanamaz@gmail.com 
30
4 5 -1 12 17 19 20
4 44 -1 22 4 4 34
4 5 -1 12 17 19 20
5 45 -1 22 2 2 32
4 5 -1 12 17 19 20
6 46 -1 22 0 0 30
4 5 -1 12 16 18 20
7 47 -1 21 59 59 29
4 5 -1 12 16 18 20
8 48 -1 21 57 57 27
4 5 -1 12 16 18 20
9 49 -1 21 55 55 25
4 5 -1 12 16 18 20
10 50 -1 21 54 54 24
4 5 -1 12 16 18 20
11 51 -1 20 52 52 22
4 5 -1 12 16 18 20
12 52 -1 20 51 51 21
4 5 -1 12 16 18 20
12 52 -1 20 50 50 20
4 5 -1 12 16 18 20
13 53 -1 20 49 49 19
4 5 -1 12 16 18 20
14 54 -1 20 48 48 18
4 5 -1 12 16 18 20
15 55 -1 19 46 46 16
4 5 -1 12 16 18 20
17 57 -1 18 44 44 14
4 5 -1 12 16 18 20
18 58 -1 18 42 42 12
4 5 -1 12 16 18 20
19 59 -1 18 40 40 10
4 6 -1 12 16 18 20
20 0 -1 18 38 38 8
4 6 -1 12 16 18 20
21 1 -1 17 36 36 6
4 6 -1 12 16 18 20
22 2 -1 17 34 34 4
4 6 -1 12 16 18 20
23 3 -1 16 32 32 2
4 6 -1 12 16 18 19
25 5 -1 16 29 29 59
4 6 -1 12 16 18 19
26 6 -1 15 27 27 57
4 6 -1 12 16 18 19
27 7 -1 15 25 25 55
4 6 -1 12 16 18 19
28 8 -1 15 23 23 53
4 6 -1 12 16 18 19
29 9 -1 14 21 21 51
4 6 -1 12 16 18 19
30 10 -1 14 20 20 50
4 6 -1 12 16 18 19
31 11 -1 14 18 18 48
4 6 -1 12 16 18 19
32 12 -1 13 16 16 46
4 6 -1 12 16 18 19
33 13 -1 13 15 15 45
4 6 -1 12 16 18 19
34 14 -1 13 13 13 43
30






























1
По всем вопросам касающимся приложения обращайтесь по WhatsApp +79952867503
1
09.2026

      
	
