1
For advertising or questions send us e-mail kogdanamaz@gmail.com 
30
4 6 -1 12 17 18 20
56 12 -1 32 3 51 9
4 6 -1 12 17 18 20
56 13 -1 32 3 50 7
4 6 -1 12 17 18 20
57 13 -1 32 2 49 6
4 6 -1 12 17 18 20
57 13 -1 31 1 48 5
4 6 -1 12 17 18 20
58 14 -1 31 0 47 4
4 6 -1 12 17 18 20
58 14 -1 31 0 46 3
4 6 -1 12 16 18 20
59 15 -1 30 59 45 2
4 6 -1 12 16 18 20
59 15 -1 30 58 44 1
5 6 -1 12 16 18 19
0 15 -1 30 57 42 59
5 6 -1 12 16 18 19
0 16 -1 29 57 41 58
5 6 -1 12 16 18 19
1 16 -1 29 56 40 57
5 6 -1 12 16 18 19
1 16 -1 28 55 39 56
5 6 -1 12 16 18 19
2 17 -1 28 54 38 55
5 6 -1 12 16 18 19
2 17 -1 28 54 37 54
5 6 -1 12 16 18 19
2 17 -1 27 53 36 52
5 6 -1 12 16 18 19
3 18 -1 27 52 35 51
5 6 -1 12 16 18 19
3 18 -1 27 51 34 50
5 6 -1 12 16 18 19
4 19 -1 26 50 33 49
5 6 -1 12 16 18 19
4 19 -1 26 49 32 48
5 6 -1 12 16 18 19
5 19 -1 26 49 31 47
5 6 -1 12 16 18 19
5 20 -1 25 48 30 46
5 6 -1 12 16 18 19
5 20 -1 25 47 29 44
5 6 -1 12 16 18 19
6 20 -1 25 46 27 43
5 6 -1 12 16 18 19
6 21 -1 24 45 26 42
5 6 -1 12 16 18 19
7 21 -1 24 44 25 41
5 6 -1 12 16 18 19
7 21 -1 24 43 24 40
5 6 -1 12 16 18 19
7 22 -1 23 43 23 39
5 6 -1 12 16 18 19
8 22 -1 23 42 22 38
5 6 -1 12 16 18 19
8 23 -1 23 41 21 37
5 6 -1 12 16 18 19
9 23 -1 22 40 20 36
30






























1
По всем вопросам касающимся приложения обращайтесь по WhatsApp +79952867503
1
09.2026

      
	
