1
For advertising or questions send us e-mail kogdanamaz@gmail.com 
31
4 5 -1 11 15 17 18
41 49 -1 52 8 53 59
4 5 -1 11 15 17 18
41 49 -1 52 8 53 58
4 5 -1 11 15 17 18
41 49 -1 51 8 52 58
4 5 -1 11 15 17 18
41 49 -1 51 8 52 57
4 5 -1 11 15 17 18
40 49 -1 51 8 51 57
4 5 -1 11 15 17 18
40 49 -1 50 7 51 56
4 5 -1 11 15 17 18
40 49 -1 50 7 50 56
4 5 -1 11 15 17 18
40 48 -1 50 7 50 55
4 5 -1 11 15 17 18
40 48 -1 49 7 49 55
4 5 -1 11 15 17 18
40 48 -1 49 7 49 54
4 5 -1 11 15 17 18
40 48 -1 49 7 48 54
4 5 -1 11 15 17 18
40 48 -1 49 7 48 54
4 5 -1 11 15 17 18
39 48 -1 48 7 48 53
4 5 -1 11 15 17 18
39 48 -1 48 7 47 53
4 5 -1 11 15 17 18
39 48 -1 48 7 47 53
4 5 -1 11 15 17 18
39 48 -1 48 7 46 52
4 5 -1 11 15 17 18
39 48 -1 48 7 46 52
4 5 -1 11 15 17 18
39 48 -1 47 7 46 52
4 5 -1 11 15 17 18
39 48 -1 47 7 45 51
4 5 -1 11 15 17 18
39 48 -1 47 7 45 51
4 5 -1 11 15 17 18
39 48 -1 47 7 44 51
4 5 -1 11 15 17 18
39 48 -1 47 7 44 50
4 5 -1 11 15 17 18
39 48 -1 46 7 44 50
4 5 -1 11 15 17 18
39 48 -1 46 7 44 50
4 5 -1 11 15 17 18
39 48 -1 46 7 43 50
4 5 -1 11 15 17 18
39 48 -1 46 7 43 49
4 5 -1 11 15 17 18
39 48 -1 46 7 43 49
4 5 -1 11 15 17 18
39 48 -1 46 7 42 49
4 5 -1 11 15 17 18
39 49 -1 46 7 42 49
4 5 -1 11 15 17 18
39 49 -1 46 7 42 49
4 5 -1 11 15 17 18
39 49 -1 46 7 42 49
31































1
По всем вопросам касающимся приложения обращайтесь по WhatsApp +79952867503
1
10.2026

      
	
