1
For advertising or questions send us e-mail kogdanamaz@gmail.com 
31
4 5 -1 13 17 20 22
9 47 -1 10 11 31 11
4 5 -1 13 17 20 22
11 48 -1 10 10 30 9
4 5 -1 13 17 20 22
12 49 -1 10 10 28 7
4 5 -1 13 17 20 22
14 51 -1 10 9 27 5
4 5 -1 13 17 20 22
16 52 -1 9 9 25 3
4 5 -1 13 17 20 22
17 53 -1 9 8 24 1
4 5 -1 13 17 20 21
19 54 -1 9 7 23 59
4 5 -1 13 17 20 21
21 55 -1 9 7 21 57
4 5 -1 13 17 20 21
23 57 -1 9 6 20 55
4 5 -1 13 17 20 21
24 58 -1 9 5 18 53
4 5 -1 13 17 20 21
26 59 -1 9 5 17 51
4 6 -1 13 17 20 21
28 0 -1 9 4 15 49
4 6 -1 13 17 20 21
30 1 -1 8 3 13 47
4 6 -1 13 17 20 21
31 3 -1 8 2 12 45
4 6 -1 13 17 20 21
33 4 -1 8 2 10 43
4 6 -1 13 17 20 21
35 5 -1 8 1 9 41
4 6 -1 13 17 20 21
36 6 -1 8 0 7 39
4 6 -1 13 16 20 21
38 7 -1 7 59 5 37
4 6 -1 13 16 20 21
40 9 -1 7 58 4 34
4 6 -1 13 16 20 21
41 10 -1 7 57 2 32
4 6 -1 13 16 20 21
43 11 -1 7 56 0 30
4 6 -1 13 16 19 21
45 12 -1 6 55 59 28
4 6 -1 13 16 19 21
46 13 -1 6 54 57 26
4 6 -1 13 16 19 21
48 15 -1 6 54 55 24
4 6 -1 13 16 19 21
49 16 -1 6 53 53 22
4 6 -1 13 16 19 21
51 17 -1 5 51 52 19
4 6 -1 13 16 19 21
53 18 -1 5 50 50 17
4 6 -1 13 16 19 21
54 20 -1 5 49 48 15
4 6 -1 13 16 19 21
56 21 -1 4 48 46 13
4 6 -1 13 16 19 21
57 22 -1 4 47 44 11
4 6 -1 13 16 19 21
59 23 -1 4 46 42 9
31































1
По всем вопросам касающимся приложения обращайтесь по WhatsApp +79952867503
1
08.2026

      
	
