1
For advertising or questions send us e-mail kogdanamaz@gmail.com 
30
4 6 -1 12 16 19 20
51 15 -1 55 36 32 59
4 6 -1 12 16 19 20
52 17 -1 54 35 30 56
4 6 -1 12 16 19 20
54 18 -1 54 34 29 54
4 6 -1 12 16 19 20
55 19 -1 54 33 27 52
4 6 -1 12 16 19 20
57 20 -1 53 32 25 50
4 6 -1 12 16 19 20
58 22 -1 53 31 23 48
5 6 -1 12 16 19 20
0 23 -1 53 29 21 46
5 6 -1 12 16 19 20
1 24 -1 52 28 19 43
5 6 -1 12 16 19 20
3 25 -1 52 27 17 41
5 6 -1 12 16 19 20
4 26 -1 52 26 15 39
5 6 -1 12 16 19 20
6 28 -1 51 24 13 37
5 6 -1 12 16 19 20
7 29 -1 51 23 11 35
5 6 -1 12 16 19 20
9 30 -1 51 22 9 33
5 6 -1 12 16 19 20
10 31 -1 50 21 8 31
5 6 -1 12 16 19 20
11 33 -1 50 19 6 28
5 6 -1 12 16 19 20
13 34 -1 50 18 4 26
5 6 -1 12 16 19 20
14 35 -1 49 17 2 24
5 6 -1 12 16 19 20
16 36 -1 49 15 0 22
5 6 -1 12 16 18 20
17 37 -1 49 14 58 20
5 6 -1 12 16 18 20
18 39 -1 48 13 56 18
5 6 -1 12 16 18 20
20 40 -1 48 11 54 16
5 6 -1 12 16 18 20
21 41 -1 47 10 52 14
5 6 -1 12 16 18 20
22 42 -1 47 8 50 12
5 6 -1 12 16 18 20
24 44 -1 47 7 48 10
5 6 -1 12 16 18 20
25 45 -1 46 6 46 8
5 6 -1 12 16 18 20
27 46 -1 46 4 44 6
5 6 -1 12 16 18 20
28 47 -1 46 3 42 4
5 6 -1 12 16 18 20
29 49 -1 45 1 40 2
5 6 -1 12 16 18 20
31 50 -1 45 0 38 0
5 6 -1 12 15 18 19
32 51 -1 45 59 37 58
30






























1
По всем вопросам касающимся приложения обращайтесь по WhatsApp +79952867503
1
09.2026

      
	
