1
For advertising or questions send us e-mail kogdanamaz@gmail.com 
30
5 6 -1 13 17 19 21
20 41 -1 18 0 54 17
5 6 -1 13 16 19 21
22 43 -1 18 59 52 15
5 6 -1 13 16 19 21
23 44 -1 18 58 50 13
5 6 -1 13 16 19 21
24 45 -1 17 56 48 11
5 6 -1 13 16 19 21
26 46 -1 17 55 47 9
5 6 -1 13 16 19 21
27 47 -1 17 54 45 7
5 6 -1 13 16 19 21
28 48 -1 16 53 43 5
5 6 -1 13 16 19 21
30 49 -1 16 52 41 2
5 6 -1 13 16 19 21
31 50 -1 16 51 39 0
5 6 -1 13 16 19 20
32 52 -1 15 50 38 58
5 6 -1 13 16 19 20
34 53 -1 15 48 36 56
5 6 -1 13 16 19 20
35 54 -1 15 47 34 54
5 6 -1 13 16 19 20
36 55 -1 14 46 32 52
5 6 -1 13 16 19 20
38 56 -1 14 45 30 50
5 6 -1 13 16 19 20
39 57 -1 14 44 28 48
5 6 -1 13 16 19 20
40 58 -1 13 42 27 46
5 6 -1 13 16 19 20
41 59 -1 13 41 25 44
5 7 -1 13 16 19 20
43 1 -1 13 40 23 42
5 7 -1 13 16 19 20
44 2 -1 12 39 21 40
5 7 -1 13 16 19 20
45 3 -1 12 37 19 38
5 7 -1 13 16 19 20
46 4 -1 11 36 17 37
5 7 -1 13 16 19 20
48 5 -1 11 35 15 35
5 7 -1 13 16 19 20
49 6 -1 11 33 14 33
5 7 -1 13 16 19 20
50 7 -1 10 32 12 31
5 7 -1 13 16 19 20
51 8 -1 10 31 10 29
5 7 -1 13 16 19 20
53 10 -1 10 30 8 27
5 7 -1 13 16 19 20
54 11 -1 9 28 6 25
5 7 -1 13 16 19 20
55 12 -1 9 27 5 23
5 7 -1 13 16 19 20
56 13 -1 9 26 3 21
5 7 -1 13 16 19 20
57 14 -1 8 24 1 19
30






























1
По всем вопросам касающимся приложения обращайтесь по WhatsApp +79952867503
1
09.2026

      
	
