1
For advertising or questions send us e-mail kogdanamaz@gmail.com 
30
4 6 -1 12 16 19 20
38 5 -1 46 28 25 54
4 6 -1 12 16 19 20
40 6 -1 46 27 23 52
4 6 -1 12 16 19 20
41 8 -1 45 26 21 49
4 6 -1 12 16 19 20
43 9 -1 45 24 19 47
4 6 -1 12 16 19 20
45 10 -1 45 23 17 45
4 6 -1 12 16 19 20
46 11 -1 44 22 15 42
4 6 -1 12 16 19 20
48 13 -1 44 21 13 40
4 6 -1 12 16 19 20
49 14 -1 44 19 11 38
4 6 -1 12 16 19 20
51 15 -1 43 18 9 36
4 6 -1 12 16 19 20
52 17 -1 43 17 7 33
4 6 -1 12 16 19 20
54 18 -1 43 15 5 31
4 6 -1 12 16 19 20
56 19 -1 42 14 3 29
4 6 -1 12 16 19 20
57 21 -1 42 13 1 27
4 6 -1 12 16 18 20
59 22 -1 42 11 59 25
5 6 -1 12 16 18 20
0 23 -1 41 10 57 22
5 6 -1 12 16 18 20
2 24 -1 41 9 55 20
5 6 -1 12 16 18 20
3 26 -1 40 7 53 18
5 6 -1 12 16 18 20
5 27 -1 40 6 51 16
5 6 -1 12 16 18 20
6 28 -1 40 4 49 14
5 6 -1 12 16 18 20
7 30 -1 39 3 47 11
5 6 -1 12 16 18 20
9 31 -1 39 2 45 9
5 6 -1 12 16 18 20
10 32 -1 39 0 43 7
5 6 -1 12 15 18 20
12 34 -1 38 59 41 5
5 6 -1 12 15 18 20
13 35 -1 38 57 39 3
5 6 -1 12 15 18 20
15 36 -1 38 56 37 1
5 6 -1 12 15 18 19
16 37 -1 37 54 35 59
5 6 -1 12 15 18 19
17 39 -1 37 53 33 57
5 6 -1 12 15 18 19
19 40 -1 37 51 31 54
5 6 -1 12 15 18 19
20 41 -1 36 50 29 52
5 6 -1 12 15 18 19
22 43 -1 36 49 27 50
30






























1
По всем вопросам касающимся приложения обращайтесь по WhatsApp +79952867503
1
09.2026

      
	
