1
For advertising or questions send us e-mail kogdanamaz@gmail.com 
31
6 8 -1 13 16 19 21
12 7 -1 50 37 31 29
6 8 -1 13 16 19 21
15 9 -1 50 35 28 25
6 8 -1 13 16 19 21
17 12 -1 50 33 25 22
6 8 -1 13 16 19 21
20 14 -1 49 30 22 19
6 8 -1 13 16 19 21
22 17 -1 49 28 19 16
6 8 -1 13 16 19 21
25 19 -1 49 26 16 12
6 8 -1 13 16 19 21
28 22 -1 48 24 13 9
6 8 -1 13 16 19 21
30 24 -1 48 21 10 6
6 8 -1 13 16 19 21
33 27 -1 48 19 7 3
6 8 -1 13 16 19 21
35 29 -1 48 17 4 0
6 8 -1 13 16 19 20
38 32 -1 47 15 1 57
6 8 -1 13 16 18 20
40 34 -1 47 12 58 54
6 8 -1 13 16 18 20
43 37 -1 47 10 55 51
6 8 -1 13 16 18 20
45 39 -1 47 8 52 48
6 8 -1 13 16 18 20
48 42 -1 46 6 49 45
6 8 -1 13 16 18 20
50 45 -1 46 3 46 42
6 8 -1 13 16 18 20
52 47 -1 46 1 43 40
6 8 -1 13 15 18 20
55 50 -1 46 59 40 37
6 8 -1 13 15 18 20
57 52 -1 46 57 37 34
7 8 -1 13 15 18 20
0 55 -1 45 54 34 31
7 8 -1 13 15 18 20
2 57 -1 45 52 31 29
7 9 -1 13 15 18 20
4 0 -1 45 50 28 26
7 9 -1 13 15 18 20
7 3 -1 45 48 25 23
7 9 -1 13 15 18 20
9 5 -1 45 46 22 21
7 9 -1 13 15 18 20
11 8 -1 45 44 20 18
7 9 -1 13 15 18 20
13 11 -1 45 42 17 16
7 9 -1 13 15 18 20
16 13 -1 45 40 14 13
7 9 -1 13 15 18 20
18 16 -1 45 37 11 11
7 9 -1 13 15 18 20
20 18 -1 44 35 8 9
7 9 -1 13 15 18 20
23 21 -1 44 33 6 6
7 9 -1 13 15 18 20
25 24 -1 44 31 3 4
31































1
По всем вопросам касающимся приложения обращайтесь по WhatsApp +79952867503
1
10.2026

      
	
