1
For advertising or questions send us e-mail kogdanamaz@gmail.com 
31
5 7 -1 12 16 18 20
37 7 -1 56 0 43 16
5 7 -1 12 15 18 20
38 9 -1 56 59 41 13
5 7 -1 12 15 18 20
40 11 -1 56 57 39 11
5 7 -1 12 15 18 20
42 12 -1 55 55 36 9
5 7 -1 12 15 18 20
44 14 -1 55 53 34 6
5 7 -1 12 15 18 20
45 16 -1 55 52 32 4
5 7 -1 12 15 18 20
47 17 -1 54 50 29 2
5 7 -1 12 15 18 19
49 19 -1 54 48 27 59
5 7 -1 12 15 18 19
50 21 -1 54 46 25 57
5 7 -1 12 15 18 19
52 23 -1 54 45 23 55
5 7 -1 12 15 18 19
54 24 -1 53 43 20 53
5 7 -1 12 15 18 19
56 26 -1 53 41 18 51
5 7 -1 12 15 18 19
57 28 -1 53 40 16 48
5 7 -1 12 15 18 19
59 29 -1 53 38 14 46
6 7 -1 12 15 18 19
1 31 -1 52 36 12 44
6 7 -1 12 15 18 19
2 33 -1 52 34 9 42
6 7 -1 12 15 18 19
4 35 -1 52 33 7 40
6 7 -1 12 15 18 19
6 36 -1 52 31 5 38
6 7 -1 12 15 18 19
7 38 -1 52 29 3 36
6 7 -1 12 15 18 19
9 40 -1 51 28 1 34
6 7 -1 12 15 17 19
10 42 -1 51 26 59 32
6 7 -1 12 15 17 19
12 44 -1 51 25 57 30
6 7 -1 12 15 17 19
14 45 -1 51 23 55 28
6 7 -1 12 15 17 19
15 47 -1 51 21 53 26
6 7 -1 12 15 17 19
17 49 -1 51 20 51 24
6 7 -1 12 15 17 19
19 51 -1 51 18 49 23
6 7 -1 12 15 17 19
19 51 -1 51 18 49 23
6 7 -1 12 15 17 19
22 54 -1 50 15 45 19
6 7 -1 12 15 17 19
23 56 -1 50 14 43 17
6 7 -1 12 15 17 19
25 58 -1 50 12 41 16
6 8 -1 12 15 17 19
27 0 -1 50 11 39 14
31































1
По всем вопросам касающимся приложения обращайтесь по WhatsApp +79952867503
1
10.2026

      
	
