1
For advertising or questions send us e-mail kogdanamaz@gmail.com 
31
4 5 -1 13 17 20 22
13 54 -1 19 22 43 26
4 5 -1 13 17 20 22
15 55 -1 19 21 42 24
4 5 -1 13 17 20 22
16 56 -1 19 20 40 22
4 5 -1 13 17 20 22
18 58 -1 19 20 39 20
4 5 -1 13 17 20 22
20 59 -1 19 19 37 18
4 6 -1 13 17 20 22
22 0 -1 19 19 36 16
4 6 -1 13 17 20 22
24 1 -1 19 18 34 14
4 6 -1 13 17 20 22
26 3 -1 19 17 33 12
4 6 -1 13 17 20 22
28 4 -1 18 17 31 9
4 6 -1 13 17 20 22
29 5 -1 18 16 30 7
4 6 -1 13 17 20 22
29 5 -1 18 16 30 7
4 6 -1 13 17 20 22
33 7 -1 18 14 27 3
4 6 -1 13 17 20 22
35 9 -1 18 14 25 1
4 6 -1 13 17 20 21
37 10 -1 18 13 23 59
4 6 -1 13 17 20 21
38 11 -1 17 12 22 57
4 6 -1 13 17 20 21
40 13 -1 17 11 20 54
4 6 -1 13 17 20 21
42 14 -1 17 10 18 52
4 6 -1 13 17 20 21
44 15 -1 17 9 17 50
4 6 -1 13 17 20 21
45 16 -1 17 8 15 48
4 6 -1 13 17 20 21
47 18 -1 16 7 13 46
4 6 -1 13 17 20 21
49 19 -1 16 6 11 43
4 6 -1 13 17 20 21
50 20 -1 16 5 10 41
4 6 -1 13 17 20 21
52 21 -1 16 5 8 39
4 6 -1 13 17 20 21
54 23 -1 15 3 6 37
4 6 -1 13 17 20 21
56 24 -1 15 2 4 34
4 6 -1 13 17 20 21
56 24 -1 15 2 4 34
4 6 -1 13 17 20 21
59 26 -1 14 0 1 30
5 6 -1 13 16 19 21
0 28 -1 14 59 59 28
5 6 -1 13 16 19 21
2 29 -1 14 58 57 26
5 6 -1 13 16 19 21
4 30 -1 14 57 55 23
5 6 -1 13 16 19 21
5 31 -1 13 56 53 21
31































1
По всем вопросам касающимся приложения обращайтесь по WhatsApp +79952867503
1
08.2026

      
	
