1
For advertising or questions send us e-mail kogdanamaz@gmail.com 
31
4 6 -1 11 16 17 19
40 1 -1 57 10 52 15
4 6 -1 11 16 17 19
41 2 -1 57 9 51 13
4 6 -1 11 16 17 19
42 3 -1 57 8 49 12
4 6 -1 11 16 17 19
42 3 -1 56 7 48 11
4 6 -1 11 16 17 19
43 4 -1 56 5 47 9
4 6 -1 11 16 17 19
44 5 -1 56 4 45 8
4 6 -1 11 16 17 19
45 6 -1 56 3 44 7
4 6 -1 11 16 17 19
45 6 -1 55 2 43 5
4 6 -1 11 16 17 19
46 7 -1 55 1 41 4
4 6 -1 11 16 17 19
47 8 -1 55 0 40 3
4 6 -1 11 15 17 19
48 9 -1 55 58 39 1
4 6 -1 11 15 17 19
48 9 -1 54 57 38 0
4 6 -1 11 15 17 18
49 10 -1 54 56 36 59
4 6 -1 11 15 17 18
50 11 -1 54 55 35 58
4 6 -1 11 15 17 18
50 12 -1 54 54 34 57
4 6 -1 11 15 17 18
51 13 -1 53 53 33 55
4 6 -1 11 15 17 18
52 13 -1 53 52 32 54
4 6 -1 11 15 17 18
53 14 -1 53 51 30 53
4 6 -1 11 15 17 18
53 15 -1 53 50 29 52
4 6 -1 11 15 17 18
54 16 -1 53 49 28 51
4 6 -1 11 15 17 18
55 17 -1 52 48 27 50
4 6 -1 11 15 17 18
56 17 -1 52 46 26 49
4 6 -1 11 15 17 18
56 18 -1 52 45 25 48
4 6 -1 11 15 17 18
57 19 -1 52 44 24 47
4 6 -1 11 15 17 18
58 20 -1 52 43 22 46
4 6 -1 11 15 17 18
59 21 -1 52 42 21 45
4 6 -1 11 15 17 18
59 22 -1 52 41 20 44
5 6 -1 11 15 17 18
0 22 -1 52 41 19 43
5 6 -1 11 15 17 18
1 23 -1 52 40 18 42
5 6 -1 11 15 17 18
2 24 -1 51 39 17 41
5 6 -1 11 15 17 18
2 25 -1 51 38 16 40
31































1
По всем вопросам касающимся приложения обращайтесь по WhatsApp +79952867503
1
10.2026

      
	
