1
For advertising or questions send us e-mail kogdanamaz@gmail.com 
30
5 6 -1 13 16 19 21
14 37 -1 15 56 51 16
5 6 -1 13 16 19 21
15 38 -1 14 55 49 14
5 6 -1 13 16 19 21
17 39 -1 14 54 48 12
5 6 -1 13 16 19 21
18 40 -1 14 53 46 10
5 6 -1 13 16 19 21
19 41 -1 14 52 44 8
5 6 -1 13 16 19 21
21 42 -1 13 51 42 5
5 6 -1 13 16 19 21
22 44 -1 13 50 40 3
5 6 -1 13 16 19 21
24 45 -1 12 48 38 1
5 6 -1 13 16 19 20
25 46 -1 12 47 37 59
5 6 -1 13 16 19 20
27 47 -1 12 46 35 57
5 6 -1 13 16 19 20
28 48 -1 11 45 33 55
5 6 -1 13 16 19 20
29 49 -1 11 43 31 53
5 6 -1 13 16 19 20
31 51 -1 11 42 29 51
5 6 -1 13 16 19 20
32 52 -1 10 41 27 49
5 6 -1 13 16 19 20
33 53 -1 10 40 25 47
5 6 -1 13 16 19 20
35 54 -1 10 38 23 45
5 6 -1 13 16 19 20
36 55 -1 9 37 21 43
5 6 -1 13 16 19 20
37 57 -1 9 36 20 41
5 6 -1 13 16 19 20
39 58 -1 9 35 18 38
5 6 -1 13 16 19 20
40 59 -1 8 33 16 36
5 7 -1 13 16 19 20
41 0 -1 8 32 14 34
5 7 -1 13 16 19 20
43 1 -1 8 31 12 32
5 7 -1 13 16 19 20
44 2 -1 7 29 10 30
5 7 -1 13 16 19 20
44 2 -1 7 29 10 30
5 7 -1 13 16 19 20
46 5 -1 6 27 6 26
5 7 -1 13 16 19 20
48 6 -1 6 25 4 25
5 7 -1 13 16 19 20
49 7 -1 6 24 3 23
5 7 -1 13 16 19 20
50 8 -1 5 22 1 21
5 7 -1 13 16 18 20
52 10 -1 5 21 59 19
5 7 -1 13 16 18 20
53 11 -1 5 20 57 17
30






























1
По всем вопросам касающимся приложения обращайтесь по WhatsApp +79952867503
1
09.2026

      
	
