1
For advertising or questions send us e-mail kogdanamaz@gmail.com 
31
3 6 -1 13 17 21 23
57 1 -1 38 45 13 16
4 6 -1 13 17 21 23
7 2 -1 38 44 12 8
4 6 -1 13 17 21 23
7 2 -1 38 44 12 8
4 6 -1 13 17 21 23
10 4 -1 38 44 10 6
4 6 -1 13 17 21 23
14 6 -1 37 42 7 1
4 6 -1 13 17 21 22
17 8 -1 37 41 5 58
4 6 -1 13 17 21 22
19 9 -1 37 41 3 55
4 6 -1 13 17 21 22
21 11 -1 37 40 2 53
4 6 -1 13 17 21 22
24 12 -1 37 39 0 50
4 6 -1 13 17 20 22
26 14 -1 37 38 58 48
4 6 -1 13 17 20 22
28 15 -1 37 37 56 45
4 6 -1 13 17 20 22
31 17 -1 37 36 54 42
4 6 -1 13 17 20 22
33 18 -1 36 35 53 40
4 6 -1 13 17 20 22
35 20 -1 36 34 51 37
4 6 -1 13 17 20 22
37 21 -1 36 33 49 35
4 6 -1 13 17 20 22
40 22 -1 36 32 47 32
4 6 -1 13 17 20 22
40 22 -1 36 32 47 32
4 6 -1 13 17 20 22
42 24 -1 36 31 45 29
4 6 -1 13 17 20 22
46 27 -1 35 29 41 24
4 6 -1 13 17 20 22
48 28 -1 35 28 39 21
4 6 -1 13 17 20 22
50 30 -1 35 27 37 19
4 6 -1 13 17 20 22
52 31 -1 34 26 35 16
4 6 -1 13 17 20 22
55 33 -1 34 25 33 14
4 6 -1 13 17 20 22
57 34 -1 34 24 31 11
4 6 -1 13 17 20 22
59 36 -1 34 22 29 8
5 6 -1 13 17 20 22
1 37 -1 33 21 27 6
5 6 -1 13 17 20 22
3 39 -1 33 20 25 3
5 6 -1 13 17 20 22
5 40 -1 33 19 23 1
5 6 -1 13 17 20 21
7 42 -1 32 18 21 58
5 6 -1 13 17 20 21
9 43 -1 32 16 19 55
5 6 -1 13 17 20 21
11 45 -1 32 15 17 53
31































1
По всем вопросам касающимся приложения обращайтесь по WhatsApp +79952867503
1
08.2026

      
	
