1
For advertising or questions send us e-mail kogdanamaz@gmail.com 
30
5 6 -1 13 17 20 22
0 43 -1 34 16 23 8
5 6 -1 13 17 20 22
2 45 -1 34 15 20 5
5 6 -1 13 17 20 22
4 46 -1 33 13 18 2
5 6 -1 13 17 20 21
7 48 -1 33 11 15 59
5 6 -1 13 17 20 21
9 50 -1 33 10 13 56
5 6 -1 13 17 20 21
11 52 -1 32 8 11 53
5 6 -1 13 17 20 21
13 53 -1 32 7 8 50
5 6 -1 13 17 20 21
16 55 -1 32 5 6 48
5 6 -1 13 17 20 21
18 57 -1 31 4 3 45
5 6 -1 13 17 20 21
20 59 -1 31 2 1 42
5 7 -1 13 17 19 21
22 0 -1 30 0 59 39
5 7 -1 13 16 19 21
24 2 -1 30 59 56 36
5 7 -1 13 16 19 21
24 2 -1 30 59 56 36
5 7 -1 13 16 19 21
28 6 -1 29 55 51 30
5 7 -1 13 16 19 21
30 7 -1 29 54 49 28
5 7 -1 13 16 19 21
33 9 -1 29 52 46 25
5 7 -1 13 16 19 21
35 11 -1 28 50 44 22
5 7 -1 13 16 19 21
37 12 -1 28 49 41 19
5 7 -1 13 16 19 21
39 14 -1 28 47 39 17
5 7 -1 13 16 19 21
41 16 -1 27 45 37 14
5 7 -1 13 16 19 21
43 18 -1 27 43 34 11
5 7 -1 13 16 19 21
45 19 -1 27 42 32 9
5 7 -1 13 16 19 21
47 21 -1 26 40 29 6
5 7 -1 13 16 19 21
48 23 -1 26 38 27 3
5 7 -1 13 16 19 21
50 25 -1 26 36 24 1
5 7 -1 13 16 19 20
52 26 -1 25 34 22 58
5 7 -1 13 16 19 20
54 28 -1 25 33 19 55
5 7 -1 13 16 19 20
54 28 -1 25 33 19 55
5 7 -1 13 16 19 20
58 32 -1 24 29 15 50
6 7 -1 13 16 19 20
0 34 -1 24 27 12 48
30






























1
По всем вопросам касающимся приложения обращайтесь по WhatsApp +79952867503
1
09.2026

      
	
