1
For advertising or questions send us e-mail kogdanamaz@gmail.com 
30
4 6 -1 13 16 19 21
57 29 -1 13 55 55 29
4 6 -1 13 16 19 21
58 30 -1 12 54 53 27
5 6 -1 13 16 19 21
0 32 -1 12 52 51 24
5 6 -1 13 16 19 21
2 33 -1 12 51 49 22
5 6 -1 13 16 19 21
4 34 -1 11 50 47 19
5 6 -1 13 16 19 21
6 36 -1 11 48 45 17
5 6 -1 13 16 19 21
7 37 -1 11 47 42 14
5 6 -1 13 16 19 21
9 39 -1 10 46 40 12
5 6 -1 13 16 19 21
11 40 -1 10 44 38 9
5 6 -1 13 16 19 21
13 42 -1 10 43 36 7
5 6 -1 13 16 19 21
15 43 -1 9 41 34 4
5 6 -1 13 16 19 21
16 45 -1 9 40 32 2
5 6 -1 13 16 19 20
18 46 -1 9 38 30 59
5 6 -1 13 16 19 20
20 47 -1 8 37 27 57
5 6 -1 13 16 19 20
21 49 -1 8 35 25 55
5 6 -1 13 16 19 20
23 50 -1 8 34 23 52
5 6 -1 13 16 19 20
25 52 -1 7 32 21 50
5 6 -1 13 16 19 20
26 53 -1 7 31 19 48
5 6 -1 13 16 19 20
28 55 -1 7 29 17 45
5 6 -1 13 16 19 20
30 56 -1 6 28 14 43
5 6 -1 13 16 19 20
31 58 -1 6 26 12 40
5 6 -1 13 16 19 20
33 59 -1 6 25 10 38
5 7 -1 13 16 19 20
34 0 -1 5 23 8 36
5 7 -1 13 16 19 20
36 2 -1 5 22 6 34
5 7 -1 13 16 19 20
38 3 -1 4 20 4 31
5 7 -1 13 16 19 20
39 5 -1 4 19 2 29
5 7 -1 13 16 18 20
41 6 -1 4 17 59 27
5 7 -1 13 16 18 20
42 8 -1 3 15 57 25
5 7 -1 13 16 18 20
44 9 -1 3 14 55 22
5 7 -1 13 16 18 20
46 11 -1 3 12 53 20
30






























1
По всем вопросам касающимся приложения обращайтесь по WhatsApp +79952867503
1
09.2026

      
	
