1
For advertising or questions send us e-mail kogdanamaz@gmail.com 
31
4 6 -1 13 17 20 22
29 7 -1 30 31 51 32
4 6 -1 13 17 20 22
30 8 -1 30 31 50 30
4 6 -1 13 17 20 22
32 10 -1 30 30 49 28
4 6 -1 13 17 20 22
34 11 -1 30 30 47 26
4 6 -1 13 17 20 22
36 12 -1 30 29 46 24
4 6 -1 13 17 20 22
37 13 -1 30 28 45 22
4 6 -1 13 17 20 22
39 14 -1 30 28 43 20
4 6 -1 13 17 20 22
41 15 -1 29 27 42 18
4 6 -1 13 17 20 22
43 17 -1 29 27 40 16
4 6 -1 13 17 20 22
44 18 -1 29 26 39 14
4 6 -1 13 17 20 22
44 18 -1 29 26 39 14
4 6 -1 13 17 20 22
48 20 -1 29 24 36 10
4 6 -1 13 17 20 22
50 22 -1 29 24 34 8
4 6 -1 13 17 20 22
51 23 -1 28 23 32 6
4 6 -1 13 17 20 22
53 24 -1 28 22 31 4
4 6 -1 13 17 20 22
55 25 -1 28 21 29 2
4 6 -1 13 17 20 21
56 26 -1 28 20 28 59
4 6 -1 13 17 20 21
58 28 -1 28 20 26 57
5 6 -1 13 17 20 21
0 29 -1 27 19 24 55
5 6 -1 13 17 20 21
1 30 -1 27 18 23 53
5 6 -1 13 17 20 21
3 31 -1 27 17 21 51
5 6 -1 13 17 20 21
5 32 -1 27 16 19 49
5 6 -1 13 17 20 21
6 34 -1 26 15 17 47
5 6 -1 13 17 20 21
8 35 -1 26 14 16 45
5 6 -1 13 17 20 21
9 36 -1 26 13 14 42
5 6 -1 13 17 20 21
9 36 -1 26 13 14 42
5 6 -1 13 17 20 21
13 39 -1 25 11 10 38
5 6 -1 13 17 20 21
14 40 -1 25 10 8 36
5 6 -1 13 17 20 21
16 41 -1 25 9 7 34
5 6 -1 13 17 20 21
17 42 -1 24 8 5 32
5 6 -1 13 17 20 21
19 43 -1 24 7 3 29
31































1
По всем вопросам касающимся приложения обращайтесь по WhatsApp +79952867503
1
08.2026

      
	
