1
For advertising or questions send us e-mail kogdanamaz@gmail.com 
30
4 6 -1 13 17 20 23
10 26 -1 38 18 47 2
4 6 -1 13 17 20 23
11 29 -1 38 16 44 0
4 6 -1 13 17 20 22
13 31 -1 37 14 40 58
4 6 -1 13 17 20 23
8 34 -1 37 12 37 6
4 6 -1 13 17 20 23
13 37 -1 37 10 34 1
4 6 -1 13 17 20 22
17 39 -1 36 8 30 55
4 6 -1 13 17 20 22
21 42 -1 36 5 27 51
4 6 -1 13 17 20 22
25 45 -1 36 3 24 46
4 6 -1 13 17 20 22
29 47 -1 35 1 20 41
4 6 -1 13 16 20 22
33 50 -1 35 59 17 36
4 6 -1 13 16 20 22
37 53 -1 34 57 14 32
4 6 -1 13 16 20 22
41 55 -1 34 55 10 27
4 6 -1 13 16 20 22
41 55 -1 34 55 10 27
4 7 -1 13 16 20 22
48 0 -1 33 50 4 18
4 7 -1 13 16 20 22
52 3 -1 33 48 0 14
4 7 -1 13 16 19 22
56 6 -1 33 46 57 10
4 7 -1 13 16 19 22
59 8 -1 32 43 54 6
5 7 -1 13 16 19 22
3 11 -1 32 41 50 1
5 7 -1 13 16 19 21
6 14 -1 32 39 47 57
5 7 -1 13 16 19 21
9 16 -1 31 36 44 53
5 7 -1 13 16 19 21
13 19 -1 31 34 40 49
5 7 -1 13 16 19 21
16 22 -1 31 32 37 45
5 7 -1 13 16 19 21
19 24 -1 30 29 34 41
5 7 -1 13 16 19 21
22 27 -1 30 27 30 38
5 7 -1 13 16 19 21
25 29 -1 30 25 27 34
5 7 -1 13 16 19 21
28 32 -1 29 22 24 30
5 7 -1 13 16 19 21
31 35 -1 29 20 20 26
5 7 -1 13 16 19 21
31 35 -1 29 20 20 26
5 7 -1 13 16 19 21
38 40 -1 28 15 14 19
5 7 -1 13 16 19 21
41 43 -1 28 13 10 15
30






























1
По всем вопросам касающимся приложения обращайтесь по WhatsApp +79952867503
1
09.2026

      
	
