1
For advertising or questions send us e-mail kogdanamaz@gmail.com 
31
2 3 -1 12 17 21 23
18 45 -1 41 7 34 0
2 3 -1 12 17 21 22
19 48 -1 41 6 30 58
2 3 -1 12 17 21 22
21 51 -1 41 5 27 56
2 3 -1 12 17 21 22
23 54 -1 41 3 24 54
2 3 -1 12 17 21 22
24 57 -1 41 2 20 53
2 4 -1 12 17 21 22
26 0 -1 40 0 17 51
2 4 -1 12 16 21 22
27 3 -1 40 59 14 49
2 4 -1 12 16 21 22
29 7 -1 40 58 11 47
2 4 -1 12 16 21 22
30 10 -1 40 56 7 45
2 4 -1 12 16 21 22
32 13 -1 40 55 4 44
2 4 -1 12 16 21 22
34 16 -1 40 53 0 42
2 4 -1 12 16 20 22
35 19 -1 40 52 57 40
2 4 -1 12 16 20 22
37 22 -1 39 50 54 38
2 4 -1 12 16 20 22
38 25 -1 39 48 50 36
2 4 -1 12 16 20 22
40 28 -1 39 47 47 34
2 4 -1 12 16 20 22
41 31 -1 39 45 43 32
2 4 -1 12 16 20 22
43 34 -1 39 43 40 30
2 4 -1 12 16 20 22
44 37 -1 38 41 37 28
2 4 -1 12 16 20 22
46 40 -1 38 40 33 26
2 4 -1 12 16 20 22
47 43 -1 38 38 30 25
2 4 -1 12 16 20 22
49 46 -1 38 36 26 23
2 4 -1 12 16 20 22
50 49 -1 37 34 23 21
2 4 -1 12 16 20 22
52 52 -1 37 32 19 19
2 4 -1 12 16 20 22
53 55 -1 37 30 16 17
2 4 -1 12 16 20 22
54 58 -1 37 28 12 15
2 5 -1 12 16 20 22
56 1 -1 36 26 9 13
2 5 -1 12 16 20 22
57 3 -1 36 24 5 11
2 5 -1 12 16 20 22
59 6 -1 36 22 2 9
3 5 -1 12 16 19 22
0 9 -1 35 20 59 7
3 5 -1 12 16 19 22
1 12 -1 35 18 55 5
3 5 -1 12 16 19 22
3 15 -1 35 16 52 3
31































1
По всем вопросам касающимся приложения обращайтесь по WhatsApp +79952867503
1
08.2026

      
	
