1
For advertising or questions send us e-mail kogdanamaz@gmail.com 
30
4 6 -1 12 17 19 20
40 4 -1 50 29 28 53
4 6 -1 12 17 19 20
41 6 -1 49 28 26 51
4 6 -1 12 17 19 20
43 7 -1 49 26 25 48
4 6 -1 12 17 19 20
44 8 -1 49 25 23 46
4 6 -1 12 17 19 20
46 9 -1 48 23 21 44
4 6 -1 12 17 19 20
47 11 -1 48 22 19 42
4 6 -1 12 17 19 20
49 12 -1 48 20 17 40
4 6 -1 12 17 19 20
51 13 -1 47 19 15 37
4 6 -1 12 17 19 20
52 14 -1 47 17 13 35
4 6 -1 12 17 19 20
54 16 -1 47 16 11 33
4 6 -1 12 17 19 20
55 17 -1 46 14 9 31
4 6 -1 12 17 19 20
56 18 -1 46 12 7 29
4 6 -1 12 17 19 20
58 19 -1 46 11 5 26
4 6 -1 12 17 19 20
59 21 -1 45 9 3 24
5 6 -1 12 17 19 20
1 22 -1 45 8 1 22
5 6 -1 12 17 18 20
2 23 -1 45 6 59 20
5 6 -1 12 17 18 20
4 24 -1 44 4 57 18
5 6 -1 12 17 18 20
5 26 -1 44 3 55 16
5 6 -1 12 17 18 20
7 27 -1 44 1 53 14
5 6 -1 12 16 18 20
8 28 -1 43 59 52 11
5 6 -1 12 16 18 20
9 29 -1 43 58 50 9
5 6 -1 12 16 18 20
11 31 -1 42 56 48 7
5 6 -1 12 16 18 20
12 32 -1 42 54 46 5
5 6 -1 12 16 18 20
13 33 -1 42 53 44 3
5 6 -1 12 16 18 20
15 34 -1 41 51 42 1
5 6 -1 12 16 18 19
16 36 -1 41 49 40 59
5 6 -1 12 16 18 19
18 37 -1 41 48 38 57
5 6 -1 12 16 18 19
19 38 -1 40 46 36 55
5 6 -1 12 16 18 19
20 39 -1 40 44 34 53
5 6 -1 12 16 18 19
22 41 -1 40 43 32 51
30






























1
По всем вопросам касающимся приложения обращайтесь по WhatsApp +79952867503
1
09.2026

      
	
