1
For advertising or questions send us e-mail kogdanamaz@gmail.com 
30
3 4 -1 12 16 18 20
7 47 -1 15 32 51 21
3 4 -1 12 16 18 20
9 49 -1 15 31 50 20
3 4 -1 12 16 18 20
11 51 -1 15 30 49 19
3 4 -1 12 16 18 20
13 53 -1 15 28 47 17
3 4 -1 12 16 18 20
15 55 -1 15 26 45 15
3 4 -1 12 16 18 20
17 57 -1 15 25 44 14
3 4 -1 12 16 18 20
19 59 -1 15 24 42 12
3 5 -1 12 16 18 20
22 2 -1 15 22 40 10
3 5 -1 12 16 18 20
23 3 -1 15 20 38 8
3 5 -1 12 16 18 20
25 5 -1 15 18 36 6
3 5 -1 12 16 18 20
27 7 -1 15 15 34 4
3 5 -1 12 16 18 20
29 9 -1 15 13 32 2
3 5 -1 12 16 18 20
31 11 -1 15 10 30 0
3 5 -1 12 16 18 19
33 13 -1 15 8 28 58
3 5 -1 12 16 18 19
35 15 -1 15 7 26 56
3 5 -1 12 16 18 19
37 17 -1 15 5 24 54
3 5 -1 12 16 18 19
39 19 -1 15 3 22 52
3 5 -1 12 16 18 19
40 20 -1 15 1 20 50
3 5 -1 12 16 18 19
42 22 -1 15 0 18 48
3 5 -1 12 16 18 19
44 24 -1 15 58 16 46
3 5 -1 12 16 18 19
46 26 -1 15 56 14 44
3 5 -1 12 16 18 19
48 28 -1 15 54 12 42
3 5 -1 12 16 18 19
50 30 -1 15 54 10 40
3 5 -1 12 16 18 19
52 32 -1 15 53 8 38
3 5 -1 12 16 18 19
54 34 -1 15 52 6 36
3 5 -1 12 16 18 19
56 36 -1 15 50 4 34
3 5 -1 12 16 18 19
58 38 -1 15 48 2 32
4 5 -1 12 16 18 19
0 40 -1 15 46 0 30
4 5 -1 12 16 17 19
2 42 -1 15 44 58 28
4 5 -1 12 16 17 19
4 44 -1 15 43 56 26
30






























1
По всем вопросам касающимся приложения обращайтесь по WhatsApp +79952867503
1
09.2026

      
	
