1
For advertising or questions send us e-mail kogdanamaz@gmail.com 
30
4 6 -1 11 15 17 18
51 3 -1 56 18 49 58
4 6 -1 11 15 17 18
50 2 -1 56 18 49 58
4 6 -1 11 15 17 18
49 1 -1 56 17 50 58
4 6 -1 11 15 17 18
49 0 -1 55 17 50 58
4 6 -1 11 15 17 18
48 0 -1 55 17 50 58
4 5 -1 11 15 17 18
47 59 -1 55 17 50 58
4 5 -1 11 15 17 18
46 58 -1 54 17 50 59
4 5 -1 11 15 17 18
45 57 -1 54 16 50 59
4 5 -1 11 15 17 18
45 56 -1 54 16 51 59
4 5 -1 11 15 17 18
44 55 -1 53 16 51 59
4 5 -1 11 15 17 18
43 55 -1 53 16 51 59
4 5 -1 11 15 17 18
42 54 -1 53 15 51 59
4 5 -1 11 15 17 18
41 53 -1 52 15 51 59
4 5 -1 11 15 17 18
40 52 -1 52 15 51 59
4 5 -1 11 15 17 19
40 51 -1 52 14 51 0
4 5 -1 11 15 17 19
39 50 -1 51 14 51 0
4 5 -1 11 15 17 19
38 50 -1 51 14 52 0
4 5 -1 11 15 17 19
37 49 -1 51 13 52 0
4 5 -1 11 15 17 19
36 48 -1 50 13 52 0
4 5 -1 11 15 17 19
35 47 -1 50 13 52 0
4 5 -1 11 15 17 19
34 46 -1 50 12 52 0
4 5 -1 11 15 17 19
33 45 -1 49 12 52 1
4 5 -1 11 15 17 19
33 44 -1 49 11 53 1
4 5 -1 11 15 17 19
32 44 -1 48 11 53 1
4 5 -1 11 15 17 19
31 43 -1 48 11 53 1
4 5 -1 11 15 17 19
30 42 -1 48 10 53 1
4 5 -1 11 15 17 19
29 41 -1 47 10 53 2
4 5 -1 11 15 17 19
28 40 -1 47 9 53 2
4 5 -1 11 15 17 19
27 39 -1 47 9 53 2
4 5 -1 11 15 17 19
26 38 -1 46 9 54 2
30






























1
По всем вопросам касающимся приложения обращайтесь по WhatsApp +79952867503
1
09.2026

      
	
