1
For advertising or questions send us e-mail kogdanamaz@gmail.com 
30
5 6 -1 12 15 17 19
1 14 -1 6 27 58 7
5 6 -1 12 15 17 19
0 13 -1 6 27 58 7
4 6 -1 12 15 17 19
59 12 -1 6 27 58 8
4 6 -1 12 15 17 19
59 11 -1 5 27 58 8
4 6 -1 12 15 17 19
58 11 -1 5 27 59 8
4 6 -1 12 15 17 19
57 10 -1 5 27 59 8
4 6 -1 12 15 17 19
56 9 -1 4 27 59 8
4 6 -1 12 15 17 19
55 8 -1 4 26 59 8
4 6 -1 12 15 17 19
54 7 -1 4 26 59 9
4 6 -1 12 15 18 19
53 6 -1 3 26 0 9
4 6 -1 12 15 18 19
52 5 -1 3 26 0 9
4 6 -1 12 15 18 19
52 4 -1 3 26 0 9
4 6 -1 12 15 18 19
51 3 -1 2 25 0 9
4 6 -1 12 15 18 19
50 2 -1 2 25 0 10
4 6 -1 12 15 18 19
49 1 -1 1 25 1 10
4 6 -1 12 15 18 19
48 1 -1 1 25 1 10
4 6 -1 12 15 18 19
47 0 -1 1 24 1 10
4 5 -1 12 15 18 19
46 59 -1 0 24 1 10
4 5 -1 12 15 18 19
45 58 -1 0 24 2 11
4 5 -1 12 15 18 19
44 57 -1 0 24 2 11
4 5 -1 11 15 18 19
43 56 -1 59 23 2 11
4 5 -1 11 15 18 19
42 55 -1 59 23 2 11
4 5 -1 11 15 18 19
41 54 -1 59 23 2 12
4 5 -1 11 15 18 19
40 53 -1 58 22 3 12
4 5 -1 11 15 18 19
39 52 -1 58 22 3 12
4 5 -1 11 15 18 19
38 51 -1 58 22 3 12
4 5 -1 11 15 18 19
37 50 -1 57 21 3 13
4 5 -1 11 15 18 19
36 50 -1 57 21 4 13
4 5 -1 11 15 18 19
35 49 -1 57 21 4 13
4 5 -1 11 15 18 19
34 48 -1 56 20 4 14
30






























1
По всем вопросам касающимся приложения обращайтесь по WhatsApp +79952867503
1
09.2026

      
	
