1
For advertising or questions send us e-mail kogdanamaz@gmail.com 
31
4 5 -1 11 15 17 18
18 31 -1 40 3 48 57
4 5 -1 11 15 17 18
17 30 -1 39 2 48 57
4 5 -1 11 15 17 18
16 29 -1 39 2 48 57
4 5 -1 11 15 17 18
15 28 -1 39 2 48 58
4 5 -1 11 15 17 18
14 27 -1 38 1 48 58
4 5 -1 11 15 17 18
14 27 -1 38 1 49 58
4 5 -1 11 15 17 18
13 26 -1 38 0 49 59
4 5 -1 11 15 17 18
12 25 -1 37 0 49 59
4 5 -1 11 14 17 18
11 24 -1 37 59 49 59
4 5 -1 11 14 17 19
10 23 -1 37 59 50 0
4 5 -1 11 14 17 19
9 23 -1 37 59 50 0
4 5 -1 11 14 17 19
8 22 -1 36 58 50 0
4 5 -1 11 14 17 19
7 21 -1 36 58 51 1
4 5 -1 11 14 17 19
6 20 -1 36 57 51 1
4 5 -1 11 14 17 19
5 19 -1 36 57 51 1
4 5 -1 11 14 17 19
5 19 -1 35 56 51 2
4 5 -1 11 14 17 19
4 18 -1 35 56 52 2
4 5 -1 11 14 17 19
3 17 -1 35 56 52 3
4 5 -1 11 14 17 19
2 17 -1 35 55 52 3
4 5 -1 11 14 17 19
1 16 -1 35 55 53 4
4 5 -1 11 14 17 19
0 15 -1 34 54 53 4
4 5 -1 11 14 17 19
0 14 -1 34 54 53 5
3 5 -1 11 14 17 19
59 14 -1 34 53 54 5
3 5 -1 11 14 17 19
58 13 -1 34 53 54 6
3 5 -1 11 14 17 19
57 13 -1 34 53 55 6
3 5 -1 11 14 17 19
57 12 -1 34 52 55 7
3 5 -1 11 14 17 19
56 11 -1 34 52 55 7
3 5 -1 11 14 17 19
55 11 -1 34 51 56 8
3 5 -1 11 14 17 19
54 10 -1 34 51 56 8
3 5 -1 11 14 17 19
54 10 -1 34 51 57 9
3 5 -1 11 14 17 19
53 9 -1 33 50 57 9
31































1
По всем вопросам касающимся приложения обращайтесь по WhatsApp +79952867503
1
10.2026

      
	