1
For advertising or questions send us e-mail kogdanamaz@gmail.com 
30
5 6 -1 12 15 18 19
10 21 -1 35 50 47 55
5 6 -1 12 15 18 19
10 21 -1 34 50 46 54
5 6 -1 12 15 18 19
10 21 -1 34 50 45 53
5 6 -1 12 15 18 19
11 22 -1 34 50 44 52
5 6 -1 12 15 18 19
11 22 -1 33 50 44 52
5 6 -1 12 15 18 19
11 22 -1 33 50 43 51
5 6 -1 12 15 18 19
11 22 -1 33 50 42 50
5 6 -1 12 15 18 19
11 22 -1 32 50 41 49
5 6 -1 12 15 18 19
11 22 -1 32 50 41 48
5 6 -1 12 15 18 19
11 22 -1 32 50 40 47
5 6 -1 12 15 18 19
12 22 -1 31 50 39 47
5 6 -1 12 15 18 19
12 22 -1 31 49 38 46
5 6 -1 12 15 18 19
12 22 -1 30 49 38 45
5 6 -1 12 15 18 19
12 22 -1 30 49 37 44
5 6 -1 12 15 18 19
12 22 -1 30 49 36 43
5 6 -1 12 15 18 19
12 22 -1 29 49 35 43
5 6 -1 12 15 18 19
12 22 -1 29 49 35 42
5 6 -1 12 15 18 19
12 22 -1 29 49 34 41
5 6 -1 12 15 18 19
12 22 -1 28 48 33 40
5 6 -1 12 15 18 19
12 22 -1 28 48 32 39
5 6 -1 12 15 18 19
13 23 -1 28 48 32 39
5 6 -1 12 15 18 19
13 23 -1 27 48 31 38
5 6 -1 12 15 18 19
13 23 -1 27 48 30 37
5 6 -1 12 15 18 19
13 23 -1 27 47 29 36
5 6 -1 12 15 18 19
13 23 -1 26 47 28 35
5 6 -1 12 15 18 19
13 23 -1 26 47 28 35
5 6 -1 12 15 18 19
13 23 -1 26 47 27 34
5 6 -1 12 15 18 19
13 23 -1 25 46 26 33
5 6 -1 12 15 18 19
13 23 -1 25 46 25 32
5 6 -1 12 15 18 19
13 23 -1 25 46 25 32
30






























1
По всем вопросам касающимся приложения обращайтесь по WhatsApp +79952867503
1
09.2026

      
	
