1
For advertising or questions send us e-mail kogdanamaz@gmail.com 
30
4 5 -1 11 15 17 18
39 49 -1 45 7 41 48
4 5 -1 11 15 17 18
38 49 -1 45 6 41 48
4 5 -1 11 15 17 18
38 48 -1 45 6 41 48
4 5 -1 11 15 17 18
37 47 -1 44 6 41 48
4 5 -1 11 15 17 18
36 47 -1 44 5 41 48
4 5 -1 11 15 17 18
36 46 -1 44 5 41 48
4 5 -1 11 15 17 18
35 45 -1 43 5 41 48
4 5 -1 11 15 17 18
34 44 -1 43 4 41 48
4 5 -1 11 15 17 18
34 44 -1 43 4 41 48
4 5 -1 11 15 17 18
33 43 -1 42 3 41 48
4 5 -1 11 15 17 18
32 42 -1 42 3 41 48
4 5 -1 11 15 17 18
31 42 -1 42 3 41 48
4 5 -1 11 15 17 18
31 41 -1 41 2 41 48
4 5 -1 11 15 17 18
30 40 -1 41 2 41 48
4 5 -1 11 15 17 18
29 39 -1 41 1 41 48
4 5 -1 11 15 17 18
28 39 -1 40 1 41 48
4 5 -1 11 15 17 18
28 38 -1 40 0 41 48
4 5 -1 11 15 17 18
27 37 -1 40 0 41 48
4 5 -1 11 14 17 18
26 36 -1 39 59 41 48
4 5 -1 11 14 17 18
25 36 -1 39 59 41 48
4 5 -1 11 14 17 18
25 35 -1 39 58 41 48
4 5 -1 11 14 17 18
24 34 -1 38 58 41 48
4 5 -1 11 14 17 18
23 33 -1 38 57 41 48
4 5 -1 11 14 17 18
22 33 -1 37 57 41 48
4 5 -1 11 14 17 18
22 32 -1 37 56 41 48
4 5 -1 11 14 17 18
21 31 -1 37 56 41 48
4 5 -1 11 14 17 18
20 31 -1 36 55 42 49
4 5 -1 11 14 17 18
19 30 -1 36 55 42 49
4 5 -1 11 14 17 18
19 29 -1 36 54 42 49
4 5 -1 11 14 17 18
18 28 -1 35 53 42 49
30






























1
По всем вопросам касающимся приложения обращайтесь по WhatsApp +79952867503
1
09.2026

      
	
