1
For advertising or questions send us e-mail kogdanamaz@gmail.com 
30
4 5 -1 11 15 17 18
34 46 -1 41 2 35 42
4 5 -1 11 15 17 18
34 45 -1 40 2 35 43
4 5 -1 11 15 17 18
33 44 -1 40 1 35 43
4 5 -1 11 15 17 18
32 43 -1 40 1 35 43
4 5 -1 11 15 17 18
32 43 -1 39 1 35 43
4 5 -1 11 15 17 18
31 42 -1 39 1 35 43
4 5 -1 11 15 17 18
30 41 -1 39 0 35 43
4 5 -1 11 15 17 18
29 40 -1 38 0 35 43
4 5 -1 11 15 17 18
29 40 -1 38 0 35 43
4 5 -1 11 14 17 18
28 39 -1 38 59 35 43
4 5 -1 11 14 17 18
27 38 -1 37 59 36 43
4 5 -1 11 14 17 18
26 37 -1 37 59 36 43
4 5 -1 11 14 17 18
26 36 -1 36 58 36 43
4 5 -1 11 14 17 18
25 36 -1 36 58 36 43
4 5 -1 11 14 17 18
24 35 -1 36 57 36 43
4 5 -1 11 14 17 18
23 34 -1 35 57 36 43
4 5 -1 11 14 17 18
22 33 -1 35 57 36 43
4 5 -1 11 14 17 18
22 33 -1 35 56 36 44
4 5 -1 11 14 17 18
21 32 -1 34 56 36 44
4 5 -1 11 14 17 18
20 31 -1 34 55 36 44
4 5 -1 11 14 17 18
19 30 -1 34 55 36 44
4 5 -1 11 14 17 18
18 29 -1 33 54 36 44
4 5 -1 11 14 17 18
18 29 -1 33 54 37 44
4 5 -1 11 14 17 18
17 28 -1 33 54 37 44
4 5 -1 11 14 17 18
16 27 -1 32 53 37 44
4 5 -1 11 14 17 18
15 26 -1 32 53 37 44
4 5 -1 11 14 17 18
14 25 -1 32 52 37 45
4 5 -1 11 14 17 18
14 25 -1 31 52 37 45
4 5 -1 11 14 17 18
13 24 -1 31 51 37 45
4 5 -1 11 14 17 18
12 23 -1 31 51 37 45
30






























1
По всем вопросам касающимся приложения обращайтесь по WhatsApp +79952867503
1
09.2026

      
	
