1
For advertising or questions send us e-mail kogdanamaz@gmail.com 
30
5 6 -1 12 15 17 19
6 25 -1 11 28 56 11
5 6 -1 12 15 17 19
5 24 -1 10 28 57 11
5 6 -1 12 15 17 19
4 22 -1 10 29 57 12
5 6 -1 12 15 17 19
3 21 -1 10 29 58 12
5 6 -1 12 15 17 19
1 20 -1 9 29 58 13
5 6 -1 12 15 17 19
0 19 -1 9 29 59 13
4 6 -1 12 15 17 19
59 18 -1 9 29 59 14
4 6 -1 12 15 18 19
58 16 -1 8 29 0 14
4 6 -1 12 15 18 19
57 15 -1 8 29 0 15
4 6 -1 12 15 18 19
55 14 -1 8 30 1 15
4 6 -1 12 15 18 19
54 13 -1 7 30 1 16
4 6 -1 12 15 18 19
53 12 -1 7 30 2 16
4 6 -1 12 15 18 19
52 10 -1 7 30 2 17
4 6 -1 12 15 18 19
51 9 -1 6 30 3 17
4 6 -1 12 15 18 19
49 8 -1 6 30 3 18
4 6 -1 12 15 18 19
48 7 -1 5 30 4 18
4 6 -1 12 15 18 19
47 6 -1 5 30 4 19
4 6 -1 12 15 18 19
46 4 -1 5 30 5 19
4 6 -1 12 15 18 19
44 3 -1 4 30 5 20
4 6 -1 12 15 18 19
43 2 -1 4 30 6 20
4 6 -1 12 15 18 19
42 1 -1 4 30 6 21
4 5 -1 12 15 18 19
40 59 -1 3 30 7 22
4 5 -1 12 15 18 19
39 58 -1 3 30 7 22
4 5 -1 12 15 18 19
38 57 -1 3 30 8 23
4 5 -1 12 15 18 19
37 56 -1 2 31 8 23
4 5 -1 12 15 18 19
35 55 -1 2 31 9 24
4 5 -1 12 15 18 19
34 53 -1 2 31 9 25
4 5 -1 12 15 18 19
33 52 -1 1 31 10 25
4 5 -1 12 15 18 19
31 51 -1 1 31 10 26
4 5 -1 12 15 18 19
30 50 -1 1 31 11 26
30






























1
По всем вопросам касающимся приложения обращайтесь по WhatsApp +79952867503
1
09.2026

      
	
