1
For advertising or questions send us e-mail kogdanamaz@gmail.com 
30
4 6 -1 11 15 17 18
47 2 -1 52 13 42 53
4 6 -1 11 15 17 18
46 1 -1 52 13 42 53
4 6 -1 11 15 17 18
46 0 -1 52 13 43 53
4 5 -1 11 15 17 18
45 59 -1 51 13 43 54
4 5 -1 11 15 17 18
44 58 -1 51 13 43 54
4 5 -1 11 15 17 18
43 57 -1 51 13 44 54
5 6 -1 12 16 18 19
42 56 -1 50 13 44 54
5 6 -1 12 16 18 19
41 55 -1 50 12 44 55
5 6 -1 12 16 18 19
40 54 -1 50 12 44 55
5 6 -1 12 16 18 19
39 53 -1 49 12 45 55
5 6 -1 12 16 18 19
38 52 -1 49 12 45 55
5 6 -1 12 16 18 19
37 51 -1 48 12 45 56
5 6 -1 12 16 18 19
36 50 -1 48 12 46 56
5 6 -1 12 16 18 19
35 49 -1 48 12 46 56
5 6 -1 12 16 18 19
34 48 -1 47 12 46 56
5 6 -1 12 16 18 19
33 47 -1 47 11 46 57
5 6 -1 12 16 18 19
32 46 -1 47 11 47 57
5 6 -1 12 16 18 19
31 45 -1 46 11 47 57
5 6 -1 12 16 18 19
30 44 -1 46 11 47 58
5 6 -1 12 16 18 19
29 43 -1 46 11 48 58
5 6 -1 12 16 18 19
28 42 -1 45 10 48 58
5 6 -1 12 16 18 19
27 41 -1 45 10 48 59
5 6 -1 12 16 18 19
26 40 -1 45 10 48 59
5 6 -1 12 16 18 19
25 39 -1 44 10 49 59
5 6 -1 12 16 18 20
24 38 -1 44 10 49 0
5 6 -1 12 16 18 20
23 37 -1 44 9 49 0
5 6 -1 12 16 18 20
22 36 -1 43 9 50 0
5 6 -1 12 16 18 20
21 35 -1 43 9 50 1
5 6 -1 12 16 18 20
20 34 -1 43 9 50 1
5 6 -1 12 16 18 20
18 33 -1 42 8 51 2
30






























1
По всем вопросам касающимся приложения обращайтесь по WhatsApp +79952867503
1
09.2026

      
	
