1
For advertising or questions send us e-mail kogdanamaz@gmail.com 
31
4 5 -1 11 15 17 18
19 31 -1 40 3 48 57
4 5 -1 11 15 17 18
18 31 -1 40 3 48 58
4 5 -1 11 15 17 18
17 30 -1 40 2 49 58
4 5 -1 11 15 17 18
16 29 -1 39 2 49 58
4 5 -1 11 15 17 18
16 29 -1 39 2 49 58
4 5 -1 11 15 17 18
14 27 -1 39 1 49 59
4 5 -1 11 15 17 18
13 26 -1 38 1 50 59
4 5 -1 11 15 17 18
12 26 -1 38 0 50 59
4 5 -1 11 15 17 19
11 25 -1 38 0 50 0
4 5 -1 11 15 17 19
11 24 -1 37 0 50 0
4 5 -1 11 14 17 19
10 23 -1 37 59 51 0
4 5 -1 11 14 17 19
9 22 -1 37 59 51 1
4 5 -1 11 14 17 19
8 22 -1 37 58 51 1
4 5 -1 11 14 17 19
7 21 -1 36 58 51 2
4 5 -1 11 14 17 19
6 20 -1 36 57 52 2
4 5 -1 11 14 17 19
5 19 -1 36 57 52 2
4 5 -1 11 14 17 19
4 19 -1 36 57 52 3
4 5 -1 11 14 17 19
4 18 -1 36 56 53 3
4 5 -1 11 14 17 19
3 17 -1 35 56 53 4
4 5 -1 11 14 17 19
2 17 -1 35 55 53 4
4 5 -1 11 14 17 19
1 16 -1 35 55 54 5
4 5 -1 11 14 17 19
0 15 -1 35 54 54 5
4 5 -1 11 14 17 19
0 15 -1 35 54 54 6
3 5 -1 11 14 17 19
59 14 -1 35 54 55 6
3 5 -1 11 14 17 19
58 13 -1 35 53 55 7
3 5 -1 11 14 17 19
57 13 -1 34 53 56 7
3 5 -1 11 14 17 19
56 12 -1 34 52 56 8
3 5 -1 11 14 17 19
56 11 -1 34 52 56 8
3 5 -1 11 14 17 19
55 11 -1 34 52 57 9
3 5 -1 11 14 17 19
54 10 -1 34 51 57 9
3 5 -1 11 14 17 19
54 10 -1 34 51 58 10
31































1
По всем вопросам касающимся приложения обращайтесь по WhatsApp +79952867503
1
10.2026

      
	