1
For advertising or questions send us e-mail kogdanamaz@gmail.com 
30
4 6 -1 12 16 19 21
28 10 -1 55 38 37 15
4 6 -1 12 16 19 21
30 11 -1 54 37 35 13
4 6 -1 12 16 19 21
31 13 -1 54 35 33 10
4 6 -1 12 16 19 21
33 14 -1 54 34 31 8
4 6 -1 12 16 19 21
35 16 -1 53 33 29 6
4 6 -1 12 16 19 21
36 17 -1 53 32 27 3
4 6 -1 12 16 19 21
38 18 -1 53 30 25 1
4 6 -1 12 16 19 20
40 20 -1 52 29 23 59
4 6 -1 12 16 19 20
41 21 -1 52 28 21 56
4 6 -1 12 16 19 20
43 23 -1 52 26 18 54
4 6 -1 12 16 19 20
45 24 -1 51 25 16 52
4 6 -1 12 16 19 20
46 25 -1 51 23 14 49
4 6 -1 12 16 19 20
48 27 -1 50 22 12 47
4 6 -1 12 16 19 20
49 28 -1 50 21 10 45
4 6 -1 12 16 19 20
51 29 -1 50 19 8 43
4 6 -1 12 16 19 20
53 31 -1 49 18 6 40
4 6 -1 12 16 19 20
54 32 -1 49 16 4 38
4 6 -1 12 16 19 20
56 34 -1 49 15 2 36
4 6 -1 12 16 19 20
57 35 -1 48 13 0 34
4 6 -1 12 16 18 20
59 36 -1 48 12 58 31
5 6 -1 12 16 18 20
0 38 -1 48 11 56 29
5 6 -1 12 16 18 20
2 39 -1 47 9 53 27
5 6 -1 12 16 18 20
3 40 -1 47 8 51 25
5 6 -1 12 16 18 20
5 42 -1 47 6 49 23
5 6 -1 12 16 18 20
6 43 -1 46 5 47 20
5 6 -1 12 16 18 20
8 45 -1 46 3 45 18
5 6 -1 12 16 18 20
9 46 -1 46 2 43 16
5 6 -1 12 16 18 20
11 47 -1 45 0 41 14
5 6 -1 12 15 18 20
12 49 -1 45 59 39 12
5 6 -1 12 15 18 20
14 50 -1 45 57 37 10
30






























1
По всем вопросам касающимся приложения обращайтесь по WhatsApp +79952867503
1
09.2026

      
	
