1
For advertising or questions send us e-mail kogdanamaz@gmail.com 
31
4 5 -1 11 15 17 19
18 33 -1 42 7 51 1
4 5 -1 11 15 17 19
17 32 -1 42 7 51 1
4 5 -1 11 15 17 19
16 31 -1 41 7 51 2
4 5 -1 11 15 17 19
15 30 -1 41 6 52 2
4 5 -1 11 15 17 19
15 30 -1 41 6 52 2
4 5 -1 11 15 17 19
13 28 -1 40 6 52 3
4 5 -1 11 15 17 19
12 27 -1 40 5 52 3
4 5 -1 11 15 17 19
11 26 -1 40 5 53 4
4 5 -1 11 15 17 19
10 25 -1 39 5 53 4
4 5 -1 11 15 17 19
9 24 -1 39 4 53 5
4 5 -1 11 15 17 19
9 23 -1 39 4 54 5
4 5 -1 11 15 17 19
8 23 -1 39 4 54 5
4 5 -1 11 15 17 19
7 22 -1 38 3 55 6
4 5 -1 11 15 17 19
6 21 -1 38 3 55 6
4 5 -1 11 15 17 19
5 20 -1 38 3 55 7
4 5 -1 11 15 17 19
4 19 -1 38 2 56 7
4 5 -1 11 15 17 19
3 18 -1 38 2 56 8
4 5 -1 11 15 17 19
2 18 -1 37 2 56 8
4 5 -1 11 15 17 19
1 17 -1 37 1 57 9
4 5 -1 11 15 17 19
0 16 -1 37 1 57 9
3 5 -1 11 15 17 19
59 15 -1 37 1 58 10
3 5 -1 11 15 17 19
58 15 -1 37 0 58 11
3 5 -1 11 15 17 19
57 14 -1 37 0 59 11
3 5 -1 11 15 17 19
56 13 -1 36 0 59 12
3 5 -1 11 14 17 19
56 12 -1 36 59 59 12
3 5 -1 11 14 18 19
55 12 -1 36 59 0 13
3 5 -1 11 14 18 19
54 11 -1 36 59 0 14
3 5 -1 11 14 18 19
53 10 -1 36 59 1 14
3 5 -1 11 14 18 19
52 10 -1 36 58 1 15
3 5 -1 11 14 18 19
52 9 -1 36 58 2 16
3 5 -1 11 14 18 19
51 9 -1 36 58 2 16
31































1
По всем вопросам касающимся приложения обращайтесь по WhatsApp +79952867503
1
10.2026

      
	
