1
For advertising or questions send us e-mail kogdanamaz@gmail.com 
30
4 6 -1 12 16 19 20
33 8 -1 42 22 14 45
4 6 -1 12 16 19 20
34 9 -1 42 22 13 43
4 6 -1 12 16 19 20
36 10 -1 41 21 11 41
4 6 -1 12 16 19 20
37 11 -1 41 20 10 39
4 6 -1 12 16 19 20
38 12 -1 41 19 8 37
4 6 -1 12 16 19 20
39 12 -1 40 18 6 35
4 6 -1 12 16 19 20
41 13 -1 40 17 5 33
4 6 -1 12 16 19 20
42 14 -1 40 16 3 32
4 6 -1 12 16 19 20
43 15 -1 39 15 1 30
4 6 -1 12 16 19 20
44 16 -1 39 14 0 28
4 6 -1 12 16 18 20
45 17 -1 39 13 58 26
4 6 -1 12 16 18 20
47 18 -1 38 11 56 24
4 6 -1 12 16 18 20
48 19 -1 38 10 55 22
4 6 -1 12 16 18 20
49 20 -1 37 9 53 20
4 6 -1 12 16 18 20
50 21 -1 37 8 51 18
4 6 -1 12 16 18 20
51 22 -1 37 7 50 17
4 6 -1 12 16 18 20
52 23 -1 36 6 48 15
4 6 -1 12 16 18 20
54 24 -1 36 5 46 13
4 6 -1 12 16 18 20
55 25 -1 36 4 45 11
4 6 -1 12 16 18 20
56 26 -1 35 3 43 9
4 6 -1 12 16 18 20
57 27 -1 35 1 41 7
4 6 -1 12 16 18 20
58 28 -1 35 0 40 6
4 6 -1 12 15 18 20
59 29 -1 34 59 38 4
5 6 -1 12 15 18 20
0 30 -1 34 58 36 2
5 6 -1 12 15 18 20
1 31 -1 34 57 35 0
5 6 -1 12 15 18 19
3 32 -1 33 56 33 59
5 6 -1 12 15 18 19
4 33 -1 33 54 31 57
5 6 -1 12 15 18 19
5 34 -1 33 53 30 55
5 6 -1 12 15 18 19
6 35 -1 32 52 28 53
5 6 -1 12 15 18 19
7 36 -1 32 51 26 52
30






























1
По всем вопросам касающимся приложения обращайтесь по WhatsApp +79952867503
1
09.2026

      
	
