1
For advertising or questions send us e-mail kogdanamaz@gmail.com 
31
4 6 -1 12 15 18 20
36 41 -1 32 31 20 20
4 6 -1 12 15 18 20
40 45 -1 31 27 15 14
4 6 -1 12 15 18 20
42 47 -1 31 25 12 11
4 6 -1 12 15 18 20
45 49 -1 31 23 10 9
4 6 -1 12 15 18 20
47 51 -1 30 21 7 6
4 6 -1 12 15 18 20
49 53 -1 30 19 4 3
4 6 -1 12 15 18 20
51 55 -1 30 17 2 0
4 6 -1 12 15 17 19
54 57 -1 29 15 59 58
4 6 -1 12 15 17 19
56 59 -1 29 13 57 55
4 7 -1 12 15 17 19
58 2 -1 29 11 54 52
5 7 -1 12 15 17 19
0 4 -1 28 9 51 49
5 7 -1 12 15 17 19
2 6 -1 28 7 49 47
5 7 -1 12 15 17 19
4 8 -1 28 5 46 44
5 7 -1 12 15 17 19
6 10 -1 28 3 44 42
5 7 -1 12 15 17 19
6 10 -1 28 3 44 42
5 7 -1 12 15 17 19
8 12 -1 28 1 41 39
5 7 -1 12 14 17 19
13 16 -1 27 57 36 34
5 7 -1 12 14 17 19
15 18 -1 27 55 33 32
5 7 -1 12 14 17 19
17 21 -1 27 53 31 29
5 7 -1 12 14 17 19
19 23 -1 27 51 28 27
5 7 -1 12 14 17 19
21 25 -1 26 49 26 25
5 7 -1 12 14 17 19
23 27 -1 26 48 23 22
5 7 -1 12 14 17 19
25 29 -1 26 46 21 20
5 7 -1 12 14 17 19
27 31 -1 26 44 18 18
5 7 -1 12 14 17 19
29 34 -1 26 42 16 16
5 7 -1 12 14 17 19
31 36 -1 26 40 14 13
5 7 -1 12 14 17 19
33 38 -1 26 38 11 11
5 7 -1 12 14 17 19
34 40 -1 25 36 9 9
5 7 -1 12 14 17 19
36 42 -1 25 35 7 7
5 7 -1 12 14 17 19
36 42 -1 25 35 7 7
5 7 -1 12 14 17 19
38 44 -1 25 33 4 5
31































1
По всем вопросам касающимся приложения обращайтесь по WhatsApp +79952867503
1
10.2026

      
	
