1
For advertising or questions send us e-mail kogdanamaz@gmail.com 
31
4 6 -1 12 15 17 19
38 8 -1 20 50 43 13
4 6 -1 12 15 17 19
41 11 -1 20 48 40 10
4 6 -1 12 15 17 19
43 13 -1 20 47 37 7
4 6 -1 12 15 17 19
46 16 -1 20 45 34 4
4 6 -1 12 15 17 19
48 18 -1 20 43 30 0
4 6 -1 12 15 17 18
51 21 -1 20 41 27 57
4 6 -1 12 15 17 18
54 24 -1 20 38 34 54
4 6 -1 12 15 17 18
56 26 -1 20 36 20 50
4 6 -1 12 15 17 18
59 29 -1 20 34 17 47
5 6 -1 12 15 17 18
2 32 -1 20 32 14 44
5 6 -1 12 15 17 18
4 34 -1 20 29 11 41
5 6 -1 12 15 17 18
7 37 -1 20 27 7 37
5 6 -1 12 15 17 18
10 40 -1 20 25 4 34
5 6 -1 12 15 17 18
12 42 -1 20 22 1 31
5 6 -1 12 15 16 18
15 45 -1 20 19 58 28
5 6 -1 12 15 16 18
18 48 -1 20 17 55 25
5 6 -1 12 15 16 18
21 51 -1 20 15 51 21
5 6 -1 12 15 16 18
23 53 -1 20 13 48 18
5 6 -1 12 15 16 18
26 56 -1 20 10 45 15
5 6 -1 12 15 16 18
29 59 -1 20 8 42 12
5 7 -1 12 15 16 18
32 2 -1 20 7 39 9
5 7 -1 12 15 16 18
34 4 -1 20 4 36 6
5 7 -1 12 15 16 18
37 7 -1 20 1 33 3
5 7 -1 12 14 16 18
40 10 -1 20 58 30 0
5 7 -1 12 14 16 17
43 13 -1 20 56 27 57
5 7 -1 12 14 16 17
45 15 -1 20 53 23 53
5 7 -1 12 14 16 17
48 18 -1 20 51 20 50
5 7 -1 12 14 16 17
51 21 -1 20 48 17 47
5 7 -1 12 14 16 17
54 24 -1 20 45 14 44
5 7 -1 12 14 16 17
57 27 -1 20 42 11 41
6 7 -1 12 14 16 17
0 30 -1 20 39 8 38
31































1
По всем вопросам касающимся приложения обращайтесь по WhatsApp +79952867503
1
10.2026

      
	