1
For advertising or questions send us e-mail kogdanamaz@gmail.com 
30
3 5 -1 13 16 20 22
35 41 -1 14 54 45 49
3 5 -1 13 16 20 22
36 44 -1 14 51 40 47
3 5 -1 13 16 20 22
38 48 -1 14 49 36 45
3 5 -1 13 16 20 22
40 51 -1 13 47 32 42
3 5 -1 13 16 20 22
42 55 -1 13 44 28 40
3 5 -1 13 16 20 22
43 58 -1 13 42 24 38
3 6 -1 13 16 20 22
45 2 -1 12 39 20 35
3 6 -1 13 16 20 22
47 5 -1 12 37 15 33
3 6 -1 13 16 20 22
48 9 -1 12 34 11 31
3 6 -1 13 16 20 22
50 12 -1 11 31 7 28
3 6 -1 13 16 20 22
52 16 -1 11 29 3 26
3 6 -1 13 16 19 22
54 19 -1 11 26 59 23
3 6 -1 13 16 19 22
55 22 -1 10 24 55 21
3 6 -1 13 16 19 22
57 26 -1 10 21 51 19
3 6 -1 13 16 19 22
38 29 -1 9 18 47 41
3 6 -1 13 16 19 22
44 33 -1 9 16 42 35
3 6 -1 13 16 19 22
49 36 -1 9 13 38 28
3 6 -1 13 16 19 22
55 40 -1 8 10 34 22
4 6 -1 13 16 19 22
0 43 -1 8 7 30 16
4 6 -1 13 16 19 22
5 46 -1 8 5 26 10
4 6 -1 13 16 19 22
10 50 -1 7 2 22 5
4 6 -1 13 15 19 21
15 53 -1 7 59 18 59
4 6 -1 13 15 19 21
20 57 -1 7 56 14 54
4 7 -1 13 15 19 21
24 0 -1 6 53 10 48
4 7 -1 13 15 19 21
29 4 -1 6 51 6 43
4 7 -1 13 15 19 21
33 7 -1 6 48 1 38
4 7 -1 13 15 18 21
38 10 -1 5 45 57 33
4 7 -1 13 15 18 21
42 14 -1 5 42 53 28
4 7 -1 13 15 18 21
46 17 -1 5 39 49 23
4 7 -1 13 15 18 21
50 21 -1 4 37 45 18
30






























1
По всем вопросам касающимся приложения обращайтесь по WhatsApp +79952867503
1
09.2026

      
	
