1
For advertising or questions send us e-mail kogdanamaz@gmail.com 
30
4 5 -1 12 15 18 19
49 57 -1 0 15 2 8
4 5 -1 12 15 18 19
48 57 -1 0 15 2 8
4 5 -1 12 15 18 19
48 56 -1 0 14 2 7
4 5 -1 11 15 18 19
48 56 -1 59 13 2 7
4 5 -1 11 15 18 19
47 56 -1 59 12 1 7
4 5 -1 11 15 18 19
47 55 -1 59 12 1 6
4 5 -1 11 15 18 19
47 55 -1 58 11 1 6
4 5 -1 11 15 18 19
46 55 -1 58 10 1 6
4 5 -1 11 15 18 19
46 54 -1 58 9 0 5
4 5 -1 11 15 18 19
46 54 -1 57 8 0 5
4 5 -1 11 15 18 19
45 53 -1 57 7 0 5
4 5 -1 11 15 17 19
45 53 -1 57 6 59 4
4 5 -1 11 15 17 19
45 53 -1 56 6 59 4
4 5 -1 11 15 17 19
44 52 -1 56 5 59 4
4 5 -1 11 15 17 19
44 52 -1 56 4 58 3
4 5 -1 11 15 17 19
43 51 -1 55 3 58 3
4 5 -1 11 15 17 19
43 51 -1 55 2 58 3
4 5 -1 11 15 17 19
43 50 -1 54 1 57 2
4 5 -1 11 15 17 19
42 50 -1 54 0 57 2
4 5 -1 11 14 17 19
42 50 -1 54 59 57 2
4 5 -1 11 14 17 19
41 49 -1 53 58 57 1
4 5 -1 11 14 17 19
41 49 -1 53 57 56 1
4 5 -1 11 14 17 19
41 48 -1 53 56 56 1
4 5 -1 11 14 17 19
40 48 -1 52 55 56 0
4 5 -1 11 14 17 19
40 48 -1 52 54 55 0
4 5 -1 11 14 17 19
39 47 -1 52 53 55 0
4 5 -1 11 14 17 19
39 47 -1 51 52 55 0
4 5 -1 11 14 17 18
39 46 -1 51 52 55 59
4 5 -1 11 14 17 18
38 46 -1 51 52 54 59
4 5 -1 11 14 17 18
38 46 -1 50 53 54 59
30






























1
По всем вопросам касающимся приложения обращайтесь по WhatsApp +79952867503
1
09.2026

      
	
