1
For advertising or questions send us e-mail kogdanamaz@gmail.com 
31
4 5 -1 11 14 17 19
40 48 -1 53 53 57 2
4 5 -1 11 14 17 19
39 47 -1 52 54 57 2
4 5 -1 11 14 17 19
39 47 -1 52 54 56 2
4 5 -1 11 14 17 19
38 47 -1 52 55 56 1
4 5 -1 11 14 17 19
38 46 -1 52 55 56 1
4 5 -1 11 14 17 19
37 46 -1 51 56 56 1
4 5 -1 11 14 17 19
37 45 -1 51 56 56 1
4 5 -1 11 14 17 19
37 45 -1 51 56 55 1
4 5 -1 11 14 17 19
36 45 -1 50 57 55 1
4 5 -1 11 14 17 19
36 44 -1 50 57 55 0
4 5 -1 11 14 17 19
35 44 -1 50 58 55 0
4 5 -1 11 14 17 19
35 44 -1 50 58 55 0
4 5 -1 11 14 17 19
34 43 -1 49 58 55 0
4 5 -1 11 14 17 19
34 43 -1 49 59 54 0
4 5 -1 11 14 17 19
34 43 -1 49 59 54 0
4 5 -1 11 15 17 19
33 42 -1 49 0 54 0
4 5 -1 11 15 17 19
33 42 -1 48 0 54 0
4 5 -1 11 15 17 19
33 42 -1 48 0 54 0
4 5 -1 11 15 17 19
32 41 -1 48 1 54 0
4 5 -1 11 15 17 19
32 41 -1 48 1 54 0
4 5 -1 11 15 17 19
31 41 -1 48 1 54 0
4 5 -1 11 15 17 19
31 41 -1 48 2 54 0
4 5 -1 11 15 17 19
31 40 -1 47 2 54 0
4 5 -1 11 15 17 19
30 40 -1 47 2 54 0
4 5 -1 11 15 17 19
30 40 -1 47 3 53 0
4 5 -1 11 15 17 19
30 40 -1 47 3 53 0
4 5 -1 11 15 17 19
30 40 -1 47 3 53 0
4 5 -1 11 15 17 19
29 39 -1 47 4 53 0
4 5 -1 11 15 17 19
29 39 -1 47 4 53 0
4 5 -1 11 15 17 19
29 39 -1 47 4 54 1
4 5 -1 11 15 17 19
29 39 -1 47 5 54 1
31































1
По всем вопросам касающимся приложения обращайтесь по WhatsApp +79952867503
1
10.2026

      
	
