1
For advertising or questions send us e-mail kogdanamaz@gmail.com 
31
4 6 -1 12 16 17 19
54 9 -1 7 12 59 14
4 6 -1 12 16 17 19
55 10 -1 7 11 57 12
4 6 -1 12 16 17 19
56 11 -1 7 9 56 10
4 6 -1 12 16 17 19
57 12 -1 6 8 54 8
4 6 -1 12 16 17 19
59 13 -1 6 6 52 7
5 6 -1 12 16 17 19
0 14 -1 6 5 50 5
5 6 -1 12 16 17 19
1 15 -1 5 3 49 3
5 6 -1 12 16 17 19
2 17 -1 5 2 47 1
5 6 -1 12 16 17 19
3 18 -1 5 0 45 0
5 6 -1 12 15 17 18
4 19 -1 5 58 43 58
5 6 -1 12 15 17 18
5 20 -1 4 57 42 56
5 6 -1 12 15 17 18
7 21 -1 4 55 40 55
5 6 -1 12 15 17 18
8 22 -1 4 54 38 53
5 6 -1 12 15 17 18
9 24 -1 4 52 37 52
5 6 -1 12 15 17 18
10 25 -1 3 51 35 50
5 6 -1 12 15 17 18
11 26 -1 3 49 34 48
5 6 -1 12 15 17 18
12 27 -1 3 48 32 47
5 6 -1 12 15 17 18
13 28 -1 3 46 30 45
5 6 -1 12 15 17 18
14 30 -1 2 45 29 44
5 6 -1 12 15 17 18
16 31 -1 2 44 27 42
5 6 -1 12 15 17 18
17 32 -1 2 42 26 41
5 6 -1 12 15 17 18
18 33 -1 2 41 24 39
5 6 -1 12 15 17 18
19 34 -1 2 39 23 38
5 6 -1 12 15 17 18
20 36 -1 2 38 21 37
5 6 -1 12 15 17 18
21 37 -1 2 37 20 35
5 6 -1 12 15 17 18
22 38 -1 1 35 18 34
5 6 -1 12 15 17 18
24 39 -1 1 34 17 33
5 6 -1 12 15 17 18
25 41 -1 1 33 15 31
5 6 -1 12 15 17 18
26 42 -1 1 31 14 30
5 6 -1 12 15 17 18
27 43 -1 1 30 13 29
5 6 -1 12 15 17 18
28 44 -1 1 29 11 28
31































1
По всем вопросам касающимся приложения обращайтесь по WhatsApp +79952867503
1
10.2026

      
	
