1
For advertising or questions send us e-mail kogdanamaz@gmail.com 
30
5 6 -1 12 16 19 20
32 47 -1 54 1 0 8
5 6 -1 12 16 19 20
32 47 -1 54 0 0 7
5 6 -1 12 15 18 20
32 47 -1 53 59 59 7
5 6 -1 12 15 18 20
32 46 -1 53 58 59 6
5 6 -1 12 15 18 20
32 46 -1 53 58 59 6
5 6 -1 12 15 18 20
31 46 -1 52 56 58 5
5 6 -1 12 15 18 20
31 46 -1 52 55 57 5
5 6 -1 12 15 18 20
31 46 -1 52 54 57 4
5 6 -1 12 15 18 20
31 45 -1 51 53 56 4
5 6 -1 12 15 18 20
31 45 -1 51 52 56 3
5 6 -1 12 15 18 20
31 45 -1 51 52 55 3
5 6 -1 12 15 18 20
30 45 -1 50 53 55 2
5 6 -1 12 15 18 20
30 44 -1 50 53 55 2
5 6 -1 12 15 18 20
30 44 -1 50 53 54 1
5 6 -1 12 15 18 20
30 44 -1 49 54 54 1
5 6 -1 12 15 18 20
30 44 -1 49 54 53 0
5 6 -1 12 15 18 20
30 44 -1 49 54 53 0
5 6 -1 12 15 18 19
29 43 -1 48 54 52 59
5 6 -1 12 15 18 19
29 43 -1 48 55 52 59
5 6 -1 12 15 18 19
29 43 -1 48 55 52 59
5 6 -1 12 15 18 19
29 43 -1 47 55 51 58
5 6 -1 12 15 18 19
28 42 -1 47 55 50 57
5 6 -1 12 15 18 19
28 42 -1 46 55 50 57
5 6 -1 12 15 18 19
28 42 -1 46 56 49 56
5 6 -1 12 15 18 19
28 42 -1 46 56 49 56
5 6 -1 12 15 18 19
28 42 -1 45 56 48 55
5 6 -1 12 15 18 19
27 41 -1 45 56 48 55
5 6 -1 12 15 18 19
27 41 -1 45 56 47 54
5 6 -1 12 15 18 19
27 41 -1 44 56 47 54
5 6 -1 12 15 18 19
27 41 -1 44 57 46 53
30






























1
По всем вопросам касающимся приложения обращайтесь по WhatsApp +79952867503
1
09.2026

      
	
