1
For advertising or questions send us e-mail kogdanamaz@gmail.com 
30
5 6 -1 12 15 19 20
35 44 -1 53 56 2 8
5 6 -1 12 15 19 20
35 44 -1 53 57 1 7
5 6 -1 12 15 19 20
35 44 -1 53 57 1 7
5 6 -1 12 15 19 20
35 44 -1 52 57 0 6
5 6 -1 12 15 18 20
35 44 -1 52 58 59 6
5 6 -1 12 15 18 20
35 44 -1 52 58 59 5
5 6 -1 12 15 18 20
35 44 -1 51 58 58 4
5 6 -1 12 15 18 20
35 43 -1 51 58 58 4
5 6 -1 12 15 18 20
35 43 -1 51 58 58 4
5 6 -1 12 15 18 20
34 43 -1 50 59 57 2
5 6 -1 12 15 18 20
34 43 -1 50 59 56 2
5 6 -1 12 15 18 20
34 43 -1 50 59 55 1
5 6 -1 12 15 18 20
34 43 -1 49 59 55 0
5 6 -1 12 15 18 20
34 43 -1 49 59 54 0
5 6 -1 12 15 18 19
34 43 -1 49 59 54 59
5 6 -1 12 15 18 19
34 42 -1 48 59 53 59
5 6 -1 12 15 18 19
34 42 -1 48 59 52 58
5 6 -1 12 16 18 19
34 42 -1 48 0 52 57
5 6 -1 12 16 18 19
34 42 -1 47 0 51 57
5 6 -1 12 16 18 19
34 42 -1 47 0 51 56
5 6 -1 12 16 18 19
33 42 -1 47 0 50 56
5 6 -1 12 16 18 19
33 42 -1 46 0 50 55
5 6 -1 12 16 18 19
33 42 -1 46 0 49 54
5 6 -1 12 16 18 19
33 41 -1 45 0 48 54
5 6 -1 12 16 18 19
33 41 -1 45 0 48 53
5 6 -1 12 16 18 19
33 41 -1 45 0 47 53
5 6 -1 12 16 18 19
33 41 -1 44 0 47 52
5 6 -1 12 16 18 19
33 41 -1 44 0 46 52
5 6 -1 12 16 18 19
33 41 -1 44 0 46 51
5 6 -1 12 16 18 19
32 41 -1 43 0 45 50
30






























1
По всем вопросам касающимся приложения обращайтесь по WhatsApp +79952867503
1
09.2026

      
	
