1
For advertising or questions send us e-mail kogdanamaz@gmail.com 
30
5 6 -1 12 15 18 19
27 36 -1 44 49 51 57
5 6 -1 12 15 18 19
27 36 -1 43 47 50 56
5 6 -1 12 15 18 19
27 35 -1 43 46 50 56
5 6 -1 12 15 18 19
27 35 -1 43 45 49 55
5 6 -1 12 15 18 19
26 35 -1 42 44 49 54
5 6 -1 12 15 18 19
26 35 -1 42 44 48 54
5 6 -1 12 15 18 19
26 35 -1 42 44 48 53
5 6 -1 12 15 18 19
26 35 -1 41 44 47 53
5 6 -1 12 15 18 19
26 35 -1 41 44 47 53
5 6 -1 12 15 18 19
26 34 -1 41 45 46 52
5 6 -1 12 15 18 19
26 34 -1 40 45 46 51
5 6 -1 12 15 18 19
26 34 -1 40 45 45 50
5 6 -1 12 15 18 19
25 34 -1 40 46 45 50
5 6 -1 12 15 18 19
25 34 -1 39 46 44 49
5 6 -1 12 15 18 19
25 33 -1 39 46 43 49
5 6 -1 12 15 18 19
25 33 -1 39 46 43 48
5 6 -1 12 15 18 19
25 33 -1 38 46 42 48
5 6 -1 12 15 18 19
25 33 -1 38 47 42 47
5 6 -1 12 15 18 19
24 33 -1 38 47 41 47
5 6 -1 12 15 18 19
24 32 -1 37 47 41 46
5 6 -1 12 15 18 19
24 32 -1 37 47 40 45
5 6 -1 12 15 18 19
24 32 -1 36 47 40 45
5 6 -1 12 15 18 19
24 32 -1 36 47 39 44
5 6 -1 12 15 18 19
24 32 -1 36 47 39 44
5 6 -1 12 15 18 19
23 32 -1 35 47 38 43
5 6 -1 12 15 18 19
23 31 -1 35 48 38 43
5 6 -1 12 15 18 19
23 31 -1 35 48 37 42
5 6 -1 12 15 18 19
23 31 -1 34 48 37 42
5 6 -1 12 15 18 19
23 31 -1 34 48 36 41
5 6 -1 12 15 18 19
23 31 -1 34 48 36 41
30






























1
По всем вопросам касающимся приложения обращайтесь по WhatsApp +79952867503
1
09.2026

      
	
