1
For advertising or questions send us e-mail kogdanamaz@gmail.com 
30
5 6 -1 12 15 17 19
3 19 -1 8 27 56 8
5 6 -1 12 15 17 19
2 18 -1 7 27 56 8
5 6 -1 12 15 17 19
1 17 -1 7 27 56 9
5 6 -1 12 15 17 19
0 16 -1 7 27 57 9
4 6 -1 12 15 17 19
59 15 -1 6 27 57 9
4 6 -1 12 15 17 19
58 14 -1 6 27 57 10
4 6 -1 12 15 17 19
57 13 -1 6 27 58 10
4 6 -1 12 15 17 19
56 12 -1 5 27 58 10
4 6 -1 12 15 17 19
55 11 -1 5 27 59 11
4 6 -1 12 15 17 19
54 10 -1 5 27 59 11
4 6 -1 12 15 17 19
53 9 -1 4 27 59 11
4 6 -1 12 15 18 19
52 7 -1 4 27 0 12
4 6 -1 12 15 18 19
50 6 -1 4 27 0 12
4 6 -1 12 15 18 19
49 5 -1 3 27 1 13
4 6 -1 12 15 18 19
48 4 -1 3 27 1 13
4 6 -1 12 15 18 19
47 3 -1 2 27 1 13
4 6 -1 12 15 18 19
46 2 -1 2 27 2 14
4 6 -1 12 15 18 19
45 1 -1 2 27 2 14
4 6 -1 12 15 18 19
44 0 -1 1 27 2 15
4 5 -1 12 15 18 19
43 59 -1 1 27 3 15
4 5 -1 12 15 18 19
41 58 -1 1 27 3 16
4 5 -1 12 15 18 19
40 56 -1 0 27 4 16
4 5 -1 12 15 18 19
39 55 -1 0 27 4 16
4 5 -1 12 15 18 19
38 54 -1 0 27 4 17
4 5 -1 11 15 18 19
37 53 -1 59 26 5 17
4 5 -1 11 15 18 19
36 52 -1 59 26 5 18
4 5 -1 11 15 18 19
34 51 -1 59 26 6 18
4 5 -1 11 15 18 19
33 50 -1 58 26 6 19
4 5 -1 11 15 18 19
32 49 -1 58 26 7 19
4 5 -1 11 15 18 19
31 48 -1 58 26 7 20
30






























1
По всем вопросам касающимся приложения обращайтесь по WhatsApp +79952867503
1
09.2026

      
	
