1
For advertising or questions send us e-mail kogdanamaz@gmail.com 
31
4 6 -1 12 16 18 20
59 23 -1 36 8 49 9
4 6 -1 12 16 18 20
57 22 -1 36 8 50 10
4 6 -1 12 16 18 20
56 20 -1 36 9 51 11
4 6 -1 12 16 18 20
54 19 -1 36 9 52 12
4 6 -1 12 16 18 20
53 18 -1 35 9 52 13
4 6 -1 12 16 18 20
51 16 -1 35 9 53 13
4 6 -1 12 16 18 20
50 15 -1 35 9 54 14
4 6 -1 12 16 18 20
48 14 -1 34 9 55 15
4 6 -1 12 16 18 20
47 12 -1 34 9 55 16
4 6 -1 12 16 18 20
45 11 -1 34 9 56 17
4 6 -1 12 16 18 20
44 10 -1 34 10 57 18
4 6 -1 12 16 18 20
42 8 -1 33 10 58 19
4 6 -1 12 16 18 20
41 7 -1 33 10 59 20
4 6 -1 12 16 18 20
39 6 -1 33 10 59 21
4 6 -1 12 16 19 20
38 5 -1 33 10 0 22
4 6 -1 12 16 19 20
36 3 -1 32 10 1 23
4 6 -1 12 16 19 20
35 2 -1 32 10 2 24
4 6 -1 12 16 19 20
33 1 -1 32 10 3 25
4 6 -1 12 16 19 20
32 0 -1 32 11 3 26
4 5 -1 12 16 19 20
31 59 -1 32 11 4 27
4 5 -1 12 16 19 20
29 57 -1 31 11 5 28
4 5 -1 12 16 19 20
28 56 -1 31 11 6 29
4 5 -1 12 16 19 20
26 55 -1 31 11 7 31
4 5 -1 12 16 19 20
25 54 -1 31 11 8 32
4 5 -1 12 16 19 20
23 53 -1 31 11 9 33
4 5 -1 12 16 19 20
22 52 -1 31 12 9 34
4 5 -1 12 16 19 20
21 51 -1 31 12 10 35
4 5 -1 12 16 19 20
19 50 -1 31 12 11 36
4 5 -1 12 16 19 20
18 48 -1 31 12 12 37
4 5 -1 12 16 19 20
17 47 -1 30 12 13 39
4 5 -1 12 16 19 20
15 46 -1 30 12 14 40
31































1
По всем вопросам касающимся приложения обращайтесь по WhatsApp +79952867503
1
10.2026

      
	