1
For advertising or questions send us e-mail kogdanamaz@gmail.com 
30
4 6 -1 11 15 17 18
52 11 -1 57 14 41 57
4 6 -1 11 15 17 18
51 10 -1 56 14 42 57
4 6 -1 11 15 17 18
49 9 -1 56 14 43 58
4 6 -1 11 15 17 18
48 7 -1 56 14 43 58
4 6 -1 11 15 17 18
47 6 -1 55 15 44 59
4 6 -1 11 15 17 18
46 5 -1 55 15 44 59
4 6 -1 11 15 17 19
45 4 -1 55 15 45 0
4 6 -1 11 15 17 19
44 3 -1 54 15 45 0
4 6 -1 11 15 17 19
42 1 -1 54 15 46 1
4 6 -1 11 15 17 19
41 0 -1 53 15 46 1
4 5 -1 11 15 17 19
40 59 -1 53 15 47 2
4 5 -1 11 15 17 19
39 58 -1 53 16 47 2
4 5 -1 11 15 17 19
37 57 -1 52 16 48 3
4 5 -1 11 15 17 19
36 55 -1 52 16 48 3
4 5 -1 11 15 17 19
35 54 -1 52 16 49 4
4 5 -1 11 15 17 19
34 53 -1 51 16 49 4
4 5 -1 11 15 17 19
32 52 -1 51 16 50 5
4 5 -1 11 15 17 19
31 50 -1 51 16 50 6
4 5 -1 11 15 17 19
30 49 -1 50 16 51 6
4 5 -1 11 15 17 19
28 48 -1 50 16 51 7
4 5 -1 11 15 17 19
27 47 -1 50 16 52 7
4 5 -1 11 15 17 19
26 45 -1 49 16 53 8
4 5 -1 11 15 17 19
25 44 -1 49 16 53 8
4 5 -1 11 15 17 19
23 43 -1 49 16 54 9
4 5 -1 11 15 17 19
22 42 -1 48 16 54 10
4 5 -1 11 15 17 19
21 40 -1 48 17 55 10
4 5 -1 11 15 17 19
19 39 -1 47 17 55 11
4 5 -1 11 15 17 19
18 38 -1 47 17 56 12
4 5 -1 11 15 17 19
17 37 -1 47 17 56 12
4 5 -1 11 15 17 19
15 35 -1 46 17 57 13
30






























1
По всем вопросам касающимся приложения обращайтесь по WhatsApp +79952867503
1
09.2026

      
	
