1
For advertising or questions send us e-mail kogdanamaz@gmail.com 
30
5 6 -1 12 15 18 19
13 36 -1 18 32 0 19
5 6 -1 12 15 18 19
12 34 -1 18 33 1 19
5 6 -1 12 15 18 19
10 33 -1 17 33 1 20
5 6 -1 12 15 18 19
9 32 -1 17 33 2 21
5 6 -1 12 15 18 19
8 30 -1 17 34 3 21
5 6 -1 12 15 18 19
6 29 -1 16 34 3 22
5 6 -1 12 15 18 19
5 28 -1 16 34 4 22
5 6 -1 12 15 18 19
4 26 -1 16 34 5 23
5 6 -1 12 15 18 19
2 25 -1 15 35 5 24
5 6 -1 12 15 18 19
1 24 -1 15 35 6 24
4 6 -1 12 15 18 19
59 22 -1 15 35 7 25
4 6 -1 12 15 18 19
58 21 -1 14 36 7 26
4 6 -1 12 15 18 19
57 19 -1 14 36 8 27
4 6 -1 12 15 18 19
55 18 -1 14 36 9 27
4 6 -1 12 15 18 19
54 17 -1 13 36 9 28
4 6 -1 12 15 18 19
52 15 -1 13 37 10 29
4 6 -1 12 15 18 19
51 14 -1 13 37 11 29
4 6 -1 12 15 18 19
49 12 -1 12 37 12 30
4 6 -1 12 15 18 19
48 11 -1 12 37 12 31
4 6 -1 12 15 18 19
46 10 -1 12 37 13 32
4 6 -1 12 15 18 19
45 8 -1 11 38 14 32
4 6 -1 12 15 18 19
44 7 -1 11 38 14 33
4 6 -1 12 15 18 19
42 5 -1 10 38 15 34
4 6 -1 12 15 18 19
41 4 -1 10 38 16 35
4 6 -1 12 15 18 19
39 3 -1 10 38 16 35
4 6 -1 12 15 18 19
38 1 -1 9 39 17 36
4 6 -1 12 15 18 19
36 0 -1 9 39 18 37
4 5 -1 12 15 18 19
35 59 -1 9 39 19 38
4 5 -1 12 15 18 19
33 57 -1 8 39 19 39
4 5 -1 12 15 18 19
32 56 -1 8 39 20 40
30






























1
По всем вопросам касающимся приложения обращайтесь по WhatsApp +79952867503
1
09.2026

      
	
