1
For advertising or questions send us e-mail kogdanamaz@gmail.com 
30
5 6 -1 12 15 18 19
12 28 -1 17 37 6 17
5 6 -1 12 15 18 19
11 27 -1 17 37 6 18
5 6 -1 12 15 18 19
10 26 -1 16 37 6 18
5 6 -1 12 15 18 19
9 25 -1 16 37 7 18
5 6 -1 12 15 18 19
8 24 -1 16 37 7 18
5 6 -1 12 15 18 19
7 23 -1 15 37 7 19
5 6 -1 12 15 18 19
6 22 -1 15 37 8 19
5 6 -1 12 15 18 19
5 21 -1 15 37 8 19
5 6 -1 12 15 18 19
4 20 -1 14 37 8 20
5 6 -1 12 15 18 19
3 18 -1 14 37 9 20
5 6 -1 12 15 18 19
2 17 -1 14 37 9 20
5 6 -1 12 15 18 19
1 16 -1 13 37 9 21
5 6 -1 12 15 18 19
0 15 -1 13 37 10 21
4 6 -1 12 15 18 19
59 14 -1 12 37 10 22
4 6 -1 12 15 18 19
58 13 -1 12 37 10 22
4 6 -1 12 15 18 19
57 12 -1 12 36 11 22
4 6 -1 12 15 18 19
56 11 -1 11 36 11 23
4 6 -1 12 15 18 19
55 10 -1 11 36 11 23
4 6 -1 12 15 18 19
54 9 -1 11 36 12 23
4 6 -1 12 15 18 19
52 8 -1 10 36 12 24
4 6 -1 12 15 18 19
51 7 -1 10 36 13 24
4 6 -1 12 15 18 19
50 6 -1 10 36 13 25
4 6 -1 12 15 18 19
49 5 -1 9 36 13 25
4 6 -1 12 15 18 19
48 4 -1 9 35 14 25
4 6 -1 12 15 18 19
47 3 -1 9 35 14 26
4 6 -1 12 15 18 19
46 1 -1 8 35 14 26
4 6 -1 12 15 18 19
45 0 -1 8 35 15 27
4 5 -1 12 15 18 19
44 59 -1 8 35 15 27
4 5 -1 12 15 18 19
42 58 -1 7 35 16 28
4 5 -1 12 15 18 19
41 57 -1 7 34 16 28
30






























1
По всем вопросам касающимся приложения обращайтесь по WhatsApp +79952867503
1
09.2026

      
	
