1
For advertising or questions send us e-mail kogdanamaz@gmail.com 
30
5 6 -1 12 15 18 19
5 19 -1 10 32 1 11
5 6 -1 12 15 18 19
5 18 -1 10 31 2 11
5 6 -1 12 15 18 19
4 17 -1 10 31 2 12
5 6 -1 12 15 18 19
3 16 -1 10 31 2 12
5 6 -1 12 15 18 19
2 15 -1 9 31 2 12
5 6 -1 12 15 18 19
1 14 -1 9 31 3 12
5 6 -1 12 15 18 19
0 14 -1 9 31 3 13
4 6 -1 12 15 18 19
59 13 -1 8 31 3 13
4 6 -1 12 15 18 19
58 12 -1 8 31 3 13
4 6 -1 12 15 18 19
57 11 -1 7 30 4 13
4 6 -1 12 15 18 19
57 10 -1 7 30 4 13
4 6 -1 12 15 18 19
56 9 -1 7 30 4 14
4 6 -1 12 15 18 19
55 8 -1 6 30 4 14
4 6 -1 12 15 18 19
54 7 -1 6 30 4 14
4 6 -1 12 15 18 19
53 6 -1 6 29 5 14
4 6 -1 12 15 18 19
52 5 -1 5 29 5 15
4 6 -1 12 15 18 19
51 4 -1 5 29 5 15
4 6 -1 12 15 18 19
50 3 -1 5 29 5 15
4 6 -1 12 15 18 19
49 2 -1 4 29 6 15
4 6 -1 12 15 18 19
48 1 -1 4 28 6 16
4 6 -1 12 15 18 19
47 0 -1 4 28 6 16
4 5 -1 12 15 18 19
46 59 -1 3 28 6 16
4 5 -1 12 15 18 19
45 58 -1 3 28 7 16
4 5 -1 12 15 18 19
44 57 -1 3 27 7 17
4 5 -1 12 15 18 19
43 56 -1 2 27 7 17
4 5 -1 12 15 18 19
42 56 -1 2 27 7 17
4 5 -1 12 15 18 19
41 55 -1 1 26 8 18
4 5 -1 12 15 18 19
40 54 -1 1 26 8 18
4 5 -1 12 15 18 19
39 53 -1 1 26 8 18
4 5 -1 12 15 18 19
38 52 -1 0 26 9 19
30






























1
По всем вопросам касающимся приложения обращайтесь по WhatsApp +79952867503
1
09.2026

      
	
