1
For advertising or questions send us e-mail kogdanamaz@gmail.com 
30
4 5 -1 11 15 18 19
49 58 -1 59 16 0 6
4 5 -1 11 15 18 19
49 57 -1 59 16 0 6
4 5 -1 11 15 18 19
48 57 -1 59 15 0 5
4 5 -1 11 15 18 19
48 56 -1 58 14 0 5
4 5 -1 11 15 17 19
47 56 -1 58 14 59 5
4 5 -1 11 15 17 19
47 55 -1 58 13 59 4
4 5 -1 11 15 17 19
47 55 -1 57 12 59 4
4 5 -1 11 15 17 19
46 55 -1 57 11 59 4
4 5 -1 11 15 17 19
46 54 -1 57 11 58 4
4 5 -1 11 15 17 19
45 54 -1 56 10 58 3
4 5 -1 11 15 17 19
45 53 -1 56 9 58 3
4 5 -1 11 15 17 19
45 53 -1 56 9 58 3
4 5 -1 11 15 17 19
44 52 -1 55 8 58 3
4 5 -1 11 15 17 19
44 52 -1 55 7 57 2
4 5 -1 11 15 17 19
43 51 -1 55 6 57 2
4 5 -1 11 15 17 19
43 51 -1 54 5 57 2
4 5 -1 11 15 17 19
42 50 -1 54 4 57 2
4 5 -1 11 15 17 19
42 50 -1 54 3 56 1
4 5 -1 11 15 17 19
41 49 -1 53 3 56 1
4 5 -1 11 15 17 19
41 49 -1 53 2 56 1
4 5 -1 11 15 17 19
40 48 -1 52 1 56 1
4 5 -1 11 15 17 19
40 48 -1 52 0 55 0
4 5 -1 11 14 17 19
39 48 -1 52 59 55 0
4 5 -1 11 14 17 19
39 47 -1 51 58 55 0
4 5 -1 11 14 17 19
39 47 -1 51 57 55 0
4 5 -1 11 14 17 19
39 47 -1 51 57 55 0
4 5 -1 11 14 17 18
38 46 -1 51 56 54 59
4 5 -1 11 14 17 18
37 45 -1 50 54 54 59
4 5 -1 11 14 17 18
37 45 -1 50 53 54 59
4 5 -1 11 14 17 18
36 44 -1 49 52 54 59
30






























1
По всем вопросам касающимся приложения обращайтесь по WhatsApp +79952867503
1
09.2026

      
	
