1
For advertising or questions send us e-mail kogdanamaz@gmail.com 
30
5 6 -1 12 15 18 19
3 12 -1 13 30 14 19
5 6 -1 12 15 18 19
3 11 -1 13 30 14 19
5 6 -1 12 15 18 19
2 11 -1 13 29 13 19
5 6 -1 12 15 18 19
2 10 -1 12 29 13 19
5 6 -1 12 15 18 19
1 10 -1 12 28 13 18
5 6 -1 12 15 18 19
1 9 -1 12 27 13 18
5 6 -1 12 15 18 19
1 9 -1 11 26 12 18
5 6 -1 12 15 18 19
0 9 -1 11 26 12 17
5 6 -1 12 15 18 19
0 8 -1 10 25 12 17
4 6 -1 12 15 18 19
59 8 -1 10 24 12 17
4 6 -1 12 15 18 19
59 7 -1 10 24 12 17
4 6 -1 12 15 18 19
59 7 -1 10 24 12 17
4 6 -1 12 15 18 19
58 6 -1 9 22 11 16
4 6 -1 12 15 18 19
57 6 -1 9 21 11 16
4 6 -1 12 15 18 19
57 5 -1 8 20 11 16
4 6 -1 12 15 18 19
57 5 -1 8 20 10 15
4 6 -1 12 15 18 19
56 4 -1 8 19 10 15
4 6 -1 12 15 18 19
56 4 -1 7 18 10 15
4 6 -1 12 15 18 19
55 3 -1 7 17 10 15
4 6 -1 12 15 18 19
55 3 -1 7 16 10 15
4 6 -1 12 15 18 19
54 2 -1 6 15 9 14
4 6 -1 12 15 18 19
54 2 -1 6 14 9 14
4 6 -1 12 15 18 19
53 1 -1 6 14 9 14
4 6 -1 12 15 18 19
53 1 -1 5 13 9 14
4 6 -1 12 15 18 19
52 0 -1 5 12 8 13
4 6 -1 12 15 18 19
52 0 -1 5 12 8 13
4 6 -1 12 15 18 19
52 0 -1 4 11 8 13
4 5 -1 12 15 18 19
51 59 -1 4 9 8 13
4 5 -1 12 15 18 19
50 58 -1 3 8 8 13
4 5 -1 12 15 18 19
50 58 -1 3 7 7 13
30






























1
По всем вопросам касающимся приложения обращайтесь по WhatsApp +79952867503
1
09.2026

      
	
