1
For advertising or questions send us e-mail kogdanamaz@gmail.com 
30
4 6 -1 13 16 19 21
54 21 -1 4 46 44 13
4 6 -1 13 16 19 21
56 23 -1 3 45 42 11
4 6 -1 13 16 19 21
57 24 -1 3 44 40 9
4 6 -1 13 16 19 21
59 25 -1 3 43 38 6
5 6 -1 13 16 19 21
1 27 -1 2 41 36 4
5 6 -1 13 16 19 21
2 28 -1 2 40 34 2
5 6 -1 13 16 19 20
4 29 -1 2 39 32 59
5 6 -1 13 16 19 20
5 30 -1 1 38 30 57
5 6 -1 13 16 19 20
7 32 -1 1 36 28 55
5 6 -1 13 16 19 20
9 33 -1 1 35 26 53
5 6 -1 13 16 19 20
10 34 -1 0 34 24 50
5 6 -1 13 16 19 20
12 36 -1 0 33 22 48
5 6 -1 13 16 19 20
13 37 -1 0 31 20 46
5 6 -1 12 16 19 20
15 38 -1 59 30 18 44
5 6 -1 12 16 19 20
16 39 -1 59 28 16 42
5 6 -1 12 16 19 20
18 41 -1 58 27 14 39
5 6 -1 12 16 19 20
19 42 -1 58 26 12 37
5 6 -1 12 16 19 20
21 43 -1 58 24 10 35
5 6 -1 12 16 19 20
22 45 -1 57 23 8 33
5 6 -1 12 16 19 20
24 46 -1 57 22 6 31
5 6 -1 12 16 19 20
25 47 -1 57 20 4 28
5 6 -1 12 16 19 20
26 49 -1 56 19 2 26
5 6 -1 12 16 19 20
28 50 -1 56 17 0 24
5 6 -1 12 16 18 20
29 51 -1 56 16 58 22
5 6 -1 12 16 18 20
31 52 -1 55 14 56 20
5 6 -1 12 16 18 20
32 54 -1 55 13 54 18
5 6 -1 12 16 18 20
34 55 -1 55 12 52 16
5 6 -1 12 16 18 20
35 56 -1 54 10 50 14
5 6 -1 12 16 18 20
36 58 -1 54 9 48 11
5 6 -1 12 16 18 20
38 59 -1 54 7 46 9
30






























1
По всем вопросам касающимся приложения обращайтесь по WhatsApp +79952867503
1
09.2026

      
	
