1
For advertising or questions send us e-mail kogdanamaz@gmail.com 
31
4 5 -1 12 15 18 19
44 53 -1 0 15 6 13
4 5 -1 12 15 18 19
43 53 -1 0 14 6 13
4 5 -1 12 15 18 19
42 52 -1 0 14 6 13
4 5 -1 11 15 18 19
42 52 -1 59 13 6 13
4 5 -1 11 15 18 19
41 51 -1 59 12 6 13
4 5 -1 11 15 18 19
40 50 -1 59 11 7 13
4 5 -1 11 15 18 19
40 50 -1 59 11 7 13
4 5 -1 11 15 18 19
39 49 -1 58 10 7 13
4 5 -1 11 15 18 19
38 48 -1 58 9 7 14
4 5 -1 11 15 18 19
38 48 -1 58 9 7 14
4 5 -1 11 15 18 19
37 47 -1 57 8 7 14
4 5 -1 11 15 18 19
36 47 -1 57 7 7 14
4 5 -1 11 15 18 19
36 46 -1 57 6 7 14
4 5 -1 11 15 18 19
35 46 -1 57 6 7 14
4 5 -1 11 15 18 19
34 45 -1 56 5 7 14
4 5 -1 11 15 18 19
34 45 -1 56 4 7 15
4 5 -1 11 15 18 19
33 44 -1 56 3 7 15
4 5 -1 11 15 18 19
32 43 -1 56 3 7 15
4 5 -1 11 15 18 19
32 43 -1 56 2 7 15
4 5 -1 11 15 18 19
31 42 -1 55 1 8 15
4 5 -1 11 15 18 19
31 42 -1 55 1 8 16
4 5 -1 11 15 18 19
30 42 -1 55 0 8 16
4 5 -1 11 14 18 19
29 41 -1 55 59 8 16
4 5 -1 11 15 18 19
29 41 -1 55 0 8 17
4 5 -1 11 15 18 19
28 40 -1 55 0 8 17
4 5 -1 11 15 18 19
28 40 -1 55 1 9 17
4 5 -1 11 15 18 19
27 39 -1 55 2 9 17
4 5 -1 11 15 18 19
27 39 -1 54 2 9 18
4 5 -1 11 15 18 19
26 39 -1 54 3 9 18
4 5 -1 11 15 18 19
26 38 -1 54 4 10 18
4 5 -1 11 15 18 19
25 38 -1 54 4 10 19
31































1
По всем вопросам касающимся приложения обращайтесь по WhatsApp +79952867503
1
10.2026

      
	