1
For advertising or questions send us e-mail kogdanamaz@gmail.com 
30
4 6 -1 12 15 18 19
59 7 -1 8 26 8 14
4 6 -1 12 15 18 19
58 7 -1 8 26 8 14
4 6 -1 12 15 18 19
58 7 -1 8 25 8 14
4 6 -1 12 15 18 19
57 6 -1 7 25 8 13
4 6 -1 12 15 18 19
57 6 -1 7 24 8 13
4 6 -1 12 15 18 19
57 5 -1 7 23 7 13
4 6 -1 12 15 18 19
56 5 -1 6 23 7 13
4 6 -1 12 15 18 19
56 4 -1 6 22 7 12
4 6 -1 12 15 18 19
55 4 -1 6 21 7 12
4 6 -1 12 15 18 19
55 3 -1 5 21 7 12
4 6 -1 12 15 18 19
54 3 -1 5 20 6 12
4 6 -1 12 15 18 19
54 3 -1 5 20 6 12
4 6 -1 12 15 18 19
53 2 -1 4 18 6 11
4 6 -1 12 15 18 19
53 1 -1 4 18 6 11
4 6 -1 12 15 18 19
52 1 -1 4 17 6 11
4 6 -1 12 15 18 19
52 0 -1 3 16 5 11
4 6 -1 12 15 18 19
51 0 -1 3 15 5 10
4 5 -1 12 15 18 19
51 59 -1 2 15 5 10
4 5 -1 12 15 18 19
50 58 -1 2 14 5 10
4 5 -1 12 15 18 19
50 58 -1 2 13 5 10
4 5 -1 12 15 18 19
49 57 -1 1 12 4 10
4 5 -1 12 15 18 19
49 57 -1 1 11 4 9
4 5 -1 12 15 18 19
48 56 -1 1 10 4 9
4 5 -1 12 15 18 19
48 56 -1 0 9 4 9
4 5 -1 12 15 18 19
47 55 -1 0 9 4 9
4 5 -1 12 15 18 19
47 55 -1 0 9 4 9
4 5 -1 12 15 18 19
47 55 -1 0 8 4 9
4 5 -1 11 15 18 19
46 54 -1 59 6 3 8
4 5 -1 11 15 18 19
45 53 -1 59 5 3 8
4 5 -1 11 15 18 19
45 53 -1 58 4 3 8
30






























1
По всем вопросам касающимся приложения обращайтесь по WhatsApp +79952867503
1
09.2026

      
	
