1
For advertising or questions send us e-mail kogdanamaz@gmail.com 
30
5 6 -1 12 16 18 19
37 46 -1 50 3 54 59
5 6 -1 12 16 18 19
37 45 -1 50 2 53 59
5 6 -1 12 16 18 19
37 45 -1 50 1 53 58
5 6 -1 12 16 18 19
37 45 -1 49 1 53 58
5 6 -1 12 16 18 19
37 45 -1 49 1 53 58
5 6 -1 12 15 18 19
36 44 -1 49 59 52 57
5 6 -1 12 15 18 19
36 44 -1 48 58 52 57
5 6 -1 12 15 18 19
35 44 -1 48 57 51 56
5 6 -1 12 15 18 19
35 43 -1 48 56 51 56
5 6 -1 12 15 18 19
35 43 -1 47 55 51 56
5 6 -1 12 15 18 19
35 43 -1 47 54 50 55
5 6 -1 12 15 18 19
34 42 -1 47 53 50 55
5 6 -1 12 15 18 19
34 42 -1 46 52 49 54
5 6 -1 12 15 18 19
34 41 -1 46 51 49 54
5 6 -1 12 15 18 19
33 41 -1 45 50 49 54
5 6 -1 12 15 18 19
33 41 -1 45 49 48 53
5 6 -1 12 15 18 19
33 40 -1 45 48 48 53
5 6 -1 12 15 18 19
32 40 -1 44 47 48 52
5 6 -1 12 15 18 19
32 40 -1 44 46 47 52
5 6 -1 12 15 18 19
32 40 -1 44 46 47 52
5 6 -1 12 15 18 19
31 39 -1 43 44 47 51
5 6 -1 12 15 18 19
31 39 -1 43 43 46 51
5 6 -1 12 15 18 19
31 38 -1 43 44 46 51
5 6 -1 12 15 18 19
30 38 -1 42 44 45 50
5 6 -1 12 15 18 19
30 38 -1 42 45 45 50
5 6 -1 12 15 18 19
30 37 -1 42 45 45 50
5 6 -1 12 15 18 19
29 37 -1 41 45 44 49
5 6 -1 12 15 18 19
29 37 -1 41 46 44 49
5 6 -1 12 15 18 19
29 36 -1 41 46 44 49
5 6 -1 12 15 18 19
28 36 -1 40 46 43 48
30






























1
По всем вопросам касающимся приложения обращайтесь по WhatsApp +79952867503
1
09.2026

      
	
