1
For advertising or questions send us e-mail kogdanamaz@gmail.com 
30
4 5 -1 12 17 19 20
10 42 -1 37 17 22 54
4 5 -1 12 17 19 20
12 43 -1 37 16 20 51
4 5 -1 12 17 19 20
13 45 -1 37 14 18 49
4 5 -1 12 17 19 20
15 46 -1 36 12 15 46
4 5 -1 12 17 19 20
17 48 -1 36 11 13 44
4 5 -1 12 17 19 20
19 49 -1 36 9 11 41
4 5 -1 12 17 19 20
21 51 -1 35 7 9 38
4 5 -1 12 17 19 20
23 52 -1 35 5 7 36
4 5 -1 12 17 19 20
25 54 -1 35 4 5 33
4 5 -1 12 17 19 20
27 55 -1 34 2 2 31
4 5 -1 12 17 19 20
29 57 -1 34 0 0 28
4 5 -1 12 16 18 20
30 58 -1 34 58 58 26
4 6 -1 12 16 18 20
32 0 -1 33 56 56 23
4 6 -1 12 16 18 20
34 1 -1 33 55 53 21
4 6 -1 12 16 18 20
36 3 -1 33 53 51 18
4 6 -1 12 16 18 20
38 4 -1 32 51 49 16
4 6 -1 12 16 18 20
39 6 -1 32 49 47 13
4 6 -1 12 16 18 20
41 7 -1 31 47 45 11
4 6 -1 12 16 18 20
43 9 -1 31 45 42 8
4 6 -1 12 16 18 20
45 10 -1 31 43 40 6
4 6 -1 12 16 18 20
46 12 -1 30 42 38 3
4 6 -1 12 16 18 20
48 13 -1 30 40 36 1
4 6 -1 12 16 18 19
50 15 -1 30 38 33 59
4 6 -1 12 16 18 19
51 17 -1 29 36 31 56
4 6 -1 12 16 18 19
53 18 -1 29 34 29 54
4 6 -1 12 16 18 19
55 20 -1 29 32 27 52
4 6 -1 12 16 18 19
56 21 -1 28 30 25 49
4 6 -1 12 16 18 19
58 23 -1 28 28 22 47
5 6 -1 12 16 18 19
0 24 -1 28 26 20 45
5 6 -1 12 16 18 19
1 26 -1 27 24 18 42
30






























1
По всем вопросам касающимся приложения обращайтесь по WhatsApp +79952867503
1
09.2026

      
	
