1
For advertising or questions send us e-mail kogdanamaz@gmail.com 
30
5 6 -1 12 15 18 19
14 27 -1 19 40 10 19
5 6 -1 12 15 18 19
13 26 -1 18 40 10 20
5 6 -1 12 15 18 19
12 25 -1 18 40 10 20
5 6 -1 12 15 18 19
11 24 -1 18 39 10 20
5 6 -1 12 15 18 19
10 23 -1 17 39 11 20
5 6 -1 12 15 18 19
9 23 -1 17 39 11 20
5 6 -1 12 15 18 19
9 22 -1 17 39 11 21
5 6 -1 12 15 18 19
9 22 -1 17 39 11 21
5 6 -1 12 15 18 19
8 21 -1 16 39 11 21
5 6 -1 12 15 18 19
6 19 -1 16 39 12 21
5 6 -1 12 15 18 19
5 18 -1 15 38 12 22
5 6 -1 12 15 18 19
4 17 -1 15 38 12 22
5 6 -1 12 15 18 19
3 16 -1 15 38 13 22
5 6 -1 12 15 18 19
2 15 -1 14 38 13 22
5 6 -1 12 15 18 19
1 14 -1 14 38 13 22
5 6 -1 12 15 18 19
0 13 -1 14 37 13 23
4 6 -1 12 15 18 19
59 12 -1 13 37 13 23
4 6 -1 12 15 18 19
58 11 -1 13 37 14 23
4 6 -1 12 15 18 19
57 10 -1 12 37 14 23
4 6 -1 12 15 18 19
56 9 -1 12 36 14 24
4 6 -1 12 15 18 19
55 9 -1 12 36 14 24
4 6 -1 12 15 18 19
54 8 -1 11 36 15 24
4 6 -1 12 15 18 19
54 8 -1 11 36 15 24
4 6 -1 12 15 18 19
53 7 -1 11 36 15 24
4 6 -1 12 15 18 19
51 5 -1 10 35 15 25
4 6 -1 12 15 18 19
50 4 -1 10 35 16 25
4 6 -1 12 15 18 19
49 3 -1 10 34 16 26
4 6 -1 12 15 18 19
48 2 -1 9 34 16 26
4 6 -1 12 15 18 19
47 1 -1 9 34 16 26
4 6 -1 12 15 18 19
46 0 -1 9 34 17 27
30






























1
По всем вопросам касающимся приложения обращайтесь по WhatsApp +79952867503
1
09.2026

      
	
