1
For advertising or questions send us e-mail kogdanamaz@gmail.com 
30
4 5 -1 11 14 17 18
21 29 -1 34 46 37 43
4 5 -1 11 14 17 18
20 29 -1 33 46 37 42
4 5 -1 11 14 17 18
20 29 -1 33 45 36 42
4 5 -1 11 14 17 18
20 28 -1 33 44 36 41
4 5 -1 11 14 17 18
20 28 -1 32 43 36 41
4 5 -1 11 14 17 18
19 28 -1 32 42 35 41
4 5 -1 11 14 17 18
19 27 -1 32 41 35 40
4 5 -1 11 14 17 18
19 27 -1 31 40 35 40
4 5 -1 11 14 17 18
19 27 -1 31 40 35 40
4 5 -1 11 14 17 18
18 26 -1 31 38 34 39
4 5 -1 11 14 17 18
18 26 -1 30 37 34 39
4 5 -1 11 14 17 18
18 26 -1 30 36 33 38
4 5 -1 11 14 17 18
17 25 -1 30 35 33 38
4 5 -1 11 14 17 18
17 25 -1 29 34 32 37
4 5 -1 11 14 17 18
17 25 -1 29 33 32 37
4 5 -1 11 14 17 18
16 24 -1 28 32 32 37
4 5 -1 11 14 17 18
16 24 -1 28 31 31 36
4 5 -1 11 14 17 18
16 23 -1 28 30 31 36
4 5 -1 11 14 17 18
15 23 -1 27 29 31 35
4 5 -1 11 14 17 18
15 23 -1 27 28 30 35
4 5 -1 11 14 17 18
15 22 -1 27 27 30 35
4 5 -1 11 14 17 18
14 22 -1 26 27 30 34
4 5 -1 11 14 17 18
14 22 -1 26 27 29 34
4 5 -1 11 14 17 18
14 21 -1 26 28 29 34
4 5 -1 11 14 17 18
13 21 -1 25 28 29 33
4 5 -1 11 14 17 18
13 21 -1 25 28 28 33
4 5 -1 11 14 17 18
13 20 -1 25 29 28 33
4 5 -1 11 14 17 18
12 20 -1 24 29 27 32
4 5 -1 11 14 17 18
12 20 -1 24 29 27 32
4 5 -1 11 14 17 18
12 19 -1 24 30 27 32
30






























1
По всем вопросам касающимся приложения обращайтесь по WhatsApp +79952867503
1
09.2026

      
	
