1
For advertising or questions send us e-mail kogdanamaz@gmail.com 
30
5 6 -1 12 15 18 19
17 29 -1 23 45 18 25
5 6 -1 12 15 18 19
17 28 -1 23 45 18 25
5 6 -1 12 15 18 19
16 27 -1 23 44 18 25
5 6 -1 12 15 18 19
15 26 -1 22 44 18 25
5 6 -1 12 15 18 19
14 26 -1 22 44 18 26
5 6 -1 12 15 18 19
14 25 -1 22 43 18 26
5 6 -1 12 15 18 19
13 24 -1 21 43 18 26
5 6 -1 12 15 18 19
12 23 -1 21 43 18 26
5 6 -1 12 15 18 19
12 23 -1 21 43 18 26
5 6 -1 12 15 18 19
11 22 -1 20 42 18 26
5 6 -1 12 15 18 19
10 21 -1 20 42 18 26
5 6 -1 12 15 18 19
9 20 -1 20 41 18 26
5 6 -1 12 15 18 19
8 19 -1 19 41 19 26
5 6 -1 12 15 18 19
8 18 -1 19 41 19 26
5 6 -1 12 15 18 19
7 18 -1 19 40 19 26
5 6 -1 12 15 18 19
6 17 -1 18 40 19 26
5 6 -1 12 15 18 19
5 16 -1 18 40 19 26
5 6 -1 12 15 18 19
4 15 -1 18 39 19 26
5 6 -1 12 15 18 19
4 15 -1 17 39 19 27
5 6 -1 12 15 18 19
3 14 -1 17 38 19 27
5 6 -1 12 15 18 19
2 13 -1 16 38 19 27
5 6 -1 12 15 18 19
1 12 -1 16 37 19 27
5 6 -1 12 15 18 19
0 11 -1 16 37 19 27
5 6 -1 12 15 18 19
0 11 -1 15 36 20 27
4 6 -1 12 15 18 19
59 10 -1 15 36 20 27
4 6 -1 12 15 18 19
58 9 -1 15 36 20 27
4 6 -1 12 15 18 19
57 8 -1 14 35 20 28
4 6 -1 12 15 18 19
56 7 -1 14 35 20 28
4 6 -1 12 15 18 19
55 7 -1 14 34 20 28
4 6 -1 12 15 18 19
55 6 -1 13 34 20 28
30






























1
По всем вопросам касающимся приложения обращайтесь по WhatsApp +79952867503
1
09.2026

      
	
