1
For advertising or questions send us e-mail kogdanamaz@gmail.com 
30
5 6 -1 12 15 18 19
5 21 -1 30 35 39 48
5 6 -1 12 15 18 19
5 21 -1 30 35 38 47
5 6 -1 12 15 18 19
5 21 -1 30 35 38 46
5 6 -1 12 15 18 19
5 21 -1 29 35 37 46
5 6 -1 12 15 18 19
5 20 -1 29 36 37 45
5 6 -1 12 15 18 19
5 20 -1 29 36 36 44
5 6 -1 12 15 18 19
5 20 -1 28 36 36 44
5 6 -1 12 15 18 19
5 20 -1 28 36 35 43
5 6 -1 12 15 18 19
5 20 -1 28 36 34 42
5 6 -1 12 15 18 19
5 20 -1 27 37 34 42
5 6 -1 12 15 18 19
5 20 -1 27 37 33 41
5 6 -1 12 15 18 19
5 20 -1 27 37 33 41
5 6 -1 12 15 18 19
5 20 -1 26 37 32 40
5 6 -1 12 15 18 19
5 19 -1 26 37 31 39
5 6 -1 12 15 18 19
5 19 -1 26 37 31 38
5 6 -1 12 15 18 19
5 19 -1 25 37 30 38
5 6 -1 12 15 18 19
4 19 -1 25 37 30 37
5 6 -1 12 15 18 19
4 19 -1 25 37 29 37
5 6 -1 12 15 18 19
4 19 -1 24 37 28 36
5 6 -1 12 15 18 19
4 19 -1 24 37 28 35
5 6 -1 12 15 18 19
4 19 -1 23 37 27 35
5 6 -1 12 15 18 19
4 19 -1 23 37 27 34
5 6 -1 12 15 18 19
4 19 -1 23 37 26 33
5 6 -1 12 15 18 19
4 18 -1 22 37 25 33
5 6 -1 12 15 18 19
4 18 -1 22 37 25 32
5 6 -1 12 15 18 19
4 18 -1 22 37 25 32
5 6 -1 12 15 18 19
4 18 -1 22 37 24 32
5 6 -1 12 15 18 19
4 18 -1 21 37 23 31
5 6 -1 12 15 18 19
3 18 -1 21 37 22 30
5 6 -1 12 15 18 19
3 18 -1 20 37 22 29
30






























1
По всем вопросам касающимся приложения обращайтесь по WhatsApp +79952867503
1
09.2026

      
	
