1
For advertising or questions send us e-mail kogdanamaz@gmail.com 
31
4 5 -1 11 15 17 19
41 56 -1 58 17 58 6
4 5 -1 11 15 17 19
41 56 -1 57 17 57 6
4 5 -1 11 15 17 19
41 56 -1 57 17 57 5
4 5 -1 11 15 17 19
41 56 -1 57 16 56 4
4 5 -1 11 15 17 19
41 56 -1 56 16 56 4
4 5 -1 11 15 17 19
41 56 -1 56 16 55 3
4 5 -1 11 15 17 19
41 56 -1 56 16 54 3
4 5 -1 11 15 17 19
41 56 -1 55 16 54 2
4 5 -1 11 15 17 19
41 56 -1 55 16 53 1
4 5 -1 11 15 17 19
41 56 -1 55 15 53 1
4 5 -1 11 15 17 19
41 56 -1 55 15 53 1
4 5 -1 11 15 17 19
41 56 -1 55 15 52 0
4 5 -1 11 15 17 18
41 56 -1 54 15 51 59
4 5 -1 11 15 17 18
41 56 -1 54 15 50 59
4 5 -1 11 15 17 18
41 56 -1 54 14 50 58
4 5 -1 11 15 17 18
41 57 -1 53 14 49 58
4 5 -1 11 15 17 18
41 57 -1 53 14 49 57
4 5 -1 11 15 17 18
41 57 -1 53 14 48 57
4 5 -1 11 15 17 18
41 57 -1 53 14 48 57
4 5 -1 11 15 17 18
41 57 -1 53 14 47 56
4 5 -1 11 15 17 18
41 57 -1 53 13 47 56
4 5 -1 11 15 17 18
41 57 -1 52 13 46 55
4 5 -1 11 15 17 18
41 57 -1 52 13 46 55
4 5 -1 11 15 17 18
41 58 -1 52 13 45 55
4 5 -1 11 15 17 18
41 58 -1 52 13 45 54
4 5 -1 11 15 17 18
41 58 -1 52 13 45 54
4 5 -1 11 15 17 18
41 58 -1 52 13 45 54
4 5 -1 11 15 17 18
42 58 -1 52 12 44 53
4 5 -1 11 15 17 18
42 59 -1 52 12 43 53
4 5 -1 11 15 17 18
42 59 -1 52 12 43 53
4 5 -1 11 15 17 18
42 59 -1 52 12 43 53
31































1
По всем вопросам касающимся приложения обращайтесь по WhatsApp +79952867503
1
10.2026

      
	