1
For advertising or questions send us e-mail kogdanamaz@gmail.com 
30
5 6 -1 12 15 18 19
9 24 -1 31 38 37 45
5 6 -1 12 15 18 19
9 24 -1 31 37 37 45
5 6 -1 12 15 18 19
9 23 -1 30 36 36 44
5 6 -1 12 15 18 19
9 23 -1 30 35 36 44
5 6 -1 12 15 18 19
8 23 -1 30 34 35 43
5 6 -1 12 15 18 19
8 23 -1 29 32 35 42
5 6 -1 12 15 18 19
8 23 -1 29 31 34 42
5 6 -1 12 15 18 19
8 22 -1 29 30 34 41
5 6 -1 12 15 18 19
8 22 -1 28 29 34 41
5 6 -1 12 15 18 19
8 22 -1 28 30 33 40
5 6 -1 12 15 18 19
8 22 -1 28 30 33 40
5 6 -1 12 15 18 19
8 22 -1 28 30 33 40
5 6 -1 12 15 18 19
7 21 -1 27 31 32 39
5 6 -1 12 15 18 19
7 21 -1 27 31 31 38
5 6 -1 12 15 18 19
7 21 -1 26 31 31 38
5 6 -1 12 15 18 19
7 21 -1 26 31 30 37
5 6 -1 12 15 18 19
6 21 -1 26 32 30 37
5 6 -1 12 15 18 19
6 20 -1 25 32 29 36
5 6 -1 12 15 18 19
6 20 -1 25 32 29 36
5 6 -1 12 15 18 19
6 20 -1 24 32 28 35
5 6 -1 12 15 18 19
6 20 -1 24 32 28 35
5 6 -1 12 15 18 19
5 19 -1 24 33 27 34
5 6 -1 12 15 18 19
5 19 -1 23 33 27 34
5 6 -1 12 15 18 19
5 19 -1 23 33 26 33
5 6 -1 12 15 18 19
5 19 -1 23 33 26 33
5 6 -1 12 15 18 19
5 19 -1 23 33 26 33
5 6 -1 12 15 18 19
5 19 -1 22 33 25 32
5 6 -1 12 15 18 19
4 18 -1 22 34 24 31
5 6 -1 12 15 18 19
4 18 -1 21 34 24 31
5 6 -1 12 15 18 19
4 18 -1 21 34 23 30
30






























1
По всем вопросам касающимся приложения обращайтесь по WhatsApp +79952867503
1
09.2026

      
	
