1
For advertising or questions send us e-mail kogdanamaz@gmail.com 
30
4 6 -1 12 15 18 19
58 15 -1 26 37 37 46
4 6 -1 12 15 18 19
59 15 -1 26 37 36 45
4 6 -1 12 15 18 19
59 15 -1 26 37 36 45
4 6 -1 12 15 18 19
59 15 -1 26 37 35 44
4 6 -1 12 15 18 19
59 15 -1 25 37 34 43
4 6 -1 12 15 18 19
59 15 -1 25 37 34 42
4 6 -1 12 15 18 19
59 15 -1 24 37 33 42
4 6 -1 12 15 18 19
59 15 -1 24 37 32 41
4 6 -1 12 15 18 19
59 15 -1 24 37 32 40
4 6 -1 12 15 18 19
59 15 -1 23 37 31 40
4 6 -1 12 15 18 19
59 15 -1 23 37 30 39
4 6 -1 12 15 18 19
59 15 -1 23 37 30 39
4 6 -1 12 15 18 19
59 15 -1 22 37 29 37
4 6 -1 12 15 18 19
59 15 -1 22 37 28 37
4 6 -1 12 15 18 19
59 15 -1 22 37 27 36
4 6 -1 12 15 18 19
59 15 -1 21 37 27 35
4 6 -1 12 15 18 19
59 15 -1 21 37 26 34
4 6 -1 12 15 18 19
59 15 -1 21 37 25 34
4 6 -1 12 15 18 19
59 15 -1 20 37 25 33
4 6 -1 12 15 18 19
59 15 -1 20 37 24 32
4 6 -1 12 15 18 19
59 15 -1 20 37 23 32
4 6 -1 12 15 18 19
59 15 -1 19 37 23 31
4 6 -1 12 15 18 19
59 15 -1 19 37 22 30
4 6 -1 12 15 18 19
59 15 -1 18 37 21 29
4 6 -1 12 15 18 19
59 15 -1 18 37 21 29
4 6 -1 12 15 18 19
59 15 -1 18 37 21 29
4 6 -1 12 15 18 19
59 15 -1 18 36 20 28
4 6 -1 12 15 18 19
59 15 -1 17 36 19 27
4 6 -1 12 15 18 19
59 15 -1 17 36 18 26
4 6 -1 12 15 18 19
59 15 -1 16 36 17 25
30






























1
По всем вопросам касающимся приложения обращайтесь по WhatsApp +79952867503
1
09.2026

      
	
