1
For advertising or questions send us e-mail kogdanamaz@gmail.com 
30
5 6 -1 12 15 18 20
21 36 -1 45 48 53 1
5 6 -1 12 15 18 20
21 36 -1 45 47 52 0
5 6 -1 12 15 18 20
21 36 -1 44 46 51 0
5 6 -1 12 15 18 19
21 36 -1 44 46 51 59
5 6 -1 12 15 18 19
21 36 -1 44 47 50 58
5 6 -1 12 15 18 19
21 36 -1 43 47 50 58
5 6 -1 12 15 18 19
21 36 -1 43 47 49 57
5 6 -1 12 15 18 19
21 35 -1 43 48 49 57
5 6 -1 12 15 18 19
20 35 -1 42 48 48 56
5 6 -1 12 15 18 19
20 35 -1 42 48 48 55
5 6 -1 12 15 18 19
20 35 -1 42 48 47 55
5 6 -1 12 15 18 19
20 35 -1 42 48 47 55
5 6 -1 12 15 18 19
20 35 -1 41 49 46 54
5 6 -1 12 15 18 19
20 34 -1 41 49 45 53
5 6 -1 12 15 18 19
20 34 -1 40 49 45 52
5 6 -1 12 15 18 19
20 34 -1 40 49 44 52
5 6 -1 12 15 18 19
20 34 -1 39 49 44 51
5 6 -1 12 15 18 19
19 34 -1 39 49 43 51
5 6 -1 12 15 18 19
19 34 -1 39 50 43 50
5 6 -1 12 15 18 19
19 34 -1 38 50 42 49
5 6 -1 12 15 18 19
19 33 -1 38 50 42 49
5 6 -1 12 15 18 19
19 33 -1 38 50 41 48
5 6 -1 12 15 18 19
19 33 -1 37 50 40 48
5 6 -1 12 15 18 19
19 33 -1 37 50 40 47
5 6 -1 12 15 18 19
19 33 -1 37 50 39 47
5 6 -1 12 15 18 19
19 33 -1 37 50 39 47
5 6 -1 12 15 18 19
18 33 -1 36 50 39 46
5 6 -1 12 15 18 19
18 32 -1 36 50 38 45
5 6 -1 12 15 18 19
18 32 -1 35 50 37 45
5 6 -1 12 15 18 19
18 32 -1 35 50 37 44
30






























1
По всем вопросам касающимся приложения обращайтесь по WhatsApp +79952867503
1
09.2026

      
	
