1
For advertising or questions send us e-mail kogdanamaz@gmail.com 
30
3 5 -1 12 16 18 20
29 6 -1 4 44 51 27
3 5 -1 12 16 18 20
31 7 -1 3 42 48 24
3 5 -1 12 16 18 20
34 9 -1 3 40 46 21
3 5 -1 12 16 18 20
36 11 -1 3 39 44 18
3 5 -1 12 16 18 20
38 12 -1 2 37 42 16
3 5 -1 12 16 18 20
40 14 -1 2 35 39 13
3 5 -1 12 16 18 20
42 15 -1 2 33 37 10
3 5 -1 12 16 18 20
44 17 -1 1 31 35 7
3 5 -1 12 16 18 20
46 19 -1 1 29 32 5
3 5 -1 12 16 18 20
48 20 -1 1 28 30 2
3 5 -1 12 16 18 19
50 22 -1 0 26 28 59
3 5 -1 12 16 18 19
52 23 -1 0 24 26 57
3 5 -1 12 16 18 19
54 25 -1 0 22 23 54
3 5 -1 11 16 18 19
56 27 -1 59 20 21 51
3 5 -1 11 16 18 19
58 28 -1 59 18 19 49
4 5 -1 11 16 18 19
0 30 -1 59 16 16 46
4 5 -1 11 16 18 19
2 31 -1 58 14 14 44
4 5 -1 11 16 18 19
3 33 -1 58 12 12 41
4 5 -1 11 16 18 19
5 35 -1 57 10 9 38
4 5 -1 11 16 18 19
7 36 -1 57 8 7 36
4 5 -1 11 16 18 19
9 38 -1 57 6 5 33
4 5 -1 11 16 18 19
11 40 -1 56 4 2 31
4 5 -1 11 16 18 19
13 41 -1 56 2 0 28
4 5 -1 11 16 17 19
15 43 -1 56 0 58 26
4 5 -1 11 15 17 19
16 44 -1 55 58 55 23
4 5 -1 11 15 17 19
18 46 -1 55 56 53 21
4 5 -1 11 15 17 19
20 48 -1 55 54 51 18
4 5 -1 11 15 17 19
22 49 -1 54 52 48 16
4 5 -1 11 15 17 19
23 51 -1 54 50 46 13
4 5 -1 11 15 17 19
25 53 -1 54 48 44 11
30






























1
По всем вопросам касающимся приложения обращайтесь по WhatsApp +79952867503
1
09.2026

      
	
