1
For advertising or questions send us e-mail kogdanamaz@gmail.com 
30
5 6 -1 12 15 18 19
4 20 -1 31 38 40 49
5 6 -1 12 15 18 19
4 20 -1 30 38 40 48
5 6 -1 12 15 18 19
4 20 -1 30 38 39 48
5 6 -1 12 15 18 19
4 20 -1 30 39 38 47
5 6 -1 12 15 18 19
4 20 -1 29 39 38 46
5 6 -1 12 15 18 19
4 20 -1 29 39 37 46
5 6 -1 12 15 18 19
4 20 -1 29 39 37 45
5 6 -1 12 15 18 19
4 20 -1 28 39 36 44
5 6 -1 12 15 18 19
4 20 -1 28 39 35 44
5 6 -1 12 15 18 19
4 20 -1 28 39 35 43
5 6 -1 12 15 18 19
4 20 -1 27 39 34 42
5 6 -1 12 15 18 19
4 20 -1 27 39 34 42
5 6 -1 12 15 18 19
4 20 -1 27 40 33 41
5 6 -1 12 15 18 19
4 19 -1 26 40 32 40
5 6 -1 12 15 18 19
4 19 -1 26 40 31 39
5 6 -1 12 15 18 19
4 19 -1 26 40 31 39
5 6 -1 12 15 18 19
4 19 -1 25 40 30 38
5 6 -1 12 15 18 19
4 19 -1 25 40 29 37
5 6 -1 12 15 18 19
4 19 -1 25 40 29 37
5 6 -1 12 15 18 19
4 19 -1 24 40 28 36
5 6 -1 12 15 18 19
4 19 -1 24 40 28 35
5 6 -1 12 15 18 19
4 19 -1 23 40 27 35
5 6 -1 12 15 18 19
4 19 -1 23 40 26 34
5 6 -1 12 15 18 19
4 19 -1 23 39 26 33
5 6 -1 12 15 18 19
4 19 -1 22 39 25 33
5 6 -1 12 15 18 19
4 19 -1 22 39 25 33
5 6 -1 12 15 18 19
4 19 -1 22 39 24 32
5 6 -1 12 15 18 19
4 19 -1 21 39 23 31
5 6 -1 12 15 18 19
4 19 -1 21 39 22 30
5 6 -1 12 15 18 19
4 19 -1 21 39 22 30
30






























1
По всем вопросам касающимся приложения обращайтесь по WhatsApp +79952867503
1
09.2026

      
	
