1
For advertising or questions send us e-mail kogdanamaz@gmail.com 
30
5 6 -1 12 15 18 19
11 25 -1 33 40 39 46
5 6 -1 12 15 18 19
10 25 -1 32 39 38 46
5 6 -1 12 15 18 19
10 25 -1 32 38 38 45
5 6 -1 12 15 18 19
10 25 -1 32 37 37 45
5 6 -1 12 15 18 19
10 25 -1 31 36 37 44
5 6 -1 12 15 18 19
10 24 -1 31 34 36 44
5 6 -1 12 15 18 19
10 24 -1 31 33 36 43
5 6 -1 12 15 18 19
10 24 -1 30 32 35 43
5 6 -1 12 15 18 19
9 24 -1 30 31 35 42
5 6 -1 12 15 18 19
9 24 -1 30 30 34 42
5 6 -1 12 15 18 19
9 23 -1 29 31 34 41
5 6 -1 12 15 18 19
9 23 -1 29 31 34 41
5 6 -1 12 15 18 19
9 23 -1 28 31 33 40
5 6 -1 12 15 18 19
9 23 -1 28 32 32 40
5 6 -1 12 15 18 19
8 22 -1 28 32 32 39
5 6 -1 12 15 18 19
8 22 -1 27 32 31 39
5 6 -1 12 15 18 19
8 22 -1 27 33 31 38
5 6 -1 12 15 18 19
8 22 -1 27 33 31 38
5 6 -1 12 15 18 19
8 22 -1 26 33 30 37
5 6 -1 12 15 18 19
7 21 -1 26 33 30 37
5 6 -1 12 15 18 19
7 21 -1 26 33 29 36
5 6 -1 12 15 18 19
7 21 -1 25 34 29 36
5 6 -1 12 15 18 19
7 21 -1 25 34 28 35
5 6 -1 12 15 18 19
7 20 -1 25 34 28 35
5 6 -1 12 15 18 19
6 20 -1 24 34 27 34
5 6 -1 12 15 18 19
6 20 -1 24 34 27 34
5 6 -1 12 15 18 19
6 20 -1 24 34 27 34
5 6 -1 12 15 18 19
6 20 -1 23 35 26 33
5 6 -1 12 15 18 19
5 19 -1 23 35 25 32
5 6 -1 12 15 18 19
5 19 -1 23 35 25 32
30






























1
По всем вопросам касающимся приложения обращайтесь по WhatsApp +79952867503
1
09.2026

      
	
