1
For advertising or questions send us e-mail kogdanamaz@gmail.com 
30
5 6 -1 12 15 18 19
15 30 -1 38 43 45 53
5 6 -1 12 15 18 19
15 30 -1 38 42 45 53
5 6 -1 12 15 18 19
15 30 -1 38 41 44 52
5 6 -1 12 15 18 19
15 30 -1 37 40 44 51
5 6 -1 12 15 18 19
15 30 -1 37 39 43 51
5 6 -1 12 15 18 19
15 29 -1 37 38 43 50
5 6 -1 12 15 18 19
14 29 -1 36 38 42 50
5 6 -1 12 15 18 19
14 29 -1 36 39 42 49
5 6 -1 12 15 18 19
14 29 -1 35 39 41 49
5 6 -1 12 15 18 19
14 29 -1 35 39 41 48
5 6 -1 12 15 18 19
14 28 -1 35 39 40 47
5 6 -1 12 15 18 19
14 28 -1 35 39 40 47
5 6 -1 12 15 18 19
14 28 -1 34 40 39 46
5 6 -1 12 15 18 19
14 28 -1 34 40 38 46
5 6 -1 12 15 18 19
13 28 -1 33 40 38 45
5 6 -1 12 15 18 19
13 28 -1 33 41 37 45
5 6 -1 12 15 18 19
13 27 -1 33 41 37 44
5 6 -1 12 15 18 19
13 27 -1 32 41 36 43
5 6 -1 12 15 18 19
13 27 -1 32 41 36 43
5 6 -1 12 15 18 19
13 27 -1 32 41 35 42
5 6 -1 12 15 18 19
13 27 -1 31 41 35 42
5 6 -1 12 15 18 19
12 26 -1 31 42 34 41
5 6 -1 12 15 18 19
12 26 -1 31 42 34 41
5 6 -1 12 15 18 19
12 26 -1 30 42 33 40
5 6 -1 12 15 18 19
12 26 -1 30 42 33 40
5 6 -1 12 15 18 19
12 26 -1 30 42 33 40
5 6 -1 12 15 18 19
12 26 -1 29 42 32 39
5 6 -1 12 15 18 19
11 25 -1 29 42 31 38
5 6 -1 12 15 18 19
11 25 -1 28 42 31 38
5 6 -1 12 15 18 19
11 25 -1 28 42 30 37
30






























1
По всем вопросам касающимся приложения обращайтесь по WhatsApp +79952867503
1
09.2026

      
	
