1
For advertising or questions send us e-mail kogdanamaz@gmail.com 
30
4 5 -1 12 15 18 19
43 53 -1 3 11 13 20
4 5 -1 12 15 18 19
43 53 -1 3 11 12 19
4 5 -1 12 15 18 19
43 53 -1 3 11 12 18
4 5 -1 12 15 18 19
43 53 -1 2 11 11 18
4 5 -1 12 15 18 19
43 52 -1 2 11 10 17
4 5 -1 12 15 18 19
43 52 -1 2 11 10 16
4 5 -1 12 15 18 19
43 52 -1 1 12 9 15
4 5 -1 12 15 18 19
43 52 -1 1 12 8 15
4 5 -1 12 15 18 19
43 52 -1 1 12 8 14
4 5 -1 12 15 18 19
43 52 -1 0 12 7 13
4 5 -1 12 15 18 19
43 52 -1 0 12 6 13
4 5 -1 12 15 18 19
43 52 -1 0 12 6 13
4 5 -1 11 15 18 19
43 52 -1 59 12 5 11
4 5 -1 11 15 18 19
43 52 -1 59 12 5 11
4 5 -1 11 15 18 19
43 52 -1 58 12 4 10
4 5 -1 11 15 18 19
43 52 -1 58 12 3 9
4 5 -1 11 15 18 19
43 52 -1 58 12 3 9
4 5 -1 11 15 18 19
43 52 -1 57 12 2 8
4 5 -1 11 15 18 19
43 52 -1 57 12 1 7
4 5 -1 11 15 18 19
43 52 -1 57 12 1 7
4 5 -1 11 15 18 19
43 51 -1 56 12 0 6
4 5 -1 11 15 17 19
43 51 -1 56 12 59 5
4 5 -1 11 15 17 19
43 51 -1 56 12 59 5
4 5 -1 11 15 17 19
43 51 -1 55 12 58 4
4 5 -1 11 15 17 19
42 51 -1 55 12 57 3
4 5 -1 11 15 17 19
42 51 -1 55 12 57 3
4 5 -1 11 15 17 19
42 51 -1 55 12 57 3
4 5 -1 11 15 17 19
42 51 -1 54 12 56 1
4 5 -1 11 15 17 19
42 51 -1 54 12 55 1
4 5 -1 11 15 17 19
42 51 -1 53 11 54 0
30






























1
По всем вопросам касающимся приложения обращайтесь по WhatsApp +79952867503
1
09.2026

      
	
