1
For advertising or questions send us e-mail kogdanamaz@gmail.com 
31
4 5 -1 11 15 17 19
30 40 -1 47 3 54 0
4 5 -1 11 15 17 19
29 39 -1 47 3 54 1
4 5 -1 11 15 17 19
28 39 -1 47 2 54 1
4 5 -1 11 15 17 19
28 38 -1 46 1 54 1
4 5 -1 11 15 17 19
27 37 -1 46 1 54 1
4 5 -1 11 15 17 19
26 37 -1 46 0 54 1
4 5 -1 11 14 17 19
26 36 -1 45 59 54 1
4 5 -1 11 14 17 19
25 35 -1 45 59 54 1
4 5 -1 11 14 17 19
24 35 -1 45 58 54 1
4 5 -1 11 14 17 19
23 34 -1 45 57 54 2
4 5 -1 11 14 17 19
23 34 -1 45 57 54 2
4 5 -1 11 14 17 19
23 34 -1 44 57 54 2
4 5 -1 11 14 17 19
21 32 -1 44 55 54 2
4 5 -1 11 14 17 19
21 32 -1 44 55 55 2
4 5 -1 11 14 17 19
20 31 -1 43 54 55 2
4 5 -1 11 14 17 19
19 31 -1 43 53 55 3
4 5 -1 11 14 17 19
19 30 -1 43 53 55 3
4 5 -1 11 14 17 19
18 30 -1 43 52 55 3
4 5 -1 11 14 17 19
17 29 -1 43 51 55 3
4 5 -1 11 14 17 19
17 29 -1 42 51 55 4
4 5 -1 11 14 17 19
16 28 -1 42 50 56 4
4 5 -1 11 14 17 19
16 27 -1 42 49 56 4
4 5 -1 11 14 17 19
15 27 -1 42 49 56 5
4 5 -1 11 14 17 19
14 27 -1 42 48 56 5
4 5 -1 11 14 17 19
14 26 -1 42 47 56 5
4 5 -1 11 14 17 19
14 26 -1 42 47 56 5
4 5 -1 11 14 17 19
13 26 -1 42 47 57 6
4 5 -1 11 14 17 19
12 25 -1 41 48 57 6
4 5 -1 11 14 17 19
12 24 -1 41 48 57 7
4 5 -1 11 14 17 19
11 24 -1 41 49 58 7
4 5 -1 11 14 17 19
11 24 -1 41 50 58 7
31































1
По всем вопросам касающимся приложения обращайтесь по WhatsApp +79952867503
1
10.2026

      
	
