1
For advertising or questions send us e-mail kogdanamaz@gmail.com 
31
5 6 -1 13 16 18 19
9 39 -1 5 20 21 51
5 6 -1 13 16 18 19
11 41 -1 5 18 18 48
5 6 -1 13 16 18 19
13 43 -1 5 16 16 46
5 6 -1 13 16 18 19
14 44 -1 5 14 14 44
5 6 -1 13 16 18 19
16 46 -1 5 12 11 41
5 6 -1 13 16 18 19
18 48 -1 5 10 9 39
5 6 -1 13 16 18 19
20 50 -1 5 7 7 37
5 6 -1 13 16 18 19
22 52 -1 5 5 4 34
5 6 -1 13 16 18 19
23 53 -1 5 3 2 32
5 6 -1 13 16 18 19
25 55 -1 5 1 0 30
5 6 -1 13 15 17 19
27 57 -1 5 59 57 27
5 6 -1 13 15 17 19
29 59 -1 5 57 55 25
5 7 -1 13 15 17 19
31 1 -1 5 55 53 23
5 7 -1 13 15 17 19
32 2 -1 5 53 50 20
5 7 -1 13 15 17 19
34 4 -1 5 51 48 18
5 7 -1 13 15 17 19
36 6 -1 5 49 46 16
5 7 -1 13 15 17 19
38 8 -1 5 47 43 13
5 7 -1 13 15 17 19
40 10 -1 5 44 41 11
5 7 -1 13 15 17 19
42 12 -1 5 42 39 9
5 7 -1 13 15 17 19
43 13 -1 5 40 37 7
5 7 -1 13 15 17 19
45 15 -1 5 38 35 5
5 7 -1 13 15 17 19
47 17 -1 5 36 32 2
5 7 -1 13 15 17 19
49 19 -1 5 34 30 0
5 7 -1 13 15 17 18
51 21 -1 5 32 28 58
5 7 -1 13 15 17 18
53 23 -1 5 31 26 56
5 7 -1 13 15 17 18
55 25 -1 5 29 24 54
5 7 -1 13 15 17 18
57 27 -1 5 27 22 52
5 7 -1 13 15 17 18
58 28 -1 5 25 20 50
6 7 -1 13 15 17 18
0 30 -1 5 23 18 48
6 7 -1 13 15 17 18
2 32 -1 5 21 16 46
6 7 -1 13 15 17 18
4 34 -1 5 19 14 44
31































1
По всем вопросам касающимся приложения обращайтесь по WhatsApp +79952867503
1
10.2026

      
	
