1
For advertising or questions send us e-mail kogdanamaz@gmail.com 
31
5 6 -1 12 16 18 19
3 25 -1 22 21 12 34
5 6 -1 12 16 18 19
5 26 -1 22 19 10 31
5 6 -1 12 16 18 19
6 28 -1 21 17 8 29
5 6 -1 12 16 18 19
8 29 -1 21 16 6 27
5 6 -1 12 16 18 19
9 31 -1 21 14 4 25
5 6 -1 12 16 18 19
10 32 -1 20 12 2 23
5 6 -1 12 16 18 19
12 34 -1 20 10 0 21
5 6 -1 12 16 17 19
13 35 -1 20 8 58 19
5 6 -1 12 16 17 19
15 36 -1 19 7 56 17
5 6 -1 12 16 17 19
16 38 -1 19 5 54 15
5 6 -1 12 16 17 19
18 39 -1 19 3 52 13
5 6 -1 12 16 17 19
19 41 -1 19 1 50 12
5 6 -1 12 16 17 19
20 42 -1 18 0 48 10
5 6 -1 12 15 17 19
22 44 -1 18 58 46 8
5 6 -1 12 15 17 19
23 45 -1 18 56 44 6
5 6 -1 12 15 17 19
25 46 -1 18 54 42 4
5 6 -1 12 15 17 19
26 48 -1 18 53 40 2
5 6 -1 12 15 17 19
27 49 -1 17 51 38 1
5 6 -1 12 15 17 18
29 51 -1 17 49 37 59
5 6 -1 12 15 17 18
30 52 -1 17 48 35 57
5 6 -1 12 15 17 18
31 54 -1 17 46 33 55
5 6 -1 12 15 17 18
33 55 -1 17 44 31 54
5 6 -1 12 15 17 18
34 57 -1 17 43 29 52
5 6 -1 12 15 17 18
36 58 -1 16 41 28 50
5 7 -1 12 15 17 18
37 0 -1 16 39 26 49
5 7 -1 12 15 17 18
38 1 -1 16 38 24 47
5 7 -1 12 15 17 18
40 3 -1 16 36 23 46
5 7 -1 12 15 17 18
41 4 -1 16 35 21 44
5 7 -1 12 15 17 18
42 6 -1 16 33 19 43
5 7 -1 12 15 17 18
44 7 -1 16 31 18 41
5 7 -1 12 15 17 18
45 9 -1 16 30 16 40
31































1
По всем вопросам касающимся приложения обращайтесь по WhatsApp +79952867503
1
10.2026

      
	
