1
For advertising or questions send us e-mail kogdanamaz@gmail.com 
30
5 6 -1 12 15 18 19
0 10 -1 7 28 3 10
4 6 -1 12 15 18 19
59 9 -1 7 27 3 10
4 6 -1 12 15 18 19
59 9 -1 6 27 3 10
4 6 -1 12 15 18 19
58 8 -1 6 27 3 10
4 6 -1 12 15 18 19
57 7 -1 6 26 3 10
4 6 -1 12 15 18 19
57 7 -1 5 26 3 10
4 6 -1 12 15 18 19
56 6 -1 5 26 3 10
4 6 -1 12 15 18 19
56 5 -1 5 25 3 10
4 6 -1 12 15 18 19
55 5 -1 4 25 3 10
4 6 -1 12 15 18 19
54 4 -1 4 24 3 9
4 6 -1 12 15 18 19
54 3 -1 4 24 3 9
4 6 -1 12 15 18 19
54 3 -1 4 24 3 9
4 6 -1 12 15 18 19
52 2 -1 3 23 3 9
4 6 -1 12 15 18 19
51 1 -1 2 22 3 9
4 6 -1 12 15 18 19
51 1 -1 2 22 3 9
4 6 -1 12 15 18 19
50 0 -1 2 21 3 9
4 5 -1 12 15 18 19
49 59 -1 1 21 3 9
4 5 -1 12 15 18 19
49 58 -1 1 20 3 9
4 5 -1 12 15 18 19
48 58 -1 1 20 3 9
4 5 -1 12 15 18 19
47 57 -1 0 19 3 9
4 5 -1 12 15 18 19
47 56 -1 0 19 3 9
4 5 -1 12 15 18 19
46 56 -1 0 18 3 9
4 5 -1 11 15 18 19
45 55 -1 59 17 3 9
4 5 -1 11 15 18 19
44 54 -1 59 17 3 9
4 5 -1 11 15 18 19
44 54 -1 59 16 3 9
4 5 -1 11 15 18 19
44 54 -1 59 16 3 9
4 5 -1 11 15 18 19
43 53 -1 58 16 3 9
4 5 -1 11 15 18 19
42 51 -1 58 14 3 9
4 5 -1 11 15 18 19
41 51 -1 57 14 3 10
4 5 -1 11 15 18 19
40 50 -1 57 13 3 10
30






























1
По всем вопросам касающимся приложения обращайтесь по WhatsApp +79952867503
1
09.2026

      
	
