1
For advertising or questions send us e-mail kogdanamaz@gmail.com 
31
4 5 -1 11 14 17 18
25 35 -1 42 58 49 55
4 5 -1 11 14 17 18
25 35 -1 42 57 49 56
4 5 -1 11 14 17 18
24 34 -1 42 57 49 56
4 5 -1 11 14 17 18
23 33 -1 42 56 49 56
4 5 -1 11 14 17 18
23 33 -1 41 55 49 56
4 5 -1 11 14 17 18
22 32 -1 41 55 49 56
4 5 -1 11 14 17 18
21 31 -1 41 54 49 56
4 5 -1 11 14 17 18
20 31 -1 40 53 49 56
4 5 -1 11 14 17 18
20 30 -1 40 53 49 56
4 5 -1 11 14 17 18
19 30 -1 40 52 49 56
4 5 -1 11 14 17 18
19 30 -1 40 52 49 56
4 5 -1 11 14 17 18
18 29 -1 40 51 49 57
4 5 -1 11 14 17 18
17 28 -1 39 50 49 57
4 5 -1 11 14 17 18
16 27 -1 39 49 50 57
4 5 -1 11 14 17 18
16 27 -1 39 48 50 57
4 5 -1 11 14 17 18
15 26 -1 38 48 50 57
4 5 -1 11 14 17 18
14 26 -1 38 47 50 58
4 5 -1 11 14 17 18
14 25 -1 38 46 50 58
4 5 -1 11 14 17 18
13 25 -1 38 46 50 58
4 5 -1 11 14 17 18
12 24 -1 38 45 50 58
4 5 -1 11 14 17 18
12 24 -1 37 44 50 59
4 5 -1 11 14 17 18
11 23 -1 37 44 51 59
4 5 -1 11 14 17 18
11 23 -1 37 43 51 59
4 5 -1 11 14 17 19
10 22 -1 37 42 51 0
4 5 -1 11 14 17 19
10 22 -1 37 42 51 0
4 5 -1 11 14 17 19
10 22 -1 37 42 51 0
4 5 -1 11 14 17 19
9 21 -1 37 42 51 0
4 5 -1 11 14 17 19
8 20 -1 37 43 52 1
4 5 -1 11 14 17 19
7 20 -1 37 44 52 1
4 5 -1 11 14 17 19
7 20 -1 36 45 52 2
4 5 -1 11 14 17 19
6 19 -1 36 45 53 2
31































1
По всем вопросам касающимся приложения обращайтесь по WhatsApp +79952867503
1
10.2026

      
	
