1
For advertising or questions send us e-mail kogdanamaz@gmail.com 
30
4 6 -1 11 15 17 18
46 2 -1 50 10 38 50
4 6 -1 11 15 17 18
45 1 -1 50 10 38 51
4 6 -1 11 15 17 18
44 0 -1 50 10 39 51
4 5 -1 11 15 17 18
43 59 -1 49 10 39 51
4 5 -1 11 15 17 18
42 58 -1 49 10 39 52
4 5 -1 11 15 17 18
40 57 -1 49 10 40 52
4 5 -1 11 15 17 18
39 56 -1 48 10 40 53
4 5 -1 11 15 17 18
38 54 -1 48 10 41 53
4 5 -1 11 15 17 18
37 53 -1 48 10 41 53
4 5 -1 11 15 17 18
36 52 -1 47 10 41 54
4 5 -1 11 15 17 18
35 51 -1 47 10 42 54
4 5 -1 11 15 17 18
34 50 -1 46 10 42 55
4 5 -1 11 15 17 18
33 49 -1 46 10 43 55
4 5 -1 11 15 17 18
32 48 -1 46 10 43 55
4 5 -1 11 15 17 18
31 47 -1 45 10 43 56
4 5 -1 11 15 17 18
30 46 -1 45 10 44 56
4 5 -1 11 15 17 18
28 45 -1 45 10 44 57
4 5 -1 11 15 17 18
27 43 -1 44 10 45 57
4 5 -1 11 15 17 18
26 42 -1 44 10 45 57
4 5 -1 11 15 17 18
25 41 -1 44 10 45 58
4 5 -1 11 15 17 18
24 40 -1 43 9 46 58
4 5 -1 11 15 17 18
23 39 -1 43 9 46 59
4 5 -1 11 15 17 18
21 38 -1 43 9 47 59
4 5 -1 11 15 17 19
20 37 -1 42 9 47 0
4 5 -1 11 15 17 19
19 36 -1 42 9 47 0
4 5 -1 11 15 17 19
18 35 -1 42 9 48 1
4 5 -1 11 15 17 19
17 34 -1 41 9 48 1
4 5 -1 11 15 17 19
16 32 -1 41 9 49 2
4 5 -1 11 15 17 19
14 31 -1 41 9 49 2
4 5 -1 11 15 17 19
13 30 -1 40 9 50 3
30






























1
По всем вопросам касающимся приложения обращайтесь по WhatsApp +79952867503
1
09.2026

      
	
