1
For advertising or questions send us e-mail kogdanamaz@gmail.com 
31
4 5 -1 11 14 17 18
9 22 -1 31 55 39 49
4 5 -1 11 14 17 18
8 21 -1 31 54 39 49
4 5 -1 11 14 17 18
7 20 -1 30 54 40 49
4 5 -1 11 14 17 18
6 19 -1 30 54 40 50
4 5 -1 11 14 17 18
5 18 -1 30 53 40 50
4 5 -1 11 14 17 18
4 18 -1 29 53 40 50
4 5 -1 11 14 17 18
3 17 -1 29 53 41 51
4 5 -1 11 14 17 18
2 16 -1 29 52 41 51
4 5 -1 11 14 17 18
1 15 -1 28 52 41 51
4 5 -1 11 14 17 18
0 14 -1 28 51 42 52
3 5 -1 11 14 17 18
59 13 -1 28 51 42 52
3 5 -1 11 14 17 18
58 13 -1 28 51 42 53
3 5 -1 11 14 17 18
57 12 -1 27 50 42 53
3 5 -1 11 14 17 18
57 11 -1 27 50 43 53
3 5 -1 11 14 17 18
56 10 -1 27 49 43 54
3 5 -1 11 14 17 18
55 9 -1 27 49 43 54
3 5 -1 11 14 17 18
54 9 -1 27 49 44 55
3 5 -1 11 14 17 18
53 8 -1 26 48 44 55
3 5 -1 11 14 17 18
52 7 -1 26 48 44 56
3 5 -1 11 14 17 18
51 6 -1 26 48 45 56
3 5 -1 11 14 17 18
50 6 -1 26 47 45 57
3 5 -1 11 14 17 18
50 5 -1 26 47 46 57
3 5 -1 11 14 17 18
49 4 -1 26 46 46 58
3 5 -1 11 14 17 18
48 4 -1 25 46 46 58
3 5 -1 11 14 17 18
47 3 -1 25 46 47 59
3 5 -1 11 14 17 18
46 2 -1 25 45 47 59
3 5 -1 11 14 17 19
46 2 -1 25 45 48 0
3 5 -1 11 14 17 19
45 1 -1 25 45 48 1
3 5 -1 11 14 17 19
44 1 -1 25 44 49 1
3 5 -1 11 14 17 19
43 0 -1 25 44 49 2
3 4 -1 11 14 17 19
43 59 -1 25 43 49 2
31































1
По всем вопросам касающимся приложения обращайтесь по WhatsApp +79952867503
1
10.2026

      
	