1
For advertising or questions send us e-mail kogdanamaz@gmail.com 
31
4 5 -1 11 15 18 19
38 49 -1 57 17 4 12
4 5 -1 11 15 18 19
37 49 -1 57 16 4 12
4 5 -1 11 15 18 19
37 48 -1 56 15 4 12
4 5 -1 11 15 18 19
36 47 -1 56 15 5 12
4 5 -1 11 15 18 19
35 46 -1 56 14 5 13
4 5 -1 11 15 18 19
34 46 -1 56 14 5 13
4 5 -1 11 15 18 19
33 45 -1 55 13 5 13
4 5 -1 11 15 18 19
33 44 -1 55 13 5 13
4 5 -1 11 15 18 19
32 43 -1 55 12 5 13
4 5 -1 11 15 18 19
31 43 -1 54 12 5 14
4 5 -1 11 15 18 19
30 42 -1 54 11 6 14
4 5 -1 11 15 18 19
29 41 -1 54 10 6 14
4 5 -1 11 15 18 19
29 41 -1 54 10 6 14
4 5 -1 11 15 18 19
28 40 -1 53 9 6 15
4 5 -1 11 15 18 19
27 39 -1 53 9 6 15
4 5 -1 11 15 18 19
26 39 -1 53 8 6 15
4 5 -1 11 15 18 19
26 38 -1 53 8 7 16
4 5 -1 11 15 18 19
25 37 -1 53 7 7 16
4 5 -1 11 15 18 19
24 37 -1 52 6 7 16
4 5 -1 11 15 18 19
23 36 -1 52 6 7 17
4 5 -1 11 15 18 19
23 36 -1 52 5 8 17
4 5 -1 11 15 18 19
22 35 -1 52 5 8 17
4 5 -1 11 15 18 19
21 35 -1 52 4 8 18
4 5 -1 11 15 18 19
21 34 -1 52 4 8 18
4 5 -1 11 15 18 19
20 33 -1 51 3 9 18
4 5 -1 11 15 18 19
19 33 -1 51 3 9 19
4 5 -1 11 15 18 19
19 32 -1 51 2 9 19
4 5 -1 11 15 18 19
18 32 -1 51 1 10 20
4 5 -1 11 15 18 19
18 32 -1 51 1 10 20
4 5 -1 11 15 18 19
17 31 -1 51 0 10 21
4 5 -1 11 15 18 19
16 31 -1 51 0 11 21
31































1
По всем вопросам касающимся приложения обращайтесь по WhatsApp +79952867503
1
10.2026

      
	