1
For advertising or questions send us e-mail kogdanamaz@gmail.com 
31
4 5 -1 11 15 18 19
38 48 -1 56 12 2 9
4 5 -1 11 15 18 19
38 48 -1 55 11 2 9
4 5 -1 11 15 18 19
37 47 -1 55 11 2 9
4 5 -1 11 15 18 19
36 46 -1 55 10 2 9
4 5 -1 11 15 18 19
35 46 -1 54 10 2 9
4 5 -1 11 15 18 19
35 45 -1 54 9 2 10
4 5 -1 11 15 18 19
34 44 -1 54 8 2 10
4 5 -1 11 15 18 19
33 44 -1 54 8 3 10
4 5 -1 11 15 18 19
32 43 -1 53 7 3 10
4 5 -1 11 15 18 19
32 43 -1 53 6 3 10
4 5 -1 11 15 18 19
31 42 -1 53 6 3 10
4 5 -1 11 15 18 19
30 41 -1 52 5 3 10
4 5 -1 11 15 18 19
30 41 -1 52 4 3 11
4 5 -1 11 15 18 19
29 40 -1 52 4 3 11
4 5 -1 11 15 18 19
28 40 -1 52 3 3 11
4 5 -1 11 15 18 19
28 39 -1 52 2 3 11
4 5 -1 11 15 18 19
27 38 -1 51 1 4 12
4 5 -1 11 15 18 19
26 38 -1 51 1 4 12
4 5 -1 11 15 18 19
26 37 -1 51 0 4 12
4 5 -1 11 14 18 19
25 37 -1 51 59 4 12
4 5 -1 11 14 18 19
24 36 -1 51 59 4 13
4 5 -1 11 14 18 19
24 36 -1 50 58 4 13
4 5 -1 11 14 18 19
23 35 -1 50 57 5 13
4 5 -1 11 14 18 19
23 35 -1 50 57 5 13
4 5 -1 11 14 18 19
22 34 -1 50 56 5 14
4 5 -1 11 14 18 19
21 34 -1 50 55 5 14
4 5 -1 11 14 18 19
21 33 -1 50 55 5 15
4 5 -1 11 14 18 19
20 33 -1 50 56 6 15
4 5 -1 11 14 18 19
20 33 -1 50 56 6 15
4 5 -1 11 14 18 19
19 32 -1 50 57 6 16
4 5 -1 11 14 18 19
19 32 -1 50 58 7 16
31































1
По всем вопросам касающимся приложения обращайтесь по WhatsApp +79952867503
1
10.2026

      
	