1
For advertising or questions send us e-mail kogdanamaz@gmail.com 
31
4 5 -1 11 14 17 18
29 39 -1 45 58 51 57
4 5 -1 11 14 17 18
29 38 -1 45 57 51 57
4 5 -1 11 14 17 18
28 38 -1 45 56 51 57
4 5 -1 11 14 17 18
28 37 -1 44 56 51 57
4 5 -1 11 14 17 18
27 36 -1 44 55 51 57
4 5 -1 11 14 17 18
26 36 -1 44 54 51 57
4 5 -1 11 14 17 18
26 35 -1 44 53 51 57
4 5 -1 11 14 17 18
25 35 -1 43 53 51 57
4 5 -1 11 14 17 18
24 34 -1 43 52 51 58
4 5 -1 11 14 17 18
24 34 -1 43 51 51 58
4 5 -1 11 14 17 18
23 33 -1 42 50 51 58
4 5 -1 11 14 17 18
23 33 -1 42 49 51 58
4 5 -1 11 14 17 18
22 32 -1 42 49 51 58
4 5 -1 11 14 17 18
21 32 -1 42 48 51 58
4 5 -1 11 14 17 18
21 31 -1 42 47 51 58
4 5 -1 11 14 17 18
20 31 -1 41 46 51 58
4 5 -1 11 14 17 18
20 30 -1 41 45 51 58
4 5 -1 11 14 17 18
19 30 -1 41 45 51 59
4 5 -1 11 14 17 18
18 29 -1 41 44 51 59
4 5 -1 11 14 17 18
18 29 -1 41 44 52 59
4 5 -1 11 14 17 18
17 28 -1 40 45 52 59
4 5 -1 11 14 17 18
17 28 -1 40 46 52 59
4 5 -1 11 14 17 19
16 27 -1 40 46 52 0
4 5 -1 11 14 17 19
16 27 -1 40 47 52 0
4 5 -1 11 14 17 19
15 27 -1 40 48 52 0
4 5 -1 11 14 17 19
15 26 -1 40 48 52 0
4 5 -1 11 14 17 19
14 26 -1 40 49 53 1
4 5 -1 11 14 17 19
14 26 -1 40 49 53 1
4 5 -1 11 14 17 19
13 25 -1 39 50 53 1
4 5 -1 11 14 17 19
13 25 -1 39 51 53 2
4 5 -1 11 14 17 19
13 25 -1 39 51 53 2
31































1
По всем вопросам касающимся приложения обращайтесь по WhatsApp +79952867503
1
10.2026

      
	