1
For advertising or questions send us e-mail kogdanamaz@gmail.com 
31
5 6 -1 12 15 18 19
13 22 -1 27 33 32 37
5 6 -1 12 15 18 19
13 21 -1 27 32 32 37
5 6 -1 12 15 18 19
12 21 -1 27 31 32 37
5 6 -1 12 15 18 19
12 20 -1 26 30 32 37
5 6 -1 12 15 18 19
12 20 -1 26 30 32 37
5 6 -1 12 15 18 19
10 19 -1 26 28 31 37
5 6 -1 12 15 18 19
10 19 -1 25 27 31 37
5 6 -1 12 15 18 19
9 18 -1 25 26 31 37
5 6 -1 12 15 18 19
9 18 -1 25 27 31 37
5 6 -1 12 15 18 19
8 17 -1 25 27 31 37
5 6 -1 12 15 18 19
8 17 -1 24 28 31 37
5 6 -1 12 15 18 19
7 17 -1 24 28 31 37
5 6 -1 12 15 18 19
7 16 -1 24 29 31 37
5 6 -1 12 15 18 19
6 16 -1 24 29 30 37
5 6 -1 12 15 18 19
6 15 -1 23 30 30 37
5 6 -1 12 15 18 19
6 15 -1 23 30 30 37
5 6 -1 12 15 18 19
5 15 -1 23 31 30 37
5 6 -1 12 15 18 19
5 14 -1 23 31 30 37
5 6 -1 12 15 18 19
4 14 -1 23 32 30 37
5 6 -1 12 15 18 19
4 13 -1 22 32 30 37
5 6 -1 12 15 18 19
3 13 -1 22 33 30 37
5 6 -1 12 15 18 19
3 13 -1 22 33 30 37
5 6 -1 12 15 18 19
2 13 -1 22 34 30 37
5 6 -1 12 15 18 19
2 12 -1 22 34 30 37
5 6 -1 12 15 18 19
2 12 -1 22 34 30 37
5 6 -1 12 15 18 19
1 12 -1 22 35 30 38
5 6 -1 12 15 18 19
1 11 -1 21 35 31 38
5 6 -1 12 15 18 19
1 11 -1 21 36 31 38
5 6 -1 12 15 18 19
0 11 -1 21 36 31 38
5 6 -1 12 15 18 19
0 11 -1 21 37 31 38
5 6 -1 12 15 18 19
0 10 -1 21 37 31 38
31































1
По всем вопросам касающимся приложения обращайтесь по WhatsApp +79952867503
1
10.2026

      
	
