1
For advertising or questions send us e-mail kogdanamaz@gmail.com 
31
4 6 -1 12 15 18 19
59 7 -1 13 20 18 23
4 6 -1 12 15 18 19
58 7 -1 13 19 18 23
4 6 -1 12 15 18 19
58 6 -1 12 18 18 23
4 6 -1 12 15 18 19
57 6 -1 12 17 18 23
4 6 -1 12 15 18 19
57 6 -1 12 17 18 23
4 6 -1 12 15 18 19
56 5 -1 12 15 17 23
4 6 -1 12 15 18 19
55 4 -1 11 14 17 23
4 6 -1 12 15 18 19
55 4 -1 11 14 17 23
4 6 -1 12 15 18 19
54 3 -1 11 13 17 23
4 6 -1 12 15 18 19
54 3 -1 10 12 17 23
4 6 -1 12 15 18 19
53 3 -1 10 12 17 23
4 6 -1 12 15 18 19
53 2 -1 10 13 17 23
4 6 -1 12 15 18 19
52 2 -1 10 14 17 23
4 6 -1 12 15 18 19
52 1 -1 9 14 17 23
4 6 -1 12 15 18 19
51 1 -1 9 15 17 23
4 6 -1 12 15 18 19
51 0 -1 9 15 17 23
4 6 -1 12 15 18 19
50 0 -1 9 16 17 23
4 6 -1 12 15 18 19
50 0 -1 9 16 17 23
4 5 -1 12 15 18 19
49 59 -1 8 17 17 23
4 5 -1 12 15 18 19
49 59 -1 8 17 17 23
4 5 -1 12 15 18 19
49 59 -1 8 18 17 23
4 5 -1 12 15 18 19
48 58 -1 8 18 17 23
4 5 -1 12 15 18 19
48 58 -1 8 19 17 24
4 5 -1 12 15 18 19
47 58 -1 8 19 17 24
4 5 -1 12 15 18 19
47 57 -1 7 20 17 24
4 5 -1 12 15 18 19
46 57 -1 7 20 17 24
4 5 -1 12 15 18 19
46 57 -1 7 21 17 24
4 5 -1 12 15 18 19
46 56 -1 7 21 17 24
4 5 -1 12 15 18 19
45 56 -1 7 22 17 25
4 5 -1 12 15 18 19
45 56 -1 7 22 17 25
4 5 -1 12 15 18 19
45 56 -1 7 22 17 25
31































1
По всем вопросам касающимся приложения обращайтесь по WhatsApp +79952867503
1
10.2026

      
	