1
For advertising or questions send us e-mail kogdanamaz@gmail.com 
30
4 5 -1 12 17 19 20
34 50 -1 30 8 2 18
4 5 -1 12 17 19 20
36 51 -1 29 7 1 16
4 5 -1 12 17 18 20
37 52 -1 29 5 59 14
4 5 -1 12 17 18 20
38 53 -1 29 4 57 13
4 5 -1 12 17 18 20
39 54 -1 28 3 56 11
4 5 -1 12 17 18 20
40 55 -1 28 2 54 9
4 5 -1 12 17 18 20
42 56 -1 28 0 52 7
4 5 -1 12 16 18 20
43 57 -1 27 59 51 5
4 5 -1 12 16 18 20
44 58 -1 27 58 49 3
4 5 -1 12 16 18 20
45 59 -1 27 56 47 1
4 6 -1 12 16 18 20
46 0 -1 26 55 46 0
4 6 -1 12 16 18 19
47 1 -1 26 54 44 58
4 6 -1 12 16 18 19
48 2 -1 26 52 42 56
4 6 -1 12 16 18 19
50 3 -1 25 51 41 54
4 6 -1 12 16 18 19
51 4 -1 25 50 39 52
4 6 -1 12 16 18 19
52 5 -1 25 48 37 50
4 6 -1 12 16 18 19
53 6 -1 24 47 36 49
4 6 -1 12 16 18 19
54 7 -1 24 45 34 47
4 6 -1 12 16 18 19
55 8 -1 23 44 32 45
4 6 -1 12 16 18 19
56 9 -1 23 42 30 43
4 6 -1 12 16 18 19
57 10 -1 23 41 29 41
4 6 -1 12 16 18 19
58 11 -1 22 40 27 40
4 6 -1 12 16 18 19
59 12 -1 22 38 25 38
5 6 -1 12 16 18 19
1 13 -1 22 37 24 36
5 6 -1 12 16 18 19
2 14 -1 21 35 22 34
5 6 -1 12 16 18 19
3 15 -1 21 34 20 33
5 6 -1 12 16 18 19
4 16 -1 21 32 19 31
5 6 -1 12 16 18 19
5 17 -1 20 31 17 29
5 6 -1 12 16 18 19
6 18 -1 20 30 15 27
5 6 -1 12 16 18 19
7 19 -1 20 28 14 26
30






























1
По всем вопросам касающимся приложения обращайтесь по WhatsApp +79952867503
1
09.2026

      
	
