1
For advertising or questions send us e-mail kogdanamaz@gmail.com 
30
5 6 -1 12 15 18 19
14 23 -1 24 42 24 29
5 6 -1 12 15 18 19
14 23 -1 24 41 23 29
5 6 -1 12 15 18 19
13 22 -1 23 41 23 29
5 6 -1 12 15 18 19
13 22 -1 23 40 23 29
5 6 -1 12 15 18 19
13 22 -1 23 40 23 29
5 6 -1 12 15 18 19
12 21 -1 22 39 23 28
5 6 -1 12 15 18 19
12 20 -1 22 38 23 28
5 6 -1 12 15 18 19
11 20 -1 22 38 22 28
5 6 -1 12 15 18 19
11 19 -1 21 37 22 28
5 6 -1 12 15 18 19
10 19 -1 21 36 22 27
5 6 -1 12 15 18 19
10 18 -1 20 36 22 27
5 6 -1 12 15 18 19
9 18 -1 20 35 22 27
5 6 -1 12 15 18 19
9 17 -1 20 34 21 27
5 6 -1 12 15 18 19
8 17 -1 19 34 21 26
5 6 -1 12 15 18 19
8 16 -1 19 33 21 26
5 6 -1 12 15 18 19
7 16 -1 19 32 21 26
5 6 -1 12 15 18 19
7 15 -1 18 31 21 26
5 6 -1 12 15 18 19
6 15 -1 18 30 20 26
5 6 -1 12 15 18 19
6 14 -1 18 30 20 25
5 6 -1 12 15 18 19
6 14 -1 18 30 20 25
5 6 -1 12 15 18 19
5 13 -1 17 28 20 25
5 6 -1 12 15 18 19
4 12 -1 17 27 20 25
5 6 -1 12 15 18 19
4 12 -1 16 26 20 25
5 6 -1 12 15 18 19
3 11 -1 16 26 19 25
5 6 -1 12 15 18 19
3 11 -1 16 25 19 24
5 6 -1 12 15 18 19
2 10 -1 15 24 19 24
5 6 -1 12 15 18 19
2 10 -1 15 23 19 24
5 6 -1 12 15 18 19
1 9 -1 14 22 19 24
5 6 -1 12 15 18 19
0 9 -1 14 21 19 24
5 6 -1 12 15 18 19
0 8 -1 14 20 18 24
30






























1
По всем вопросам касающимся приложения обращайтесь по WhatsApp +79952867503
1
09.2026

      
	
