1
For advertising or questions send us e-mail kogdanamaz@gmail.com 
30
5 6 -1 12 15 18 19
21 30 -1 33 48 36 41
5 6 -1 12 15 18 19
21 29 -1 33 47 36 41
5 6 -1 12 15 18 19
21 29 -1 33 46 35 41
5 6 -1 12 15 18 19
20 29 -1 32 45 35 40
5 6 -1 12 15 18 19
20 29 -1 32 45 35 40
5 6 -1 12 15 18 19
20 28 -1 32 44 34 40
5 6 -1 12 15 18 19
19 28 -1 31 43 34 39
5 6 -1 12 15 18 19
19 27 -1 31 42 34 39
5 6 -1 12 15 18 19
19 27 -1 31 41 33 38
5 6 -1 12 15 18 19
18 26 -1 30 40 33 38
5 6 -1 12 15 18 19
18 26 -1 30 39 33 38
5 6 -1 12 15 18 19
18 26 -1 30 39 32 37
5 6 -1 12 15 18 19
17 25 -1 29 38 32 37
5 6 -1 12 15 18 19
17 25 -1 29 37 32 37
5 6 -1 12 15 18 19
17 25 -1 29 36 31 36
5 6 -1 12 15 18 19
16 24 -1 28 35 31 36
5 6 -1 12 15 18 19
16 24 -1 28 34 31 36
5 6 -1 12 15 18 19
16 23 -1 27 33 31 35
5 6 -1 12 15 18 19
15 23 -1 27 32 30 35
5 6 -1 12 15 18 19
15 23 -1 27 32 30 35
5 6 -1 12 15 18 19
14 22 -1 26 30 30 34
5 6 -1 12 15 18 19
14 22 -1 26 29 29 34
5 6 -1 12 15 18 19
14 21 -1 26 28 29 34
5 6 -1 12 15 18 19
13 21 -1 25 27 29 33
5 6 -1 12 15 18 19
13 21 -1 25 25 28 33
5 6 -1 12 15 18 19
12 20 -1 25 25 28 33
5 6 -1 12 15 18 19
12 20 -1 24 25 28 33
5 6 -1 12 15 18 19
12 20 -1 24 26 27 32
5 6 -1 12 15 18 19
11 19 -1 24 26 27 32
5 6 -1 12 15 18 19
11 19 -1 23 27 27 32
30






























1
По всем вопросам касающимся приложения обращайтесь по WhatsApp +79952867503
1
09.2026

      
	
