1
For advertising or questions send us e-mail kogdanamaz@gmail.com 
30
5 6 -1 12 15 18 19
11 20 -1 22 39 23 28
5 6 -1 12 15 18 19
11 20 -1 22 38 23 28
5 6 -1 12 15 18 19
11 19 -1 21 37 22 28
5 6 -1 12 15 18 19
10 19 -1 21 37 22 28
5 6 -1 12 15 18 19
10 19 -1 21 37 22 28
5 6 -1 12 15 18 19
9 18 -1 20 35 22 27
5 6 -1 12 15 18 19
9 17 -1 20 35 22 27
5 6 -1 12 15 18 19
9 17 -1 20 34 21 26
5 6 -1 12 15 18 19
8 17 -1 19 33 21 26
5 6 -1 12 15 18 19
8 16 -1 19 32 21 26
5 6 -1 12 15 18 19
7 16 -1 19 32 21 26
5 6 -1 12 15 18 19
7 15 -1 18 31 20 25
5 6 -1 12 15 18 19
7 15 -1 18 30 20 25
5 6 -1 12 15 18 19
6 14 -1 17 29 20 25
5 6 -1 12 15 18 19
6 14 -1 17 28 20 25
5 6 -1 12 15 18 19
5 13 -1 17 27 19 24
5 6 -1 12 15 18 19
5 13 -1 16 27 19 24
5 6 -1 12 15 18 19
4 12 -1 16 26 19 24
5 6 -1 12 15 18 19
4 12 -1 16 25 19 24
5 6 -1 12 15 18 19
4 12 -1 16 25 19 24
5 6 -1 12 15 18 19
3 11 -1 15 23 18 23
5 6 -1 12 15 18 19
2 10 -1 15 22 18 23
5 6 -1 12 15 18 19
2 10 -1 14 21 18 23
5 6 -1 12 15 18 19
2 10 -1 14 20 17 22
5 6 -1 12 15 18 19
1 9 -1 14 19 17 22
5 6 -1 12 15 18 19
1 9 -1 13 18 17 22
5 6 -1 12 15 18 19
0 8 -1 13 17 17 22
5 6 -1 12 15 18 19
0 8 -1 13 16 16 21
4 6 -1 12 15 18 19
59 7 -1 12 15 16 21
4 6 -1 12 15 18 19
59 7 -1 12 14 16 21
30






























1
По всем вопросам касающимся приложения обращайтесь по WhatsApp +79952867503
1
09.2026

      
	
