1
For advertising or questions send us e-mail kogdanamaz@gmail.com 
31
5 6 -1 12 15 18 19
19 27 -1 31 37 35 39
5 6 -1 12 15 18 19
19 27 -1 31 38 34 39
5 6 -1 12 15 18 19
18 26 -1 31 38 34 39
5 6 -1 12 15 18 19
18 26 -1 30 38 34 39
5 6 -1 12 15 18 19
18 26 -1 30 38 34 39
5 6 -1 12 15 18 19
17 25 -1 30 39 33 38
5 6 -1 12 15 18 19
17 25 -1 29 39 33 38
5 6 -1 12 15 18 19
17 25 -1 29 39 32 38
5 6 -1 12 15 18 19
16 25 -1 29 40 32 37
5 6 -1 12 15 18 19
16 24 -1 29 40 32 37
5 6 -1 12 15 18 19
16 24 -1 28 40 32 37
5 6 -1 12 15 18 19
15 24 -1 28 40 31 37
5 6 -1 12 15 18 19
15 23 -1 28 41 31 37
5 6 -1 12 15 18 19
15 23 -1 28 41 31 36
5 6 -1 12 15 18 19
14 23 -1 27 41 31 36
5 6 -1 12 15 18 19
14 23 -1 27 41 30 36
5 6 -1 12 15 18 19
14 23 -1 27 42 30 36
5 6 -1 12 15 18 19
14 22 -1 27 42 30 36
5 6 -1 12 15 18 19
13 22 -1 27 42 30 36
5 6 -1 12 15 18 19
13 22 -1 26 42 30 36
5 6 -1 12 15 18 19
13 22 -1 26 43 30 36
5 6 -1 12 15 18 19
12 22 -1 26 43 29 35
5 6 -1 12 15 18 19
12 21 -1 26 43 29 35
5 6 -1 12 15 18 19
12 21 -1 26 43 29 35
5 6 -1 12 15 18 19
12 21 -1 26 44 29 35
5 6 -1 12 15 18 19
12 21 -1 26 44 29 35
5 6 -1 12 15 18 19
11 21 -1 25 44 29 35
5 6 -1 12 15 18 19
11 21 -1 25 44 29 35
5 6 -1 12 15 18 19
11 21 -1 25 45 29 35
5 6 -1 12 15 18 19
11 21 -1 25 45 29 35
5 6 -1 12 15 18 19
11 21 -1 25 45 29 35
31































1
По всем вопросам касающимся приложения обращайтесь по WhatsApp +79952867503
1
10.2026

      
	
