1
For advertising or questions send us e-mail kogdanamaz@gmail.com 
30
5 6 -1 12 15 18 19
9 17 -1 19 36 19 25
5 6 -1 12 15 18 19
8 17 -1 18 35 19 25
5 6 -1 12 15 18 19
8 16 -1 18 35 19 24
5 6 -1 12 15 18 19
7 16 -1 18 34 19 24
5 6 -1 12 15 18 19
7 15 -1 17 33 19 24
5 6 -1 12 15 18 19
7 15 -1 17 33 18 24
5 6 -1 12 15 18 19
6 15 -1 17 32 18 23
5 6 -1 12 15 18 19
6 15 -1 17 32 18 23
5 6 -1 12 15 18 19
6 14 -1 16 31 18 23
5 6 -1 12 15 18 19
5 13 -1 16 30 17 23
5 6 -1 12 15 18 19
4 13 -1 15 29 17 22
5 6 -1 12 15 18 19
4 12 -1 15 28 17 22
5 6 -1 12 15 18 19
4 12 -1 15 27 17 22
5 6 -1 12 15 18 19
3 11 -1 14 27 17 22
5 6 -1 12 15 18 19
3 11 -1 14 26 16 21
5 6 -1 12 15 18 19
2 10 -1 14 25 16 21
5 6 -1 12 15 18 19
2 10 -1 13 24 16 21
5 6 -1 12 15 18 19
1 9 -1 13 23 16 21
5 6 -1 12 15 18 19
1 9 -1 13 23 15 20
5 6 -1 12 15 18 19
0 8 -1 12 22 15 20
5 6 -1 12 15 18 19
0 8 -1 12 21 15 20
4 6 -1 12 15 18 19
59 7 -1 12 20 15 20
4 6 -1 12 15 18 19
59 7 -1 12 20 15 20
4 6 -1 12 15 18 19
59 7 -1 11 19 14 19
4 6 -1 12 15 18 19
58 6 -1 10 17 14 19
4 6 -1 12 15 18 19
57 5 -1 10 16 14 19
4 6 -1 12 15 18 19
57 5 -1 10 15 14 19
4 6 -1 12 15 18 19
56 5 -1 9 14 13 18
4 6 -1 12 15 18 19
56 4 -1 9 13 13 18
4 6 -1 12 15 18 19
55 4 -1 9 12 13 18
30






























1
По всем вопросам касающимся приложения обращайтесь по WhatsApp +79952867503
1
09.2026

      
	
