1
For advertising or questions send us e-mail kogdanamaz@gmail.com 
31
6 8 -1 13 17 19 21
41 1 -1 58 20 53 10
6 8 -1 13 17 19 21
42 2 -1 57 19 52 9
6 8 -1 13 17 19 21
42 2 -1 57 19 50 7
6 8 -1 13 17 19 21
43 3 -1 57 18 49 6
6 8 -1 13 17 19 21
44 4 -1 57 17 48 5
6 8 -1 13 17 19 21
44 5 -1 56 16 47 3
6 8 -1 13 17 19 21
45 5 -1 56 15 45 2
6 8 -1 13 17 19 21
46 6 -1 56 14 44 1
6 8 -1 13 17 19 21
46 7 -1 55 13 43 0
6 8 -1 13 17 19 20
47 7 -1 55 12 41 58
6 8 -1 13 17 19 20
47 7 -1 55 12 41 58
6 8 -1 13 17 19 20
48 8 -1 55 11 40 57
6 8 -1 13 17 19 20
49 9 -1 54 10 38 55
6 8 -1 13 17 19 20
50 10 -1 54 9 37 54
6 8 -1 13 17 19 20
51 11 -1 54 8 35 52
6 8 -1 13 17 19 20
51 12 -1 54 7 34 51
6 8 -1 13 17 19 20
52 12 -1 53 6 33 50
6 8 -1 13 17 19 20
53 13 -1 53 5 32 49
6 8 -1 13 17 19 20
53 14 -1 53 4 31 48
6 8 -1 13 17 19 20
54 15 -1 53 4 30 47
6 8 -1 13 17 19 20
55 16 -1 53 3 29 46
6 8 -1 13 17 19 20
56 16 -1 53 2 27 45
6 8 -1 13 17 19 20
56 17 -1 52 1 26 44
6 8 -1 13 17 19 20
57 18 -1 52 0 25 43
6 8 -1 13 17 19 20
58 19 -1 52 0 24 42
6 8 -1 13 16 19 20
58 20 -1 52 59 23 41
6 8 -1 13 16 19 20
59 20 -1 52 58 22 40
6 7 -1 12 15 18 19
0 21 -1 52 57 21 39
7 8 -1 13 16 19 20
1 22 -1 52 57 20 38
6 7 -1 12 15 18 19
1 23 -1 52 56 19 37
6 7 -1 12 15 18 19
2 24 -1 52 55 18 37
31































1
По всем вопросам касающимся приложения обращайтесь по WhatsApp +79952867503
1
10.2026

      
	
