1
For advertising or questions send us e-mail kogdanamaz@gmail.com 
30
5 6 -1 12 15 18 20
33 42 -1 50 55 57 3
5 6 -1 12 15 18 20
33 42 -1 50 54 57 3
5 6 -1 12 15 18 20
33 42 -1 49 52 56 2
5 6 -1 12 15 18 20
33 42 -1 49 51 56 1
5 6 -1 12 15 18 20
33 41 -1 49 50 55 1
5 6 -1 12 15 18 20
33 41 -1 48 50 55 0
5 6 -1 12 15 18 20
32 41 -1 48 51 54 0
5 6 -1 12 15 18 19
32 41 -1 48 51 54 59
5 6 -1 12 15 18 19
32 41 -1 47 51 53 59
5 6 -1 12 15 18 19
32 41 -1 47 51 52 58
5 6 -1 12 15 18 19
32 40 -1 47 52 52 57
5 6 -1 12 15 18 19
32 40 -1 47 52 52 57
5 6 -1 12 15 18 19
32 40 -1 46 52 51 56
5 6 -1 12 15 18 19
32 40 -1 46 52 50 56
5 6 -1 12 15 18 19
31 40 -1 45 53 50 55
5 6 -1 12 15 18 19
31 39 -1 45 53 49 55
5 6 -1 12 15 18 19
31 39 -1 45 53 49 54
5 6 -1 12 15 18 19
31 39 -1 44 53 48 53
5 6 -1 12 15 18 19
31 39 -1 44 53 48 53
5 6 -1 12 15 18 19
31 39 -1 43 53 47 52
5 6 -1 12 15 18 19
30 39 -1 43 54 47 52
5 6 -1 12 15 18 19
30 38 -1 43 54 46 51
5 6 -1 12 15 18 19
30 38 -1 42 54 46 51
5 6 -1 12 15 18 19
30 38 -1 42 54 45 50
5 6 -1 12 15 18 19
30 38 -1 42 54 45 50
5 6 -1 12 15 18 19
30 38 -1 42 54 45 50
5 6 -1 12 15 18 19
30 38 -1 41 54 44 49
5 6 -1 12 15 18 19
29 37 -1 41 54 43 48
5 6 -1 12 15 18 19
29 37 -1 40 54 42 48
5 6 -1 12 15 18 19
29 37 -1 40 54 42 47
30






























1
По всем вопросам касающимся приложения обращайтесь по WhatsApp +79952867503
1
09.2026

      
	
