1
For advertising or questions send us e-mail kogdanamaz@gmail.com 
30
5 6 -1 12 15 18 20
31 40 -1 50 55 59 5
5 6 -1 12 15 18 20
31 40 -1 50 55 58 5
5 6 -1 12 15 18 20
31 40 -1 49 55 58 4
5 6 -1 12 15 18 20
31 40 -1 49 56 57 3
5 6 -1 12 15 18 20
31 40 -1 49 56 56 3
5 6 -1 12 15 18 20
31 40 -1 48 56 56 2
5 6 -1 12 15 18 20
31 40 -1 48 56 55 1
5 6 -1 12 15 18 20
31 40 -1 48 56 55 1
5 6 -1 12 15 18 20
31 40 -1 47 57 54 0
5 6 -1 12 15 18 19
31 39 -1 47 57 53 59
5 6 -1 12 15 18 19
30 39 -1 47 57 53 59
5 6 -1 12 15 18 19
30 39 -1 47 57 53 59
5 6 -1 12 15 18 19
30 39 -1 46 57 52 58
5 6 -1 12 15 18 19
30 39 -1 46 57 51 57
5 6 -1 12 15 18 19
30 39 -1 45 57 50 56
5 6 -1 12 15 18 19
30 39 -1 45 57 50 56
5 6 -1 12 15 18 19
30 39 -1 45 57 49 55
5 6 -1 12 15 18 19
30 39 -1 44 57 49 54
5 6 -1 12 15 18 19
30 39 -1 44 57 48 54
5 6 -1 12 15 18 19
30 38 -1 43 57 47 53
5 6 -1 12 15 18 19
30 38 -1 43 57 47 52
5 6 -1 12 15 18 19
30 38 -1 43 57 46 52
5 6 -1 12 15 18 19
30 38 -1 42 57 46 51
5 6 -1 12 15 18 19
30 38 -1 42 57 45 51
5 6 -1 12 15 18 19
29 38 -1 42 57 44 50
5 6 -1 12 15 18 19
29 38 -1 42 57 44 50
5 6 -1 12 15 18 19
29 38 -1 41 57 44 49
5 6 -1 12 15 18 19
29 38 -1 41 57 43 48
5 6 -1 12 15 18 19
29 38 -1 40 57 42 48
5 6 -1 12 15 18 19
29 38 -1 40 57 41 47
30






























1
По всем вопросам касающимся приложения обращайтесь по WhatsApp +79952867503
1
09.2026

      
	
