1
For advertising or questions send us e-mail kogdanamaz@gmail.com 
30
4 5 -1 12 17 19 20
34 57 -1 41 20 18 40
4 5 -1 12 17 19 20
36 58 -1 41 19 16 38
4 5 -1 12 17 19 20
37 59 -1 40 17 14 36
4 6 -1 12 17 19 20
39 1 -1 40 16 13 34
4 6 -1 12 17 19 20
40 2 -1 40 14 11 32
4 6 -1 12 17 19 20
42 3 -1 39 13 9 30
4 6 -1 12 17 19 20
43 4 -1 39 11 7 28
4 6 -1 12 17 19 20
45 5 -1 39 10 5 26
4 6 -1 12 17 19 20
46 6 -1 38 8 3 24
4 6 -1 12 17 19 20
47 8 -1 38 7 1 21
4 6 -1 12 17 19 20
49 9 -1 38 5 0 19
4 6 -1 12 17 18 20
50 10 -1 37 4 58 17
4 6 -1 12 17 18 20
52 11 -1 37 2 56 15
4 6 -1 12 17 18 20
53 12 -1 36 1 54 13
4 6 -1 12 16 18 20
54 14 -1 36 59 52 11
4 6 -1 12 16 18 20
56 15 -1 36 58 50 9
4 6 -1 12 16 18 20
57 16 -1 35 56 48 7
4 6 -1 12 16 18 20
58 17 -1 35 54 46 5
5 6 -1 12 16 18 20
0 18 -1 35 53 44 3
5 6 -1 12 16 18 20
1 19 -1 34 51 42 1
5 6 -1 12 16 18 19
2 21 -1 34 50 41 59
5 6 -1 12 16 18 19
4 22 -1 34 48 39 57
5 6 -1 12 16 18 19
5 23 -1 33 46 37 55
5 6 -1 12 16 18 19
6 24 -1 33 45 35 53
5 6 -1 12 16 18 19
8 25 -1 33 43 33 51
5 6 -1 12 16 18 19
9 27 -1 32 42 31 49
5 6 -1 12 16 18 19
10 28 -1 32 40 29 47
5 6 -1 12 16 18 19
12 29 -1 32 38 27 45
5 6 -1 12 16 18 19
13 30 -1 31 37 25 43
5 6 -1 12 16 18 19
14 31 -1 31 35 24 41
30






























1
По всем вопросам касающимся приложения обращайтесь по WhatsApp +79952867503
1
09.2026

      
	
