1
For advertising or questions send us e-mail kogdanamaz@gmail.com 
30
5 6 -1 12 15 18 19
10 18 -1 23 35 26 32
5 6 -1 12 15 18 19
10 18 -1 22 35 26 31
5 6 -1 12 15 18 19
9 18 -1 22 34 26 31
5 6 -1 12 15 18 19
9 17 -1 22 33 25 30
5 6 -1 12 15 18 19
9 17 -1 21 32 25 30
5 6 -1 12 15 18 19
8 17 -1 21 31 25 30
5 6 -1 12 15 18 19
8 16 -1 21 30 24 29
5 6 -1 12 15 18 19
8 16 -1 20 29 24 29
5 6 -1 12 15 18 19
8 16 -1 20 28 23 28
5 6 -1 12 15 18 19
7 15 -1 20 27 23 28
5 6 -1 12 15 18 19
7 15 -1 19 27 23 28
5 6 -1 12 15 18 19
7 15 -1 19 27 23 28
5 6 -1 12 15 18 19
6 14 -1 19 25 22 27
5 6 -1 12 15 18 19
6 14 -1 18 23 22 26
5 6 -1 12 15 18 19
6 14 -1 18 22 21 26
5 6 -1 12 15 18 19
5 13 -1 18 21 21 26
5 6 -1 12 15 18 19
5 13 -1 17 20 21 25
5 6 -1 12 15 18 19
5 13 -1 17 19 20 25
5 6 -1 12 15 18 19
4 12 -1 17 18 20 25
5 6 -1 12 15 18 19
4 12 -1 16 17 19 24
5 6 -1 12 15 18 19
4 12 -1 16 16 19 24
5 6 -1 12 15 18 19
3 11 -1 15 16 19 23
5 6 -1 12 15 18 19
3 11 -1 15 17 18 23
5 6 -1 12 15 18 19
3 11 -1 15 17 18 23
5 6 -1 12 15 18 19
2 10 -1 14 17 18 22
5 6 -1 12 15 18 19
2 10 -1 14 17 18 22
5 6 -1 12 15 18 19
2 10 -1 14 18 17 22
5 6 -1 12 15 18 19
1 9 -1 13 18 17 21
5 6 -1 12 15 18 19
1 9 -1 13 19 16 21
5 6 -1 12 15 18 19
1 9 -1 13 19 16 21
30






























1
По всем вопросам касающимся приложения обращайтесь по WhatsApp +79952867503
1
09.2026

      
	
