1
For advertising or questions send us e-mail kogdanamaz@gmail.com 
30
4 5 -1 12 15 18 19
45 55 -1 7 17 17 24
4 5 -1 12 15 18 19
45 55 -1 6 18 17 24
4 5 -1 12 15 18 19
45 55 -1 6 18 16 23
4 5 -1 12 15 18 19
45 55 -1 6 18 15 22
4 5 -1 12 15 18 19
45 55 -1 5 18 15 22
4 5 -1 12 15 18 19
45 55 -1 5 18 14 21
4 5 -1 12 15 18 19
45 55 -1 5 18 13 20
4 5 -1 12 15 18 19
45 55 -1 4 18 12 19
4 5 -1 12 15 18 19
45 55 -1 4 18 12 19
4 5 -1 12 15 18 19
45 55 -1 4 18 11 18
4 5 -1 12 15 18 19
45 55 -1 3 18 10 17
4 5 -1 12 15 18 19
45 55 -1 3 18 10 16
4 5 -1 12 15 18 19
45 55 -1 3 18 9 16
4 5 -1 12 15 18 19
45 55 -1 2 18 8 15
4 5 -1 12 15 18 19
45 55 -1 2 18 8 14
4 5 -1 12 15 18 19
45 55 -1 1 18 7 13
4 5 -1 12 15 18 19
45 55 -1 1 18 6 13
4 5 -1 12 15 18 19
45 55 -1 1 18 6 12
4 5 -1 12 15 18 19
46 55 -1 0 18 5 11
4 5 -1 12 15 18 19
46 55 -1 0 18 4 10
4 5 -1 12 15 18 19
46 55 -1 0 18 3 10
4 5 -1 11 15 18 19
46 55 -1 59 17 3 9
4 5 -1 11 15 18 19
46 55 -1 59 17 2 8
4 5 -1 11 15 18 19
46 55 -1 59 17 1 8
4 5 -1 11 15 18 19
46 55 -1 58 17 1 7
4 5 -1 11 15 18 19
46 55 -1 58 17 0 6
4 5 -1 11 15 17 19
46 55 -1 58 17 59 6
4 5 -1 11 15 17 19
46 55 -1 57 17 59 5
4 5 -1 11 15 17 19
46 55 -1 57 16 58 4
4 5 -1 11 15 17 19
46 55 -1 57 16 57 4
30






























1
По всем вопросам касающимся приложения обращайтесь по WhatsApp +79952867503
1
09.2026

      
	
