1
For advertising or questions send us e-mail kogdanamaz@gmail.com 
30
4 6 -1 12 15 18 19
57 7 -1 18 26 28 35
4 6 -1 12 15 18 19
57 7 -1 17 27 27 34
4 6 -1 12 15 18 19
57 7 -1 17 27 26 33
4 6 -1 12 15 18 19
57 7 -1 17 27 26 32
4 6 -1 12 15 18 19
57 7 -1 16 27 25 32
4 6 -1 12 15 18 19
57 7 -1 16 27 24 31
4 6 -1 12 15 18 19
57 7 -1 16 27 24 30
4 6 -1 12 15 18 19
57 7 -1 15 27 23 30
4 6 -1 12 15 18 19
57 7 -1 15 27 23 30
4 6 -1 12 15 18 19
57 6 -1 15 27 22 28
4 6 -1 12 15 18 19
57 6 -1 14 27 21 27
4 6 -1 12 15 18 19
57 6 -1 14 27 20 27
4 6 -1 12 15 18 19
57 6 -1 14 28 20 26
4 6 -1 12 15 18 19
57 6 -1 13 28 19 25
4 6 -1 12 15 18 19
57 6 -1 13 28 18 25
4 6 -1 12 15 18 19
57 6 -1 13 28 18 24
4 6 -1 12 15 18 19
57 6 -1 12 28 17 23
4 6 -1 12 15 18 19
57 6 -1 12 27 17 23
4 6 -1 12 15 18 19
57 6 -1 12 27 16 22
4 6 -1 12 15 18 19
57 6 -1 11 27 15 21
4 6 -1 12 15 18 19
57 6 -1 11 27 15 21
4 6 -1 12 15 18 19
57 6 -1 10 27 14 20
4 6 -1 12 15 18 19
57 6 -1 10 27 13 19
4 6 -1 12 15 18 19
57 6 -1 10 27 13 19
4 6 -1 12 15 18 19
57 6 -1 9 27 12 18
4 6 -1 12 15 18 19
57 6 -1 9 27 11 17
4 6 -1 12 15 18 19
57 6 -1 9 27 11 17
4 6 -1 12 15 18 19
57 6 -1 8 27 10 16
4 6 -1 12 15 18 19
57 6 -1 8 27 9 15
4 6 -1 12 15 18 19
57 6 -1 8 26 9 15
30






























1
По всем вопросам касающимся приложения обращайтесь по WhatsApp +79952867503
1
09.2026

      
	
