1
For advertising or questions send us e-mail kogdanamaz@gmail.com 
30
4 5 -1 12 15 18 19
45 54 -1 1 7 8 14
4 5 -1 12 15 18 19
45 54 -1 1 6 7 13
4 5 -1 12 15 18 19
45 54 -1 1 5 7 13
4 5 -1 12 15 18 19
45 53 -1 0 4 6 12
4 5 -1 12 15 18 19
45 53 -1 0 3 6 12
4 5 -1 12 15 18 19
44 53 -1 0 2 5 11
4 5 -1 11 15 18 19
44 53 -1 59 1 5 10
4 5 -1 11 15 18 19
44 53 -1 59 0 5 10
4 5 -1 11 15 18 19
44 53 -1 59 0 5 10
4 5 -1 11 15 18 19
44 52 -1 58 1 4 9
4 5 -1 11 15 18 19
44 52 -1 58 1 3 8
4 5 -1 11 15 18 19
44 52 -1 58 1 2 8
4 5 -1 11 15 18 19
43 52 -1 57 2 2 7
4 5 -1 11 15 18 19
43 51 -1 57 2 1 7
4 5 -1 11 15 18 19
43 51 -1 57 2 1 6
4 5 -1 11 15 18 19
43 51 -1 56 3 0 6
4 5 -1 11 15 18 19
43 51 -1 56 3 0 5
4 5 -1 11 15 17 19
43 51 -1 56 3 59 5
4 5 -1 11 15 17 19
42 50 -1 55 3 59 4
4 5 -1 11 15 17 19
42 50 -1 55 3 58 3
4 5 -1 11 15 17 19
42 50 -1 54 4 58 3
4 5 -1 11 15 17 19
42 50 -1 54 4 57 2
4 5 -1 11 15 17 19
42 50 -1 54 4 57 2
4 5 -1 11 15 17 19
41 49 -1 53 4 56 1
4 5 -1 11 15 17 19
41 49 -1 53 4 56 1
4 5 -1 11 15 17 19
41 49 -1 53 4 55 0
4 5 -1 11 15 17 19
41 49 -1 52 4 55 0
4 5 -1 11 15 17 19
41 49 -1 52 4 54 0
4 5 -1 11 15 17 18
40 48 -1 52 5 54 59
4 5 -1 11 15 17 18
40 48 -1 51 5 54 59
30






























1
По всем вопросам касающимся приложения обращайтесь по WhatsApp +79952867503
1
09.2026

      
	
