1
For advertising or questions send us e-mail kogdanamaz@gmail.com 
30
4 5 -1 12 15 18 19
44 54 -1 4 9 13 19
4 5 -1 12 15 18 19
44 54 -1 4 9 12 19
4 5 -1 12 15 18 19
44 54 -1 3 9 11 18
4 5 -1 12 15 18 19
44 54 -1 3 10 11 17
4 5 -1 12 15 18 19
44 54 -1 3 10 10 17
4 5 -1 12 15 18 19
44 54 -1 2 10 10 16
4 5 -1 12 15 18 19
44 54 -1 2 10 9 15
4 5 -1 12 15 18 19
44 53 -1 2 10 9 15
4 5 -1 12 15 18 19
44 53 -1 2 10 9 15
4 5 -1 12 15 18 19
44 53 -1 1 11 7 13
4 5 -1 12 15 18 19
44 53 -1 0 11 7 13
4 5 -1 12 15 18 19
44 53 -1 0 11 6 12
4 5 -1 12 15 18 19
44 53 -1 0 11 5 11
4 5 -1 11 15 18 19
44 53 -1 59 11 5 11
4 5 -1 11 15 18 19
44 53 -1 59 11 4 10
4 5 -1 11 15 18 19
44 53 -1 59 11 4 9
4 5 -1 11 15 18 19
44 53 -1 58 11 3 9
4 5 -1 11 15 18 19
44 52 -1 58 11 2 8
4 5 -1 11 15 18 19
44 52 -1 58 11 2 7
4 5 -1 11 15 18 19
44 52 -1 57 11 1 7
4 5 -1 11 15 18 19
44 52 -1 57 11 1 6
4 5 -1 11 15 18 19
44 52 -1 57 11 0 6
4 5 -1 11 15 17 19
43 52 -1 56 11 59 5
4 5 -1 11 15 17 19
43 52 -1 56 11 59 4
4 5 -1 11 15 17 19
43 52 -1 56 11 58 4
4 5 -1 11 15 17 19
43 52 -1 55 11 58 3
4 5 -1 11 15 17 19
43 52 -1 55 11 57 3
4 5 -1 11 15 17 19
43 52 -1 55 11 56 2
4 5 -1 11 15 17 19
43 51 -1 54 11 56 1
4 5 -1 11 15 17 19
43 51 -1 54 11 55 1
30






























1
По всем вопросам касающимся приложения обращайтесь по WhatsApp +79952867503
1
09.2026

      
	
