1
For advertising or questions send us e-mail kogdanamaz@gmail.com 
30
5 6 -1 12 15 18 19
18 27 -1 36 38 44 50
5 6 -1 12 15 18 19
18 27 -1 36 37 43 49
5 6 -1 12 15 18 19
18 27 -1 35 38 43 49
5 6 -1 12 15 18 19
18 27 -1 35 38 42 48
5 6 -1 12 15 18 19
18 27 -1 35 38 41 47
5 6 -1 12 15 18 19
17 26 -1 34 39 41 47
5 6 -1 12 15 18 19
17 26 -1 34 39 40 46
5 6 -1 12 15 18 19
17 26 -1 33 39 40 46
5 6 -1 12 15 18 19
17 26 -1 33 39 40 46
5 6 -1 12 15 18 19
17 26 -1 33 40 39 44
5 6 -1 12 15 18 19
17 26 -1 32 40 38 44
5 6 -1 12 15 18 19
17 26 -1 32 40 38 43
5 6 -1 12 15 18 19
17 25 -1 32 40 37 43
5 6 -1 12 15 18 19
17 25 -1 31 40 36 42
5 6 -1 12 15 18 19
17 25 -1 31 40 36 41
5 6 -1 12 15 18 19
17 25 -1 31 41 35 41
5 6 -1 12 15 18 19
16 25 -1 30 41 35 40
5 6 -1 12 15 18 19
16 25 -1 30 41 34 40
5 6 -1 12 15 18 19
16 25 -1 30 41 34 39
5 6 -1 12 15 18 19
16 24 -1 29 41 33 38
5 6 -1 12 15 18 19
16 24 -1 29 41 32 38
5 6 -1 12 15 18 19
16 24 -1 29 41 32 37
5 6 -1 12 15 18 19
16 24 -1 28 41 31 37
5 6 -1 12 15 18 19
16 24 -1 28 41 31 36
5 6 -1 12 15 18 19
15 24 -1 27 41 30 36
5 6 -1 12 15 18 19
15 24 -1 27 41 30 35
5 6 -1 12 15 18 19
15 23 -1 27 41 29 34
5 6 -1 12 15 18 19
15 23 -1 26 41 29 34
5 6 -1 12 15 18 19
15 23 -1 26 41 28 33
5 6 -1 12 15 18 19
15 23 -1 26 41 27 33
30






























1
По всем вопросам касающимся приложения обращайтесь по WhatsApp +79952867503
1
09.2026

      
	
