1
For advertising or questions send us e-mail kogdanamaz@gmail.com 
30
3 4 -1 11 16 18 19
8 39 -1 35 15 19 50
3 4 -1 11 16 18 19
10 41 -1 34 13 17 47
3 4 -1 11 16 18 19
12 42 -1 34 11 14 45
3 4 -1 11 16 18 19
14 44 -1 34 10 12 42
3 4 -1 11 16 18 19
16 45 -1 33 8 10 40
3 4 -1 11 16 18 19
17 47 -1 33 6 8 37
3 4 -1 11 16 18 19
19 48 -1 33 4 6 35
3 4 -1 11 16 18 19
21 50 -1 32 3 4 32
3 4 -1 11 16 18 19
23 51 -1 32 1 2 30
3 4 -1 11 15 17 19
25 53 -1 32 59 59 27
3 4 -1 11 15 17 19
27 54 -1 31 57 57 25
3 4 -1 11 15 17 19
28 56 -1 31 56 55 22
3 4 -1 11 15 17 19
30 57 -1 30 54 53 20
3 4 -1 11 15 17 19
32 59 -1 30 52 51 17
3 5 -1 11 15 17 19
34 0 -1 30 50 48 15
3 5 -1 11 15 17 19
35 2 -1 29 48 46 12
3 5 -1 11 15 17 19
37 3 -1 29 47 44 10
3 5 -1 11 15 17 19
39 5 -1 29 45 42 7
3 5 -1 11 15 17 19
41 6 -1 28 43 40 5
3 5 -1 11 15 17 19
42 8 -1 28 41 37 2
3 5 -1 11 15 17 19
44 9 -1 28 39 35 0
3 5 -1 11 15 17 18
46 11 -1 27 37 33 58
3 5 -1 11 15 17 18
47 12 -1 27 35 31 55
3 5 -1 11 15 17 18
49 14 -1 27 33 29 53
3 5 -1 11 15 17 18
51 15 -1 26 32 26 51
3 5 -1 11 15 17 18
52 17 -1 26 30 24 48
3 5 -1 11 15 17 18
54 18 -1 26 28 22 46
3 5 -1 11 15 17 18
56 20 -1 25 26 20 44
3 5 -1 11 15 17 18
57 21 -1 25 24 18 41
3 5 -1 11 15 17 18
59 23 -1 25 22 15 39
30






























1
По всем вопросам касающимся приложения обращайтесь по WhatsApp +79952867503
1
09.2026

      
	
