1
For advertising or questions send us e-mail kogdanamaz@gmail.com 
30
4 5 -1 11 14 17 18
31 39 -1 46 54 52 58
4 5 -1 11 14 17 18
31 39 -1 46 53 52 57
4 5 -1 11 14 17 18
30 39 -1 46 52 51 57
4 5 -1 11 14 17 18
30 39 -1 45 51 51 56
4 5 -1 11 14 17 18
30 39 -1 45 50 50 56
4 5 -1 11 14 17 18
30 38 -1 45 49 50 55
4 5 -1 11 14 17 18
30 38 -1 44 48 49 55
4 5 -1 11 14 17 18
30 38 -1 44 47 49 54
4 5 -1 11 14 17 18
29 38 -1 44 46 48 54
4 5 -1 11 14 17 18
29 37 -1 43 44 48 53
4 5 -1 11 14 17 18
29 37 -1 43 44 47 53
4 5 -1 11 14 17 18
29 37 -1 43 44 47 53
4 5 -1 11 14 17 18
29 37 -1 42 44 47 52
4 5 -1 11 14 17 18
28 36 -1 42 45 46 51
4 5 -1 11 14 17 18
28 36 -1 41 45 46 51
4 5 -1 11 14 17 18
28 36 -1 41 45 45 50
4 5 -1 11 14 17 18
28 36 -1 41 45 45 50
4 5 -1 11 14 17 18
28 36 -1 40 46 44 49
4 5 -1 11 14 17 18
27 35 -1 40 46 44 49
4 5 -1 11 14 17 18
27 35 -1 40 46 43 48
4 5 -1 11 14 17 18
27 35 -1 39 46 43 48
4 5 -1 11 14 17 18
27 35 -1 39 47 42 47
4 5 -1 11 14 17 18
26 34 -1 39 47 42 47
4 5 -1 11 14 17 18
26 34 -1 38 47 41 46
4 5 -1 11 14 17 18
26 34 -1 38 47 41 46
4 5 -1 11 14 17 18
26 34 -1 38 47 41 46
4 5 -1 11 14 17 18
26 34 -1 38 47 40 45
4 5 -1 11 14 17 18
25 33 -1 37 48 39 44
4 5 -1 11 14 17 18
25 33 -1 37 48 39 44
4 5 -1 11 14 17 18
25 33 -1 36 48 39 44
30






























1
По всем вопросам касающимся приложения обращайтесь по WhatsApp +79952867503
1
09.2026

      
	
