1
For advertising or questions send us e-mail kogdanamaz@gmail.com 
30
4 5 -1 11 14 17 18
15 24 -1 33 37 40 46
4 5 -1 11 14 17 18
15 24 -1 32 36 39 45
4 5 -1 11 14 17 18
15 24 -1 32 35 39 45
4 5 -1 11 14 17 18
15 24 -1 32 34 38 44
4 5 -1 11 14 17 18
15 24 -1 31 33 38 43
4 5 -1 11 14 17 18
15 24 -1 31 33 37 43
4 5 -1 11 14 17 18
15 24 -1 31 33 37 42
4 5 -1 11 14 17 18
15 23 -1 30 33 36 42
4 5 -1 11 14 17 18
15 23 -1 30 34 36 41
4 5 -1 11 14 17 18
15 23 -1 30 34 35 41
4 5 -1 11 14 17 18
14 23 -1 29 34 35 40
4 5 -1 11 14 17 18
14 23 -1 29 34 35 40
4 5 -1 11 14 17 18
14 23 -1 29 35 33 39
4 5 -1 11 14 17 18
14 22 -1 28 35 33 38
4 5 -1 11 14 17 18
14 22 -1 28 35 32 38
4 5 -1 11 14 17 18
14 22 -1 27 35 32 37
4 5 -1 11 14 17 18
14 22 -1 27 36 31 37
4 5 -1 11 14 17 18
13 22 -1 27 36 31 36
4 5 -1 11 14 17 18
13 21 -1 26 36 30 35
4 5 -1 11 14 17 18
13 21 -1 26 36 30 35
4 5 -1 11 14 17 18
13 21 -1 26 36 29 34
4 5 -1 11 14 17 18
13 21 -1 25 36 29 34
4 5 -1 11 14 17 18
13 21 -1 25 36 28 33
4 5 -1 11 14 17 18
12 21 -1 25 37 28 33
4 5 -1 11 14 17 18
12 20 -1 24 37 27 32
4 5 -1 11 14 17 18
12 20 -1 24 37 27 32
4 5 -1 11 14 17 18
12 20 -1 24 37 27 32
4 5 -1 11 14 17 18
12 20 -1 23 37 26 31
4 5 -1 11 14 17 18
12 20 -1 23 37 25 30
4 5 -1 11 14 17 18
11 20 -1 23 37 25 30
30






























1
По всем вопросам касающимся приложения обращайтесь по WhatsApp +79952867503
1
09.2026

      
	
