1
For advertising or questions send us e-mail kogdanamaz@gmail.com 
30
4 5 -1 11 15 18 19
39 48 -1 56 1 2 8
4 5 -1 11 15 18 19
39 48 -1 55 0 2 8
4 5 -1 11 14 18 19
39 47 -1 55 59 1 7
4 5 -1 11 14 18 19
39 47 -1 55 57 1 7
4 5 -1 11 14 18 19
38 47 -1 54 56 0 6
4 5 -1 11 14 18 19
38 47 -1 54 55 0 6
4 5 -1 11 14 17 19
38 47 -1 54 55 59 5
4 5 -1 11 14 17 19
38 47 -1 53 56 59 4
4 5 -1 11 14 17 19
38 47 -1 53 56 59 4
4 5 -1 11 14 17 19
38 46 -1 53 56 58 3
4 5 -1 11 14 17 19
38 46 -1 52 57 57 3
4 5 -1 11 14 17 19
38 46 -1 52 57 57 2
4 5 -1 11 14 17 19
37 46 -1 52 57 56 2
4 5 -1 11 14 17 19
37 45 -1 51 57 56 1
4 5 -1 11 14 17 19
37 45 -1 51 58 55 1
4 5 -1 11 14 17 19
37 45 -1 50 58 55 0
4 5 -1 11 14 17 18
37 45 -1 50 58 54 59
4 5 -1 11 14 17 18
37 45 -1 50 58 54 59
4 5 -1 11 14 17 18
36 45 -1 49 58 53 58
4 5 -1 11 14 17 18
36 44 -1 49 58 53 58
4 5 -1 11 14 17 18
36 44 -1 49 59 52 57
4 5 -1 11 14 17 18
36 44 -1 48 59 52 57
4 5 -1 11 14 17 18
36 44 -1 48 59 51 56
4 5 -1 11 14 17 18
36 44 -1 48 59 51 56
4 5 -1 11 14 17 18
35 43 -1 47 59 50 55
4 5 -1 11 14 17 18
35 43 -1 47 59 50 55
4 5 -1 11 14 17 18
35 43 -1 47 59 49 54
4 5 -1 11 14 17 18
35 43 -1 46 59 49 54
4 5 -1 11 15 17 18
35 43 -1 46 0 48 53
4 5 -1 11 15 17 18
34 43 -1 46 0 48 53
30






























1
По всем вопросам касающимся приложения обращайтесь по WhatsApp +79952867503
1
09.2026

      
	
