1
For advertising or questions send us e-mail kogdanamaz@gmail.com 
31
4 5 -1 11 14 17 18
23 33 -1 34 56 33 41
4 5 -1 11 14 17 18
23 34 -1 33 56 32 40
4 5 -1 11 14 17 18
23 34 -1 33 56 31 39
4 5 -1 11 14 17 18
23 34 -1 33 55 30 38
4 5 -1 11 14 17 18
23 34 -1 33 55 30 38
4 5 -1 11 14 17 18
23 34 -1 32 54 29 37
4 5 -1 11 14 17 18
24 35 -1 32 54 28 36
4 5 -1 11 14 17 18
24 35 -1 32 54 27 35
4 5 -1 11 14 17 18
24 35 -1 31 53 26 35
4 5 -1 11 14 17 18
24 35 -1 31 53 26 34
4 5 -1 11 14 17 18
24 35 -1 31 53 26 34
4 5 -1 11 14 17 18
24 35 -1 31 53 25 33
4 5 -1 11 14 17 18
25 36 -1 30 52 23 32
4 5 -1 11 14 17 18
25 36 -1 30 51 23 31
4 5 -1 11 14 17 18
25 36 -1 30 51 22 30
4 5 -1 11 14 17 18
25 37 -1 30 51 21 30
4 5 -1 11 14 17 18
26 37 -1 29 50 21 29
4 5 -1 11 14 17 18
26 37 -1 29 50 20 28
4 5 -1 11 14 17 18
26 38 -1 29 49 19 28
4 5 -1 11 14 17 18
26 38 -1 29 49 19 27
4 5 -1 11 14 17 18
26 38 -1 29 49 18 27
4 5 -1 11 14 17 18
27 38 -1 29 48 17 26
4 5 -1 11 14 17 18
27 39 -1 28 48 17 26
4 5 -1 11 14 17 18
27 39 -1 28 48 16 25
4 5 -1 11 14 17 18
27 39 -1 28 47 16 25
4 5 -1 11 14 17 18
27 39 -1 28 47 16 25
4 5 -1 11 14 17 18
28 40 -1 28 47 15 24
4 5 -1 11 14 17 18
28 41 -1 28 46 14 23
4 5 -1 11 14 17 18
29 41 -1 28 46 13 23
4 5 -1 11 14 17 18
29 41 -1 28 46 13 22
4 5 -1 11 14 17 18
29 42 -1 28 46 12 22
31































1
По всем вопросам касающимся приложения обращайтесь по WhatsApp +79952867503
1
10.2026

      
	