1
For advertising or questions send us e-mail kogdanamaz@gmail.com 
30
5 6 -1 13 16 19 20
41 53 -1 7 24 19 28
5 6 -1 13 16 19 20
41 53 -1 6 24 19 27
5 6 -1 13 16 19 20
41 53 -1 6 24 18 26
5 6 -1 13 16 19 20
41 53 -1 6 24 17 25
5 6 -1 13 16 19 20
42 53 -1 5 23 16 24
5 6 -1 13 16 19 20
42 53 -1 5 23 15 24
5 6 -1 13 16 19 20
42 53 -1 5 23 15 23
5 6 -1 13 16 19 20
42 53 -1 4 23 14 22
5 6 -1 13 16 19 20
42 53 -1 4 23 14 22
5 6 -1 13 16 19 20
43 53 -1 3 23 12 20
5 6 -1 13 16 19 20
43 54 -1 3 23 12 19
5 6 -1 13 16 19 20
43 54 -1 3 23 11 19
5 6 -1 13 16 19 20
43 54 -1 2 22 10 18
5 6 -1 13 16 19 20
43 54 -1 2 22 9 17
5 6 -1 13 16 19 20
43 54 -1 2 22 8 16
5 6 -1 13 16 19 20
43 54 -1 1 22 8 15
5 6 -1 13 16 19 20
44 54 -1 1 22 7 14
5 6 -1 13 16 19 20
44 54 -1 1 21 6 13
5 6 -1 13 16 19 20
44 54 -1 0 21 5 13
5 6 -1 13 16 19 20
44 54 -1 0 21 4 12
5 6 -1 13 16 19 20
44 54 -1 0 21 4 11
5 6 -1 12 16 19 20
44 54 -1 59 21 3 10
5 6 -1 12 16 19 20
44 55 -1 59 20 2 9
5 6 -1 12 16 19 20
44 55 -1 59 20 1 8
5 6 -1 12 16 19 20
45 55 -1 58 20 0 8
5 6 -1 12 16 19 20
45 55 -1 58 19 0 7
5 6 -1 12 16 18 20
45 55 -1 57 19 59 6
5 6 -1 12 16 18 20
45 55 -1 57 19 58 5
5 6 -1 12 16 18 20
45 55 -1 57 19 57 5
5 6 -1 12 16 18 20
45 55 -1 56 18 56 4
30






























1
По всем вопросам касающимся приложения обращайтесь по WhatsApp +79952867503
1
09.2026

      
	
