1
For advertising or questions send us e-mail kogdanamaz@gmail.com 
31
5 6 -1 12 15 18 19
28 37 -1 39 59 39 46
5 6 -1 12 15 18 19
28 37 -1 39 59 39 45
5 6 -1 12 15 18 19
28 37 -1 38 58 38 44
5 6 -1 12 15 18 19
28 38 -1 38 58 37 44
5 6 -1 12 15 18 19
28 38 -1 38 58 37 43
5 6 -1 12 15 18 19
28 38 -1 37 58 36 42
5 6 -1 12 15 18 19
28 38 -1 37 58 35 42
5 6 -1 12 15 18 19
28 38 -1 37 58 35 42
5 6 -1 12 15 18 19
28 38 -1 37 57 34 41
5 6 -1 12 15 18 19
28 38 -1 36 57 34 40
5 6 -1 12 15 18 19
28 38 -1 36 57 33 39
5 6 -1 12 15 18 19
28 38 -1 36 57 32 39
5 6 -1 12 15 18 19
28 38 -1 35 56 32 38
5 6 -1 12 15 18 19
29 38 -1 35 56 31 38
5 6 -1 12 15 18 19
29 38 -1 35 56 31 37
5 6 -1 12 15 18 19
29 38 -1 35 56 30 37
5 6 -1 12 15 18 19
29 39 -1 35 56 30 36
5 6 -1 12 15 18 19
29 39 -1 34 55 29 36
5 6 -1 12 15 18 19
29 39 -1 34 55 29 35
5 6 -1 12 15 18 19
29 39 -1 34 55 28 35
5 6 -1 12 15 18 19
29 39 -1 34 55 28 35
5 6 -1 12 15 18 19
29 39 -1 34 55 27 34
5 6 -1 12 15 18 19
29 39 -1 34 55 27 34
5 6 -1 12 15 18 19
29 40 -1 33 54 26 33
5 6 -1 12 15 18 19
29 40 -1 33 54 26 33
5 6 -1 12 15 18 19
30 40 -1 33 54 25 33
5 6 -1 12 15 18 19
30 40 -1 33 54 25 32
5 6 -1 12 15 18 19
30 40 -1 33 54 24 32
5 6 -1 12 15 18 19
30 41 -1 33 54 24 32
5 6 -1 12 15 18 19
30 41 -1 33 53 24 32
5 6 -1 12 15 18 19
30 41 -1 33 53 23 31
31































1
По всем вопросам касающимся приложения обращайтесь по WhatsApp +79952867503
1
10.2026

      
	
