1
For advertising or questions send us e-mail kogdanamaz@gmail.com 
30
5 6 -1 12 15 18 19
4 13 -1 22 26 29 35
5 6 -1 12 15 18 19
4 13 -1 21 25 28 34
5 6 -1 12 15 18 19
4 13 -1 21 23 28 34
5 6 -1 12 15 18 19
4 13 -1 21 22 27 33
5 6 -1 12 15 18 19
4 13 -1 20 22 27 33
5 6 -1 12 15 18 19
4 13 -1 20 23 26 32
5 6 -1 12 15 18 19
4 12 -1 20 23 26 31
5 6 -1 12 15 18 19
4 12 -1 19 23 25 31
5 6 -1 12 15 18 19
4 12 -1 19 23 25 31
5 6 -1 12 15 18 19
4 12 -1 19 24 24 30
5 6 -1 12 15 18 19
3 12 -1 18 24 24 29
5 6 -1 12 15 18 19
3 12 -1 18 24 23 29
5 6 -1 12 15 18 19
3 11 -1 18 24 23 28
5 6 -1 12 15 18 19
3 11 -1 17 25 22 27
5 6 -1 12 15 18 19
3 11 -1 17 25 21 27
5 6 -1 12 15 18 19
3 11 -1 17 25 21 26
5 6 -1 12 15 18 19
3 11 -1 16 25 20 26
5 6 -1 12 15 18 19
2 11 -1 16 25 20 25
5 6 -1 12 15 18 19
2 10 -1 15 25 19 25
5 6 -1 12 15 18 19
2 10 -1 15 26 19 24
5 6 -1 12 15 18 19
2 10 -1 15 26 18 23
5 6 -1 12 15 18 19
2 10 -1 14 26 18 23
5 6 -1 12 15 18 19
2 10 -1 14 26 17 22
5 6 -1 12 15 18 19
2 10 -1 14 26 17 22
5 6 -1 12 15 18 19
1 9 -1 13 26 16 21
5 6 -1 12 15 18 19
1 9 -1 13 26 16 21
5 6 -1 12 15 18 19
1 9 -1 13 26 15 20
5 6 -1 12 15 18 19
1 9 -1 12 26 15 20
5 6 -1 12 15 18 19
1 9 -1 12 26 14 19
5 6 -1 12 15 18 19
1 9 -1 12 26 14 19
30






























1
По всем вопросам касающимся приложения обращайтесь по WhatsApp +79952867503
1
09.2026

      
	
