1
For advertising or questions send us e-mail kogdanamaz@gmail.com 
30
3 4 -1 11 16 18 20
16 48 -1 44 24 29 1
3 4 -1 11 16 18 19
18 50 -1 44 22 27 59
3 4 -1 11 16 18 19
19 51 -1 43 21 25 56
3 4 -1 11 16 18 19
21 53 -1 43 19 22 54
3 4 -1 11 16 18 19
23 54 -1 43 17 20 51
3 4 -1 11 16 18 19
25 56 -1 42 16 18 48
3 4 -1 11 16 18 19
27 57 -1 42 14 16 46
3 4 -1 11 16 18 19
29 59 -1 42 12 14 43
3 5 -1 11 16 18 19
31 0 -1 41 10 12 41
3 5 -1 11 16 18 19
33 2 -1 41 9 9 38
3 5 -1 11 16 18 19
35 3 -1 41 7 7 36
3 5 -1 11 16 18 19
37 5 -1 40 5 5 33
3 5 -1 11 16 18 19
38 6 -1 40 3 3 30
3 5 -1 11 16 18 19
40 8 -1 40 1 0 28
3 5 -1 11 15 17 19
42 9 -1 39 59 58 25
3 5 -1 11 15 17 19
44 11 -1 39 58 56 23
3 5 -1 11 15 17 19
46 13 -1 39 56 54 20
3 5 -1 11 15 17 19
47 14 -1 38 54 51 18
3 5 -1 11 15 17 19
49 16 -1 38 52 49 16
3 5 -1 11 15 17 19
51 17 -1 38 50 47 13
3 5 -1 11 15 17 19
53 19 -1 37 48 45 11
3 5 -1 11 15 17 19
54 20 -1 37 46 43 8
3 5 -1 11 15 17 19
56 22 -1 36 44 40 6
3 5 -1 11 15 17 19
58 23 -1 36 42 38 3
3 5 -1 11 15 17 19
59 25 -1 36 41 36 1
4 5 -1 11 15 17 18
1 26 -1 35 39 34 59
4 5 -1 11 15 17 18
3 28 -1 35 37 31 56
4 5 -1 11 15 17 18
4 29 -1 35 35 29 54
4 5 -1 11 15 17 18
6 31 -1 34 33 27 52
4 5 -1 11 15 17 18
8 32 -1 34 31 25 49
30






























1
По всем вопросам касающимся приложения обращайтесь по WhatsApp +79952867503
1
09.2026

      
	
