1
For advertising or questions send us e-mail kogdanamaz@gmail.com 
30
5 6 -1 12 15 18 19
0 9 -1 17 23 23 29
5 6 -1 12 15 18 19
0 9 -1 16 22 23 28
5 6 -1 12 15 18 19
0 9 -1 16 21 22 28
5 6 -1 12 15 18 19
0 9 -1 16 20 22 27
5 6 -1 12 15 18 19
0 9 -1 15 19 21 27
5 6 -1 12 15 18 19
0 8 -1 15 18 21 26
5 6 -1 12 15 18 19
0 8 -1 15 16 20 26
5 6 -1 12 15 18 19
0 8 -1 14 15 20 25
5 6 -1 12 15 18 19
0 8 -1 14 15 20 25
4 6 -1 12 15 18 19
59 8 -1 14 16 19 24
4 6 -1 12 15 18 19
59 7 -1 13 16 18 23
4 6 -1 12 15 18 19
59 7 -1 13 16 18 23
4 6 -1 12 15 18 19
59 7 -1 13 17 17 22
4 6 -1 12 15 18 19
59 7 -1 12 17 17 22
4 6 -1 12 15 18 19
58 6 -1 12 17 16 21
4 6 -1 12 15 18 19
58 6 -1 11 17 16 21
4 6 -1 12 15 18 19
58 6 -1 11 18 15 20
4 6 -1 12 15 18 19
58 6 -1 11 18 15 20
4 6 -1 12 15 18 19
58 6 -1 10 18 14 19
4 6 -1 12 15 18 19
57 5 -1 10 18 14 19
4 6 -1 12 15 18 19
57 5 -1 10 18 13 18
4 6 -1 12 15 18 19
57 5 -1 9 19 13 18
4 6 -1 12 15 18 19
57 5 -1 9 19 12 17
4 6 -1 12 15 18 19
57 5 -1 9 19 12 17
4 6 -1 12 15 18 19
56 4 -1 8 19 11 16
4 6 -1 12 15 18 19
56 4 -1 8 19 11 16
4 6 -1 12 15 18 19
56 4 -1 8 19 10 15
4 6 -1 12 15 18 19
56 4 -1 7 19 10 15
4 6 -1 12 15 18 19
56 4 -1 7 20 9 14
4 6 -1 12 15 18 19
55 3 -1 7 20 9 14
30






























1
По всем вопросам касающимся приложения обращайтесь по WhatsApp +79952867503
1
09.2026

      
	
