1
For advertising or questions send us e-mail kogdanamaz@gmail.com 
31
5 6 -1 12 15 18 19
2 11 -1 13 30 14 19
5 6 -1 12 15 18 19
2 10 -1 12 30 13 19
5 6 -1 12 15 18 19
2 10 -1 12 30 13 18
5 6 -1 12 15 18 19
2 10 -1 12 30 12 18
5 6 -1 12 15 18 19
2 10 -1 11 30 12 17
5 6 -1 12 15 18 19
2 10 -1 11 30 11 17
5 6 -1 12 15 18 19
2 10 -1 11 30 10 16
5 6 -1 12 15 18 19
2 10 -1 11 30 10 16
5 6 -1 12 15 18 19
1 10 -1 10 30 9 15
5 6 -1 12 15 18 19
1 10 -1 10 29 9 15
5 6 -1 12 15 18 19
1 10 -1 10 29 8 14
5 6 -1 12 15 18 19
1 10 -1 10 29 8 14
5 6 -1 12 15 18 19
1 10 -1 9 29 7 13
5 6 -1 12 15 18 19
1 10 -1 9 29 7 13
5 6 -1 12 15 18 19
1 10 -1 9 29 6 12
5 6 -1 12 15 18 19
1 10 -1 9 29 6 12
5 6 -1 12 15 18 19
1 10 -1 8 29 5 12
5 6 -1 12 15 18 19
1 10 -1 8 29 5 11
5 6 -1 12 15 18 19
1 10 -1 8 29 5 11
5 6 -1 12 15 18 19
1 10 -1 8 28 4 11
5 6 -1 12 15 18 19
1 10 -1 8 28 4 10
5 6 -1 12 15 18 19
1 11 -1 8 28 3 10
5 6 -1 12 15 18 19
1 11 -1 8 28 3 10
5 6 -1 12 15 18 19
1 11 -1 7 28 3 9
5 6 -1 12 15 18 19
1 11 -1 7 28 2 9
5 6 -1 12 15 18 19
1 11 -1 7 28 2 9
5 6 -1 12 15 18 19
1 11 -1 7 28 2 9
5 6 -1 12 15 18 19
1 11 -1 7 28 1 8
5 6 -1 12 15 18 19
1 11 -1 7 28 1 8
5 6 -1 12 15 18 19
1 12 -1 7 28 1 8
5 6 -1 12 15 18 19
1 12 -1 7 28 0 8
31































1
По всем вопросам касающимся приложения обращайтесь по WhatsApp +79952867503
1
10.2026

      
	