1
For advertising or questions send us e-mail kogdanamaz@gmail.com 
31
5 6 -1 12 15 18 19
5 13 -1 17 29 19 24
5 6 -1 12 15 18 19
5 13 -1 16 30 18 23
5 6 -1 12 15 18 19
5 13 -1 16 30 18 23
5 6 -1 12 15 18 19
5 13 -1 16 30 17 23
5 6 -1 12 15 18 19
5 13 -1 15 30 17 22
5 6 -1 12 15 18 19
4 13 -1 15 30 17 22
5 6 -1 12 15 18 19
4 12 -1 15 30 16 21
5 6 -1 12 15 18 19
4 12 -1 15 30 16 21
5 6 -1 12 15 18 19
4 12 -1 14 30 15 21
5 6 -1 12 15 18 19
4 12 -1 14 30 15 20
5 6 -1 12 15 18 19
3 12 -1 14 30 15 20
5 6 -1 12 15 18 19
3 12 -1 13 30 14 20
5 6 -1 12 15 18 19
3 12 -1 13 30 14 19
5 6 -1 12 15 18 19
3 11 -1 13 31 14 19
5 6 -1 12 15 18 19
3 11 -1 13 31 13 19
5 6 -1 12 15 18 19
3 11 -1 13 31 13 18
5 6 -1 12 15 18 19
2 11 -1 12 31 13 18
5 6 -1 12 15 18 19
2 11 -1 12 31 12 18
5 6 -1 12 15 18 19
2 11 -1 12 31 12 18
5 6 -1 12 15 18 19
2 11 -1 12 31 12 18
5 6 -1 12 15 18 19
2 11 -1 12 31 11 17
5 6 -1 12 15 18 19
2 11 -1 11 31 11 17
5 6 -1 12 15 18 19
2 11 -1 11 31 11 17
5 6 -1 12 15 18 19
1 11 -1 11 31 11 17
5 6 -1 12 15 18 19
1 11 -1 11 31 10 17
5 6 -1 12 15 18 19
1 11 -1 11 31 10 16
5 6 -1 12 15 18 19
1 11 -1 11 31 10 16
5 6 -1 12 15 18 19
1 11 -1 11 31 10 16
5 6 -1 12 15 18 19
1 11 -1 11 32 10 16
5 6 -1 12 15 18 19
1 11 -1 11 32 9 16
5 6 -1 12 15 18 19
1 11 -1 11 32 9 16
31































1
По всем вопросам касающимся приложения обращайтесь по WhatsApp +79952867503
1
10.2026

      
	
