1
For advertising or questions send us e-mail kogdanamaz@gmail.com 
31
5 6 -1 12 16 18 20
43 54 -1 54 17 53 1
5 6 -1 12 16 18 20
43 54 -1 54 16 52 0
5 6 -1 12 16 18 20
43 54 -1 53 16 51 0
5 6 -1 12 16 18 19
43 54 -1 53 16 51 59
5 6 -1 12 16 18 19
44 55 -1 53 15 50 58
5 6 -1 12 16 18 19
44 55 -1 53 15 49 57
5 6 -1 12 16 18 19
44 55 -1 52 14 48 56
5 6 -1 12 16 18 19
44 55 -1 52 14 48 56
5 6 -1 12 16 18 19
44 55 -1 52 14 47 55
5 6 -1 12 16 18 19
44 56 -1 51 13 46 54
5 6 -1 12 16 18 19
45 56 -1 51 13 45 53
5 6 -1 12 16 18 19
45 56 -1 51 12 44 53
5 6 -1 12 16 18 19
45 56 -1 51 12 44 52
5 6 -1 12 16 18 19
45 57 -1 50 12 43 51
5 6 -1 12 16 18 19
46 57 -1 50 11 42 51
5 6 -1 12 16 18 19
46 57 -1 50 11 42 50
5 6 -1 12 16 18 19
46 57 -1 50 11 41 49
5 6 -1 12 16 18 19
46 58 -1 50 10 40 49
5 6 -1 12 16 18 19
46 58 -1 49 10 39 48
5 6 -1 12 16 18 19
47 58 -1 49 9 39 48
5 6 -1 12 16 18 19
47 59 -1 49 9 38 47
5 6 -1 12 16 18 19
47 59 -1 49 9 38 46
5 6 -1 12 16 18 19
47 59 -1 49 9 38 46
5 7 -1 12 16 18 19
48 0 -1 49 8 36 45
5 7 -1 12 16 18 19
48 0 -1 48 8 36 45
5 7 -1 12 16 18 19
48 0 -1 48 7 35 44
5 7 -1 12 16 18 19
48 1 -1 48 7 35 44
5 7 -1 12 16 18 19
49 1 -1 48 7 34 43
5 7 -1 12 16 18 19
49 1 -1 48 6 34 43
5 7 -1 12 16 18 19
49 2 -1 48 6 33 43
5 7 -1 12 16 18 19
50 2 -1 48 6 33 42
31































1
По всем вопросам касающимся приложения обращайтесь по WhatsApp +79952867503
1
10.2026

      
	
