1
For advertising or questions send us e-mail kogdanamaz@gmail.com 
30
5 6 -1 12 16 19 20
17 32 -1 50 17 8 20
5 6 -1 12 16 19 20
17 32 -1 50 17 7 18
5 6 -1 12 16 19 20
18 33 -1 50 16 6 17
5 6 -1 12 16 19 20
18 33 -1 49 16 5 16
5 6 -1 12 16 19 20
19 33 -1 49 16 4 15
5 6 -1 12 16 19 20
19 33 -1 49 15 3 14
5 6 -1 12 16 19 20
19 34 -1 48 15 2 13
5 6 -1 12 16 19 20
20 34 -1 48 15 1 12
5 6 -1 12 16 19 20
20 34 -1 48 15 1 12
5 6 -1 12 16 18 20
21 35 -1 47 14 59 10
5 6 -1 12 16 18 20
21 35 -1 47 14 58 9
5 6 -1 12 16 18 20
21 35 -1 47 13 57 8
5 6 -1 12 16 18 20
22 35 -1 46 13 56 7
5 6 -1 12 16 18 20
22 36 -1 46 12 55 6
5 6 -1 12 16 18 20
22 36 -1 46 12 54 5
5 6 -1 12 16 18 20
23 36 -1 45 11 53 3
5 6 -1 12 16 18 20
23 37 -1 45 11 52 2
5 6 -1 12 16 18 20
23 37 -1 45 10 51 1
5 6 -1 12 16 18 20
24 37 -1 44 10 50 0
5 6 -1 12 16 18 19
24 38 -1 44 10 49 59
5 6 -1 12 16 18 19
24 38 -1 44 9 48 58
5 6 -1 12 16 18 19
25 38 -1 43 9 47 57
5 6 -1 12 16 18 19
25 38 -1 43 8 46 56
5 6 -1 12 16 18 19
25 39 -1 42 8 45 55
5 6 -1 12 16 18 19
26 39 -1 42 7 44 54
5 6 -1 12 16 18 19
26 39 -1 42 7 43 53
5 6 -1 12 16 18 19
27 40 -1 41 6 42 52
5 6 -1 12 16 18 19
27 40 -1 41 5 41 51
5 6 -1 12 16 18 19
27 40 -1 41 5 40 50
5 6 -1 12 16 18 19
27 41 -1 40 4 39 49
30






























1
По всем вопросам касающимся приложения обращайтесь по WhatsApp +79952867503
1
09.2026

      
	
