1
For advertising or questions send us e-mail kogdanamaz@gmail.com 
30
5 6 -1 12 15 18 19
3 15 -1 30 48 43 52
5 6 -1 12 15 18 19
3 15 -1 29 48 42 51
5 6 -1 12 15 18 19
4 15 -1 29 48 41 50
5 6 -1 12 15 18 19
4 16 -1 29 47 40 49
5 6 -1 12 15 18 19
4 16 -1 28 47 40 48
5 6 -1 12 15 18 19
4 16 -1 28 47 39 47
5 6 -1 12 15 18 19
5 16 -1 28 47 38 46
5 6 -1 12 15 18 19
5 16 -1 27 47 37 45
5 6 -1 12 15 18 19
5 16 -1 27 47 37 45
5 6 -1 12 15 18 19
5 16 -1 27 47 36 44
5 6 -1 12 15 18 19
5 16 -1 26 47 35 43
5 6 -1 12 15 18 19
5 16 -1 26 46 34 42
5 6 -1 12 15 18 19
6 17 -1 25 46 33 41
5 6 -1 12 15 18 19
6 17 -1 25 46 32 40
5 6 -1 12 15 18 19
6 17 -1 25 46 32 39
5 6 -1 12 15 18 19
6 17 -1 24 46 31 38
5 6 -1 12 15 18 19
6 17 -1 24 45 30 38
5 6 -1 12 15 18 19
6 17 -1 24 45 29 37
5 6 -1 12 15 18 19
7 17 -1 23 45 28 36
5 6 -1 12 15 18 19
7 17 -1 23 45 27 35
5 6 -1 12 15 18 19
7 17 -1 23 44 27 34
5 6 -1 12 15 18 19
7 17 -1 22 44 26 33
5 6 -1 12 15 18 19
7 18 -1 22 44 25 33
5 6 -1 12 15 18 19
7 18 -1 22 43 24 32
5 6 -1 12 15 18 19
7 18 -1 21 43 23 31
5 6 -1 12 15 18 19
7 18 -1 21 43 23 30
5 6 -1 12 15 18 19
8 18 -1 21 43 22 29
5 6 -1 12 15 18 19
8 18 -1 20 42 21 28
5 6 -1 12 15 18 19
8 18 -1 20 42 20 28
5 6 -1 12 15 18 19
8 18 -1 20 42 19 27
30






























1
По всем вопросам касающимся приложения обращайтесь по WhatsApp +79952867503
1
09.2026

      
	
