1
For advertising or questions send us e-mail kogdanamaz@gmail.com 
30
4 5 -1 11 15 18 19
27 39 -1 55 16 9 19
4 5 -1 11 15 18 19
27 39 -1 55 16 8 18
4 5 -1 11 15 18 19
27 40 -1 54 16 8 17
4 5 -1 11 15 18 19
27 40 -1 54 15 7 16
4 5 -1 11 15 18 19
28 40 -1 54 15 6 15
4 5 -1 11 15 18 19
28 40 -1 53 15 5 14
4 5 -1 11 15 18 19
28 40 -1 53 15 4 13
4 5 -1 11 15 18 19
28 41 -1 53 15 3 12
4 5 -1 11 15 18 19
28 41 -1 53 15 3 12
4 5 -1 11 15 18 19
29 41 -1 52 14 2 11
4 5 -1 11 15 18 19
29 41 -1 52 14 1 10
4 5 -1 11 15 18 19
29 41 -1 51 14 0 9
4 5 -1 11 15 17 19
30 41 -1 51 13 59 8
4 5 -1 11 15 17 19
30 41 -1 50 13 58 7
4 5 -1 11 15 17 19
30 42 -1 50 13 57 6
4 5 -1 11 15 17 19
30 42 -1 50 13 56 5
4 5 -1 11 15 17 19
31 42 -1 49 12 56 4
4 5 -1 11 15 17 19
31 42 -1 49 12 55 3
4 5 -1 11 15 17 19
31 42 -1 49 12 54 2
4 5 -1 11 15 17 19
31 42 -1 48 11 53 1
4 5 -1 11 15 17 19
31 43 -1 48 11 52 0
4 5 -1 11 15 17 18
32 43 -1 48 11 51 59
4 5 -1 11 15 17 18
32 43 -1 47 10 50 59
4 5 -1 11 15 17 18
32 43 -1 47 10 49 58
4 5 -1 11 15 17 18
32 43 -1 47 10 49 57
4 5 -1 11 15 17 18
32 43 -1 46 9 48 56
4 5 -1 11 15 17 18
32 44 -1 46 9 47 55
4 5 -1 11 15 17 18
33 44 -1 46 9 46 54
4 5 -1 11 15 17 18
33 44 -1 45 8 45 53
4 5 -1 11 15 17 18
33 44 -1 45 8 44 53
30






























1
По всем вопросам касающимся приложения обращайтесь по WhatsApp +79952867503
1
09.2026

      
	
