1
For advertising or questions send us e-mail kogdanamaz@gmail.com 
31
4 6 -1 12 15 18 19
56 6 -1 7 28 7 14
4 6 -1 12 15 18 19
56 6 -1 7 28 6 13
4 6 -1 12 15 18 19
56 6 -1 6 28 5 12
4 6 -1 12 15 18 19
56 6 -1 6 27 5 12
4 6 -1 12 15 18 19
56 6 -1 6 27 4 11
4 6 -1 12 15 18 19
57 6 -1 5 27 3 10
4 6 -1 12 15 18 19
57 6 -1 5 26 3 10
4 6 -1 12 15 18 19
57 6 -1 5 26 3 10
4 6 -1 12 15 18 19
57 7 -1 5 26 1 8
4 6 -1 12 15 18 19
57 7 -1 4 26 1 8
4 6 -1 12 15 18 19
57 7 -1 4 25 0 7
4 6 -1 12 15 17 19
57 7 -1 4 25 59 6
4 6 -1 12 15 17 19
57 7 -1 4 25 59 6
4 6 -1 12 15 17 19
57 7 -1 3 25 58 5
4 6 -1 12 15 17 19
57 8 -1 3 24 57 5
4 6 -1 12 15 17 19
57 8 -1 3 24 57 4
4 6 -1 12 15 17 19
58 8 -1 3 24 56 4
4 6 -1 12 15 17 19
58 8 -1 2 23 56 3
4 6 -1 12 15 17 19
58 8 -1 2 23 55 3
4 6 -1 12 15 17 19
58 8 -1 2 23 55 2
4 6 -1 12 15 17 19
58 9 -1 2 23 54 2
4 6 -1 12 15 17 19
58 9 -1 2 22 54 1
4 6 -1 12 15 17 19
58 9 -1 2 22 54 1
4 6 -1 12 15 17 19
59 9 -1 2 22 53 0
4 6 -1 12 15 17 19
59 10 -1 1 22 52 0
4 6 -1 12 15 17 19
59 10 -1 1 22 52 0
4 6 -1 12 15 17 18
59 10 -1 1 21 51 59
4 6 -1 12 15 17 18
59 10 -1 1 21 51 59
4 6 -1 12 15 17 18
59 11 -1 1 21 50 58
5 6 -1 12 15 17 18
0 11 -1 1 21 50 58
5 6 -1 12 15 17 18
0 11 -1 1 21 49 58
31































1
По всем вопросам касающимся приложения обращайтесь по WhatsApp +79952867503
1
10.2026

      
	