1
For advertising or questions send us e-mail kogdanamaz@gmail.com 
30
5 6 -1 12 16 19 20
29 40 -1 52 5 3 11
5 6 -1 12 16 19 20
29 40 -1 52 5 3 10
5 6 -1 12 16 19 20
29 40 -1 51 5 2 10
5 6 -1 12 16 19 20
29 40 -1 51 5 1 9
5 6 -1 12 16 19 20
29 40 -1 51 5 1 8
5 6 -1 12 16 19 20
30 40 -1 50 5 0 7
5 6 -1 12 16 18 20
30 40 -1 50 5 59 6
5 6 -1 12 16 18 20
30 40 -1 50 5 58 6
5 6 -1 12 16 18 20
30 40 -1 49 5 58 5
5 6 -1 12 16 18 20
30 40 -1 49 5 57 4
5 6 -1 12 16 18 20
30 40 -1 49 5 56 3
5 6 -1 12 16 18 20
30 40 -1 49 5 56 3
5 6 -1 12 16 18 20
30 40 -1 48 5 55 2
5 6 -1 12 16 18 20
30 40 -1 48 5 54 1
5 6 -1 12 16 18 20
30 40 -1 47 5 53 0
5 6 -1 12 16 18 19
30 40 -1 47 5 53 59
5 6 -1 12 16 18 19
30 40 -1 47 5 52 59
5 6 -1 12 16 18 19
30 40 -1 46 5 51 58
5 6 -1 12 16 18 19
31 40 -1 46 4 50 57
5 6 -1 12 16 18 19
31 40 -1 46 4 50 56
5 6 -1 12 16 18 19
31 40 -1 45 4 49 56
5 6 -1 12 16 18 19
31 40 -1 45 4 48 55
5 6 -1 12 16 18 19
31 40 -1 44 4 48 54
5 6 -1 12 16 18 19
31 40 -1 44 4 47 53
5 6 -1 12 16 18 19
31 40 -1 44 3 46 53
5 6 -1 12 16 18 19
31 40 -1 44 3 46 53
5 6 -1 12 16 18 19
31 40 -1 43 3 45 52
5 6 -1 12 16 18 19
31 40 -1 43 3 44 51
5 6 -1 12 16 18 19
31 40 -1 42 3 43 50
5 6 -1 12 16 18 19
31 40 -1 42 2 43 49
30






























1
По всем вопросам касающимся приложения обращайтесь по WhatsApp +79952867503
1
09.2026

      
	
