1
For advertising or questions send us e-mail kogdanamaz@gmail.com 
31
4 5 -1 11 15 17 18
24 41 -1 39 42 30 48
4 5 -1 11 15 17 18
25 43 -1 39 40 28 46
4 5 -1 11 15 17 18
26 44 -1 39 39 27 44
4 5 -1 11 15 17 18
28 45 -1 38 37 25 42
4 5 -1 11 15 17 18
29 46 -1 38 35 23 40
4 5 -1 11 15 17 18
30 48 -1 38 34 21 38
4 5 -1 11 15 17 18
31 49 -1 37 32 19 37
4 5 -1 11 15 17 18
33 50 -1 37 30 17 35
4 5 -1 11 15 17 18
34 51 -1 37 29 16 33
4 5 -1 11 15 17 18
35 53 -1 37 27 14 31
4 5 -1 11 15 17 18
36 54 -1 36 25 12 29
4 5 -1 11 15 17 18
38 55 -1 36 24 10 28
4 5 -1 11 15 17 18
39 56 -1 36 22 8 26
4 5 -1 11 15 17 18
40 58 -1 36 21 7 24
4 5 -1 11 15 17 18
41 59 -1 35 19 5 22
4 6 -1 11 15 17 18
43 0 -1 35 17 3 21
4 6 -1 11 15 17 18
44 2 -1 35 16 1 19
4 6 -1 11 15 17 18
45 3 -1 35 14 0 17
4 6 -1 11 15 16 18
46 4 -1 35 13 58 16
4 6 -1 11 15 16 18
48 6 -1 34 11 56 14
4 6 -1 11 15 16 18
49 7 -1 34 10 55 13
4 6 -1 11 15 16 18
50 8 -1 34 8 53 11
4 6 -1 11 15 16 18
51 10 -1 34 7 51 10
4 6 -1 11 15 16 18
53 11 -1 34 5 50 8
4 6 -1 11 15 16 18
54 12 -1 34 4 48 7
4 6 -1 11 15 16 18
55 14 -1 34 2 47 5
4 6 -1 11 15 16 18
56 15 -1 33 1 45 4
4 6 -1 11 14 16 18
57 16 -1 33 59 44 2
4 6 -1 11 14 16 18
59 18 -1 33 58 42 1
5 6 -1 11 14 16 18
0 19 -1 33 57 41 0
5 6 -1 11 14 16 17
1 20 -1 33 55 39 58
31































1
По всем вопросам касающимся приложения обращайтесь по WhatsApp +79952867503
1
10.2026

      
	