1
For advertising or questions send us e-mail kogdanamaz@gmail.com 
30
5 6 -1 12 15 18 19
9 20 -1 32 45 43 51
5 6 -1 12 15 18 19
9 20 -1 32 45 43 50
5 6 -1 12 15 18 19
9 20 -1 32 45 42 50
5 6 -1 12 15 18 19
9 20 -1 31 45 41 49
5 6 -1 12 15 18 19
10 20 -1 31 45 41 48
5 6 -1 12 15 18 19
10 20 -1 31 45 40 47
5 6 -1 12 15 18 19
10 20 -1 30 45 39 46
5 6 -1 12 15 18 19
10 20 -1 30 45 39 46
5 6 -1 12 15 18 19
10 20 -1 29 45 38 45
5 6 -1 12 15 18 19
10 20 -1 29 45 37 44
5 6 -1 12 15 18 19
10 20 -1 29 45 36 43
5 6 -1 12 15 18 19
10 20 -1 29 45 36 43
5 6 -1 12 15 18 19
10 20 -1 28 45 35 42
5 6 -1 12 15 18 19
10 20 -1 28 45 34 41
5 6 -1 12 15 18 19
10 20 -1 27 45 33 40
5 6 -1 12 15 18 19
10 20 -1 27 45 33 39
5 6 -1 12 15 18 19
10 20 -1 27 45 32 39
5 6 -1 12 15 18 19
11 20 -1 26 45 31 38
5 6 -1 12 15 18 19
11 20 -1 26 44 31 37
5 6 -1 12 15 18 19
11 20 -1 26 44 30 36
5 6 -1 12 15 18 19
11 20 -1 25 44 29 36
5 6 -1 12 15 18 19
11 20 -1 25 44 28 35
5 6 -1 12 15 18 19
11 20 -1 25 44 28 34
5 6 -1 12 15 18 19
11 20 -1 24 44 27 33
5 6 -1 12 15 18 19
11 20 -1 24 43 26 33
5 6 -1 12 15 18 19
11 20 -1 24 43 26 33
5 6 -1 12 15 18 19
11 20 -1 23 43 25 32
5 6 -1 12 15 18 19
11 20 -1 23 43 24 31
5 6 -1 12 15 18 19
11 20 -1 22 43 23 30
5 6 -1 12 15 18 19
11 20 -1 22 43 23 29
30






























1
По всем вопросам касающимся приложения обращайтесь по WhatsApp +79952867503
1
09.2026

      
	
