1
For advertising or questions send us e-mail kogdanamaz@gmail.com 
30
5 6 -1 12 15 18 19
2 14 -1 29 47 42 51
5 6 -1 12 15 18 19
2 14 -1 28 47 41 50
5 6 -1 12 15 18 19
2 14 -1 28 47 40 49
5 6 -1 12 15 18 19
3 14 -1 28 47 40 48
5 6 -1 12 15 18 19
3 14 -1 27 47 39 47
5 6 -1 12 15 18 19
3 15 -1 27 47 38 47
5 6 -1 12 15 18 19
3 15 -1 27 47 37 46
5 6 -1 12 15 18 19
3 15 -1 26 47 36 45
5 6 -1 12 15 18 19
4 15 -1 26 46 36 44
5 6 -1 12 15 18 19
4 15 -1 26 46 35 43
5 6 -1 12 15 18 19
4 15 -1 25 46 34 42
5 6 -1 12 15 18 19
4 15 -1 25 46 34 42
5 6 -1 12 15 18 19
4 15 -1 24 46 32 40
5 6 -1 12 15 18 19
5 16 -1 24 45 32 40
5 6 -1 12 15 18 19
5 16 -1 24 45 31 39
5 6 -1 12 15 18 19
5 16 -1 23 45 30 38
5 6 -1 12 15 18 19
5 16 -1 23 45 29 37
5 6 -1 12 15 18 19
5 16 -1 23 44 28 36
5 6 -1 12 15 18 19
5 16 -1 22 44 27 35
5 6 -1 12 15 18 19
6 16 -1 22 44 27 34
5 6 -1 12 15 18 19
6 16 -1 22 44 26 33
5 6 -1 12 15 18 19
6 16 -1 21 43 25 33
5 6 -1 12 15 18 19
6 17 -1 21 43 24 32
5 6 -1 12 15 18 19
6 17 -1 21 43 23 31
5 6 -1 12 15 18 19
6 17 -1 20 42 22 30
5 6 -1 12 15 18 19
6 17 -1 20 42 22 30
5 6 -1 12 15 18 19
6 17 -1 20 42 22 29
5 6 -1 12 15 18 19
7 17 -1 19 41 20 28
5 6 -1 12 15 18 19
7 17 -1 19 41 19 27
5 6 -1 12 15 18 19
7 18 -1 19 41 18 26
30






























1
По всем вопросам касающимся приложения обращайтесь по WhatsApp +79952867503
1
09.2026

      
	
