1
For advertising or questions send us e-mail kogdanamaz@gmail.com 
30
4 5 -1 11 14 17 19
33 43 -1 51 55 58 4
4 5 -1 11 14 17 19
33 42 -1 51 54 58 4
4 5 -1 11 14 17 19
33 42 -1 50 53 57 3
4 5 -1 11 14 17 19
33 42 -1 50 52 57 2
4 5 -1 11 14 17 19
33 42 -1 50 52 57 2
4 5 -1 11 14 17 19
33 42 -1 49 52 56 1
4 5 -1 11 14 17 19
33 42 -1 49 52 55 1
4 5 -1 11 14 17 19
33 42 -1 49 52 54 0
4 5 -1 11 14 17 18
33 41 -1 48 52 54 59
4 5 -1 11 14 17 18
33 41 -1 48 53 53 59
4 5 -1 11 14 17 18
33 41 -1 47 53 53 58
4 5 -1 11 14 17 18
32 41 -1 47 53 52 58
4 5 -1 11 14 17 18
32 41 -1 47 53 52 57
4 5 -1 11 14 17 18
32 40 -1 46 54 51 57
4 5 -1 11 14 17 18
32 40 -1 46 54 51 56
4 5 -1 11 14 17 18
32 40 -1 46 54 50 55
4 5 -1 11 14 17 18
32 40 -1 45 54 50 55
4 5 -1 11 14 17 18
32 40 -1 45 54 49 54
4 5 -1 11 14 17 18
31 40 -1 45 54 49 54
4 5 -1 11 14 17 18
31 40 -1 45 54 49 54
4 5 -1 11 14 17 18
31 39 -1 44 55 47 53
4 5 -1 11 14 17 18
31 39 -1 44 55 47 52
4 5 -1 11 14 17 18
31 39 -1 43 55 46 52
4 5 -1 11 14 17 18
31 39 -1 43 55 46 51
4 5 -1 11 14 17 18
31 39 -1 43 55 45 50
4 5 -1 11 14 17 18
30 38 -1 42 55 45 50
4 5 -1 11 14 17 18
30 38 -1 42 55 44 49
4 5 -1 11 14 17 18
30 38 -1 41 55 44 49
4 5 -1 11 14 17 18
30 38 -1 41 55 43 48
4 5 -1 11 14 17 18
30 38 -1 41 55 43 48
30






























1
По всем вопросам касающимся приложения обращайтесь по WhatsApp +79952867503
1
09.2026

      
	
