1
For advertising or questions send us e-mail kogdanamaz@gmail.com 
30
4 5 -1 12 15 18 19
45 54 -1 4 10 13 20
4 5 -1 12 15 18 19
45 54 -1 4 10 13 19
4 5 -1 12 15 18 19
45 54 -1 4 10 12 18
4 5 -1 12 15 18 19
45 54 -1 3 10 11 18
4 5 -1 12 15 18 19
45 54 -1 3 10 11 18
4 5 -1 12 15 18 19
45 54 -1 3 11 10 17
4 5 -1 12 15 18 19
45 54 -1 2 11 10 16
4 5 -1 12 15 18 19
45 54 -1 2 11 9 15
4 5 -1 12 15 18 19
45 54 -1 2 11 8 15
4 5 -1 12 15 18 19
45 54 -1 1 11 8 14
4 5 -1 12 15 18 19
45 54 -1 1 11 7 13
4 5 -1 12 15 18 19
45 53 -1 1 12 7 13
4 5 -1 12 15 18 19
44 53 -1 0 12 6 12
4 5 -1 12 15 18 19
44 53 -1 0 12 5 11
4 5 -1 12 15 18 19
44 53 -1 0 12 5 11
4 5 -1 11 15 18 19
44 53 -1 59 12 4 10
4 5 -1 11 15 18 19
44 53 -1 59 12 4 9
4 5 -1 11 15 18 19
44 53 -1 58 12 3 9
4 5 -1 11 15 18 19
44 53 -1 58 12 2 8
4 5 -1 11 15 18 19
44 53 -1 58 12 2 8
4 5 -1 11 15 18 19
44 53 -1 57 12 1 7
4 5 -1 11 15 18 19
44 52 -1 57 12 0 6
4 5 -1 11 15 18 19
44 52 -1 57 12 0 5
4 5 -1 11 15 17 19
44 52 -1 56 12 59 5
4 5 -1 11 15 17 19
44 52 -1 56 12 59 4
4 5 -1 11 15 17 19
44 52 -1 56 12 58 4
4 5 -1 11 15 17 19
44 52 -1 55 12 57 3
4 5 -1 11 15 17 19
43 52 -1 55 12 57 2
4 5 -1 11 15 17 19
43 52 -1 55 12 56 2
4 5 -1 11 15 17 19
43 52 -1 54 12 56 1
30






























1
По всем вопросам касающимся приложения обращайтесь по WhatsApp +79952867503
1
09.2026

      
	
