1
For advertising or questions send us e-mail kogdanamaz@gmail.com 
30
4 5 -1 11 15 18 19
19 37 -1 50 7 3 14
4 5 -1 11 15 18 19
19 37 -1 50 7 2 13
4 5 -1 11 15 18 19
19 37 -1 50 7 2 12
4 5 -1 11 15 18 19
19 37 -1 49 7 1 11
4 5 -1 11 15 18 19
19 37 -1 49 7 1 11
4 5 -1 11 15 17 19
20 37 -1 49 7 59 9
4 5 -1 11 15 17 19
20 37 -1 48 7 58 9
4 5 -1 11 15 17 19
20 37 -1 48 7 58 8
4 5 -1 11 15 17 19
20 37 -1 48 6 57 7
4 5 -1 11 15 17 19
20 37 -1 47 6 56 6
4 5 -1 11 15 17 19
21 38 -1 47 6 55 5
4 5 -1 11 15 17 19
21 38 -1 47 6 55 4
4 5 -1 11 15 17 19
21 38 -1 46 6 54 3
4 5 -1 11 15 17 19
21 38 -1 46 6 53 3
4 5 -1 11 15 17 19
21 38 -1 46 6 52 2
4 5 -1 11 15 17 19
21 38 -1 45 5 51 1
4 5 -1 11 15 17 19
21 38 -1 45 5 51 0
4 5 -1 11 15 17 18
21 38 -1 45 5 50 59
4 5 -1 11 15 17 18
22 38 -1 44 5 49 58
4 5 -1 11 15 17 18
22 38 -1 44 5 49 58
4 5 -1 11 15 17 18
22 38 -1 43 4 47 57
4 5 -1 11 15 17 18
22 38 -1 43 4 47 56
4 5 -1 11 15 17 18
22 38 -1 43 4 46 55
4 5 -1 11 15 17 18
22 39 -1 42 4 45 54
4 5 -1 11 15 17 18
22 39 -1 42 3 44 54
4 5 -1 11 15 17 18
22 39 -1 42 3 44 53
4 5 -1 11 15 17 18
22 39 -1 41 3 43 52
4 5 -1 11 15 17 18
23 39 -1 41 3 42 51
4 5 -1 11 15 17 18
23 39 -1 41 2 41 50
4 5 -1 11 15 17 18
23 39 -1 40 2 41 50
30






























1
По всем вопросам касающимся приложения обращайтесь по WhatsApp +79952867503
1
09.2026

      
	
