1
For advertising or questions send us e-mail kogdanamaz@gmail.com 
30
3 5 -1 11 14 17 18
55 15 -1 32 54 47 59
3 5 -1 11 14 17 18
56 15 -1 31 54 46 58
3 5 -1 11 14 17 18
56 16 -1 31 54 45 57
3 5 -1 11 14 17 18
56 16 -1 31 54 44 56
3 5 -1 11 14 17 18
56 16 -1 31 54 44 56
3 5 -1 11 14 17 18
57 16 -1 30 53 43 54
3 5 -1 11 14 17 18
57 17 -1 30 53 42 53
3 5 -1 11 14 17 18
58 17 -1 29 53 41 53
3 5 -1 11 14 17 18
58 17 -1 29 53 40 52
3 5 -1 11 14 17 18
58 17 -1 29 52 39 51
3 5 -1 11 14 17 18
58 17 -1 28 52 38 50
3 5 -1 11 14 17 18
59 17 -1 28 52 37 49
3 5 -1 11 14 17 18
59 18 -1 28 51 36 48
3 5 -1 11 14 17 18
59 18 -1 27 51 35 47
3 5 -1 11 14 17 18
59 18 -1 27 51 34 46
4 5 -1 11 14 17 18
0 18 -1 27 50 34 45
4 5 -1 11 14 17 18
0 18 -1 26 50 33 44
4 5 -1 11 14 17 18
0 19 -1 26 50 32 43
4 5 -1 11 14 17 18
1 19 -1 25 49 31 42
4 5 -1 11 14 17 18
1 19 -1 25 49 31 42
4 5 -1 11 14 17 18
1 19 -1 25 49 29 40
4 5 -1 11 14 17 18
1 19 -1 24 48 28 39
4 5 -1 11 14 17 18
2 20 -1 24 48 27 38
4 5 -1 11 14 17 18
2 20 -1 24 47 26 37
4 5 -1 11 14 17 18
2 20 -1 23 47 25 36
4 5 -1 11 14 17 18
2 20 -1 23 47 25 35
4 5 -1 11 14 17 18
2 21 -1 23 46 24 34
4 5 -1 11 14 17 18
3 21 -1 22 46 23 34
4 5 -1 11 14 17 18
3 21 -1 22 45 22 33
4 5 -1 11 14 17 18
3 21 -1 22 45 21 32
30






























1
По всем вопросам касающимся приложения обращайтесь по WhatsApp +79952867503
1
09.2026

      
	
