1
For advertising or questions send us e-mail kogdanamaz@gmail.com 
31
4 5 -1 11 15 17 18
32 48 -1 49 10 50 58
4 5 -1 11 15 17 18
32 48 -1 49 9 49 57
4 5 -1 11 15 17 18
32 48 -1 49 9 48 57
4 5 -1 11 15 17 18
33 48 -1 48 9 48 56
4 5 -1 11 15 17 18
33 48 -1 48 9 48 56
4 5 -1 11 15 17 18
33 48 -1 48 9 46 55
4 5 -1 11 15 17 18
33 48 -1 48 8 46 54
4 5 -1 11 15 17 18
33 48 -1 47 8 45 54
4 5 -1 11 15 17 18
33 48 -1 47 8 44 53
4 5 -1 11 15 17 18
33 49 -1 47 8 44 52
4 5 -1 11 15 17 18
33 49 -1 46 7 43 52
4 5 -1 11 15 17 18
33 49 -1 46 7 42 51
4 5 -1 11 15 17 18
33 49 -1 46 7 42 51
4 5 -1 11 15 17 18
33 49 -1 46 7 41 50
4 5 -1 11 15 17 18
33 49 -1 45 6 41 50
4 5 -1 11 15 17 18
33 49 -1 45 6 40 49
4 5 -1 11 15 17 18
33 49 -1 45 6 40 49
4 5 -1 11 15 17 18
33 49 -1 45 6 39 48
4 5 -1 11 15 17 18
33 50 -1 45 6 39 48
4 5 -1 11 15 17 18
33 50 -1 44 5 38 47
4 5 -1 11 15 17 18
33 50 -1 44 5 37 47
4 5 -1 11 15 17 18
34 50 -1 44 5 37 46
4 5 -1 11 15 17 18
34 50 -1 44 5 37 46
4 5 -1 11 15 17 18
34 51 -1 44 5 36 46
4 5 -1 11 15 17 18
34 51 -1 44 4 36 45
4 5 -1 11 15 17 18
34 51 -1 44 4 35 45
4 5 -1 11 15 17 18
34 51 -1 44 4 35 45
4 5 -1 11 15 17 18
34 51 -1 43 4 34 44
4 5 -1 11 15 17 18
35 52 -1 43 4 34 44
4 5 -1 11 15 17 18
35 52 -1 43 4 34 44
4 5 -1 11 15 17 18
35 52 -1 43 3 33 43
31































1
По всем вопросам касающимся приложения обращайтесь по WhatsApp +79952867503
1
10.2026

      
	
