1
For advertising or questions send us e-mail kogdanamaz@gmail.com 
30
5 6 -1 12 15 18 19
7 16 -1 26 30 34 41
5 6 -1 12 15 18 19
7 16 -1 25 30 34 40
5 6 -1 12 15 18 19
7 16 -1 25 30 33 40
5 6 -1 12 15 18 19
7 16 -1 25 31 33 39
5 6 -1 12 15 18 19
7 16 -1 25 31 33 39
5 6 -1 12 15 18 19
7 16 -1 24 31 31 38
5 6 -1 12 15 18 19
7 16 -1 24 31 31 37
5 6 -1 12 15 18 19
6 15 -1 23 31 30 36
5 6 -1 12 15 18 19
6 15 -1 23 32 30 36
5 6 -1 12 15 18 19
6 15 -1 23 32 29 35
5 6 -1 12 15 18 19
6 15 -1 22 32 29 34
5 6 -1 12 15 18 19
6 15 -1 22 32 28 34
5 6 -1 12 15 18 19
6 15 -1 22 32 27 33
5 6 -1 12 15 18 19
6 15 -1 21 32 27 32
5 6 -1 12 15 18 19
6 15 -1 21 32 26 32
5 6 -1 12 15 18 19
6 15 -1 21 32 26 31
5 6 -1 12 15 18 19
6 15 -1 20 33 25 31
5 6 -1 12 15 18 19
6 14 -1 20 33 24 30
5 6 -1 12 15 18 19
6 14 -1 20 33 24 29
5 6 -1 12 15 18 19
6 14 -1 20 33 24 29
5 6 -1 12 15 18 19
6 14 -1 19 33 22 28
5 6 -1 12 15 18 19
5 14 -1 18 33 22 27
5 6 -1 12 15 18 19
5 14 -1 18 33 21 27
5 6 -1 12 15 18 19
5 14 -1 18 33 21 26
5 6 -1 12 15 18 19
5 14 -1 17 33 20 26
5 6 -1 12 15 18 19
5 14 -1 17 33 20 25
5 6 -1 12 15 18 19
5 13 -1 17 33 19 24
5 6 -1 12 15 18 19
5 13 -1 16 33 18 24
5 6 -1 12 15 18 19
5 13 -1 16 33 18 23
5 6 -1 12 15 18 19
5 13 -1 16 33 17 23
30






























1
По всем вопросам касающимся приложения обращайтесь по WhatsApp +79952867503
1
09.2026

      
	
