1
For advertising or questions send us e-mail kogdanamaz@gmail.com 
30
4 6 -1 13 16 19 21
56 24 -1 5 47 44 13
4 6 -1 13 16 19 21
58 25 -1 5 46 42 11
5 6 -1 13 16 19 21
0 26 -1 4 45 40 9
5 6 -1 13 16 19 21
1 28 -1 4 43 38 7
5 6 -1 13 16 19 21
3 29 -1 4 42 37 4
5 6 -1 13 16 19 21
5 30 -1 3 41 35 2
5 6 -1 13 16 19 21
6 32 -1 3 40 33 0
5 6 -1 13 16 19 20
8 33 -1 3 38 31 57
5 6 -1 13 16 19 20
9 34 -1 2 37 29 55
5 6 -1 13 16 19 20
11 35 -1 2 36 27 53
5 6 -1 13 16 19 20
12 37 -1 2 34 25 51
5 6 -1 13 16 19 20
14 38 -1 1 33 23 48
5 6 -1 13 16 19 20
16 39 -1 1 32 21 46
5 6 -1 13 16 19 20
16 39 -1 1 32 21 46
5 6 -1 13 16 19 20
19 42 -1 0 29 17 42
5 6 -1 13 16 19 20
20 43 -1 0 28 15 40
5 6 -1 12 16 19 20
22 45 -1 59 26 12 37
5 6 -1 12 16 19 20
23 46 -1 59 25 10 35
5 6 -1 12 16 19 20
25 47 -1 59 23 8 33
5 6 -1 12 16 19 20
26 49 -1 58 22 6 31
5 6 -1 12 16 19 20
27 50 -1 58 20 4 29
5 6 -1 12 16 19 20
29 51 -1 58 19 2 26
5 6 -1 12 16 19 20
30 52 -1 57 18 0 24
5 6 -1 12 16 18 20
32 54 -1 57 16 58 22
5 6 -1 12 16 18 20
33 55 -1 57 15 56 20
5 6 -1 12 16 18 20
35 56 -1 56 13 54 18
5 6 -1 12 16 18 20
36 58 -1 56 12 52 16
5 6 -1 12 16 18 20
38 59 -1 56 10 50 14
5 6 -1 12 16 18 20
38 59 -1 56 10 50 14
5 7 -1 12 16 18 20
40 2 -1 55 7 46 10
30






























1
По всем вопросам касающимся приложения обращайтесь по WhatsApp +79952867503
1
09.2026

      
	
