1
For advertising or questions send us e-mail kogdanamaz@gmail.com 
31
5 6 -1 12 15 18 19
5 14 -1 16 32 18 23
5 6 -1 12 15 18 19
5 14 -1 16 32 17 23
5 6 -1 12 15 18 19
5 13 -1 16 32 17 22
5 6 -1 12 15 18 19
5 13 -1 15 32 16 22
5 6 -1 12 15 18 19
5 13 -1 15 32 16 22
5 6 -1 12 15 18 19
5 13 -1 15 32 16 21
5 6 -1 12 15 18 19
5 13 -1 15 32 15 20
5 6 -1 12 15 18 19
4 13 -1 14 32 15 20
5 6 -1 12 15 18 19
4 13 -1 14 32 14 20
5 6 -1 12 15 18 19
4 13 -1 14 32 14 19
5 6 -1 12 15 18 19
4 13 -1 13 32 13 19
5 6 -1 12 15 18 19
4 13 -1 13 32 13 18
5 6 -1 12 15 18 19
4 12 -1 13 32 12 18
5 6 -1 12 15 18 19
4 12 -1 13 32 12 18
5 6 -1 12 15 18 19
4 12 -1 12 32 11 17
5 6 -1 12 15 18 19
3 12 -1 12 32 11 17
5 6 -1 12 15 18 19
3 12 -1 12 32 11 17
5 6 -1 12 15 18 19
3 12 -1 12 31 10 16
5 6 -1 12 15 18 19
3 12 -1 12 31 10 16
5 6 -1 12 15 18 19
3 12 -1 11 31 10 16
5 6 -1 12 15 18 19
3 12 -1 11 31 9 15
5 6 -1 12 15 18 19
3 12 -1 11 31 9 15
5 6 -1 12 15 18 19
3 12 -1 11 31 9 15
5 6 -1 12 15 18 19
3 12 -1 11 31 8 15
5 6 -1 12 15 18 19
3 12 -1 11 31 8 14
5 6 -1 12 15 18 19
3 12 -1 11 31 8 14
5 6 -1 12 15 18 19
3 13 -1 11 31 7 14
5 6 -1 12 15 18 19
3 13 -1 10 31 7 14
5 6 -1 12 15 18 19
3 13 -1 10 31 7 14
5 6 -1 12 15 18 19
3 13 -1 10 32 7 14
5 6 -1 12 15 18 19
3 13 -1 10 32 7 14
31































1
По всем вопросам касающимся приложения обращайтесь по WhatsApp +79952867503
1
10.2026

      
	
