1
For advertising or questions send us e-mail kogdanamaz@gmail.com 
30
5 6 -1 13 16 19 20
22 37 -1 9 48 39 55
5 6 -1 13 16 19 20
23 37 -1 8 47 37 53
5 6 -1 13 16 19 20
24 38 -1 8 46 36 52
5 6 -1 13 16 19 20
25 39 -1 8 45 34 50
5 6 -1 13 16 19 20
26 40 -1 7 45 33 48
5 6 -1 13 16 19 20
27 41 -1 7 44 31 46
5 6 -1 13 16 19 20
28 42 -1 7 43 30 45
5 6 -1 13 16 19 20
29 43 -1 6 42 28 43
5 6 -1 13 16 19 20
30 44 -1 6 41 26 41
5 6 -1 13 16 19 20
32 45 -1 6 40 25 39
5 6 -1 13 16 19 20
33 45 -1 5 39 23 38
5 6 -1 13 16 19 20
34 46 -1 5 38 22 36
5 6 -1 13 16 19 20
35 47 -1 4 37 20 34
5 6 -1 13 16 19 20
36 48 -1 4 36 18 33
5 6 -1 13 16 19 20
37 49 -1 4 35 17 31
5 6 -1 13 16 19 20
38 50 -1 3 34 15 29
5 6 -1 13 16 19 20
39 51 -1 3 33 14 27
5 6 -1 13 16 19 20
40 52 -1 3 32 12 26
5 6 -1 13 16 19 20
41 53 -1 2 31 10 24
5 6 -1 13 16 19 20
42 53 -1 2 29 9 22
5 6 -1 13 16 19 20
43 54 -1 2 28 7 21
5 6 -1 13 16 19 20
44 55 -1 1 27 6 19
5 6 -1 13 16 19 20
45 56 -1 1 26 4 17
5 6 -1 13 16 19 20
46 57 -1 1 25 2 16
5 6 -1 13 16 19 20
47 58 -1 0 24 1 14
5 6 -1 13 16 18 20
48 59 -1 0 23 59 12
5 7 -1 13 16 18 20
48 0 -1 0 22 58 11
5 7 -1 12 16 18 20
49 1 -1 59 21 56 9
5 7 -1 12 16 18 20
50 2 -1 59 20 54 7
5 7 -1 12 16 18 20
51 3 -1 59 18 53 6
30






























1
По всем вопросам касающимся приложения обращайтесь по WhatsApp +79952867503
1
09.2026

      
	
