1
For advertising or questions send us e-mail kogdanamaz@gmail.com 
30
5 6 -1 13 16 19 21
20 40 -1 16 57 51 12
5 6 -1 13 16 19 21
21 41 -1 16 56 49 11
5 6 -1 13 16 19 21
22 42 -1 15 55 47 9
5 6 -1 13 16 19 21
24 43 -1 15 54 45 7
5 6 -1 13 16 19 21
25 44 -1 15 53 44 5
5 6 -1 13 16 19 21
26 45 -1 14 52 42 3
5 6 -1 13 16 19 21
27 46 -1 14 51 40 1
5 6 -1 13 16 19 20
29 47 -1 14 50 38 59
5 6 -1 13 16 19 20
30 48 -1 13 49 37 57
5 6 -1 13 16 19 20
31 49 -1 13 47 35 55
5 6 -1 13 16 19 20
33 50 -1 13 46 33 53
5 6 -1 13 16 19 20
34 51 -1 12 45 31 51
5 6 -1 13 16 19 20
35 53 -1 12 44 30 49
5 6 -1 13 16 19 20
36 54 -1 12 43 28 47
5 6 -1 13 16 19 20
38 55 -1 11 42 26 45
5 6 -1 13 16 19 20
39 56 -1 11 40 24 43
5 6 -1 13 16 19 20
40 57 -1 10 39 22 41
5 6 -1 13 16 19 20
41 58 -1 10 38 21 39
5 6 -1 13 16 19 20
42 59 -1 10 37 19 37
5 7 -1 13 16 19 20
44 0 -1 9 35 17 35
5 7 -1 13 16 19 20
45 1 -1 9 34 15 33
5 7 -1 13 16 19 20
46 2 -1 9 33 13 31
5 7 -1 13 16 19 20
47 3 -1 8 32 12 29
5 7 -1 13 16 19 20
48 5 -1 8 30 10 28
5 7 -1 13 16 19 20
50 6 -1 8 29 8 26
5 7 -1 13 16 19 20
51 7 -1 7 28 6 24
5 7 -1 13 16 19 20
52 8 -1 7 27 4 22
5 7 -1 13 16 19 20
53 9 -1 7 25 3 20
5 7 -1 13 16 19 20
54 10 -1 6 24 1 18
5 7 -1 13 16 18 20
55 11 -1 6 23 59 17
30






























1
По всем вопросам касающимся приложения обращайтесь по WhatsApp +79952867503
1
09.2026

      
	
