1
For advertising or questions send us e-mail kogdanamaz@gmail.com 
31
5 6 -1 12 15 18 19
23 22 -1 21 45 19 20
5 6 -1 12 15 18 19
23 23 -1 21 44 19 19
5 6 -1 12 15 18 19
23 23 -1 21 44 18 18
5 6 -1 12 15 18 19
24 23 -1 21 43 17 18
5 6 -1 12 15 18 19
24 23 -1 20 43 16 17
5 6 -1 12 15 18 19
24 24 -1 20 42 15 16
5 6 -1 12 15 18 19
24 24 -1 20 42 14 15
5 6 -1 12 15 18 19
25 24 -1 19 41 13 14
5 6 -1 12 15 18 19
25 25 -1 19 41 12 13
5 6 -1 12 15 18 19
25 25 -1 19 40 11 12
5 6 -1 12 15 18 19
26 25 -1 19 40 11 12
5 6 -1 12 15 18 19
26 26 -1 18 39 10 11
5 6 -1 12 15 18 19
26 26 -1 18 39 9 10
5 6 -1 12 15 18 19
27 26 -1 18 38 8 9
5 6 -1 12 15 18 19
27 27 -1 18 38 7 8
5 6 -1 12 15 18 19
27 27 -1 17 38 7 8
5 6 -1 12 15 18 19
27 27 -1 17 37 6 7
5 6 -1 12 15 18 19
28 28 -1 17 37 5 6
5 6 -1 12 15 18 19
28 28 -1 17 36 4 6
5 6 -1 12 15 18 19
28 29 -1 17 36 3 5
5 6 -1 12 15 18 19
29 29 -1 17 35 3 4
5 6 -1 12 15 18 19
29 29 -1 16 35 2 4
5 6 -1 12 15 18 19
30 30 -1 16 34 1 3
5 6 -1 12 15 18 19
30 30 -1 16 34 1 2
5 6 -1 12 15 18 19
30 31 -1 16 33 0 2
5 6 -1 12 15 17 19
31 31 -1 16 33 59 1
5 6 -1 12 15 17 19
31 32 -1 16 33 59 1
5 6 -1 12 15 17 19
31 32 -1 16 32 58 0
5 6 -1 12 15 17 18
32 33 -1 16 32 57 59
5 6 -1 12 15 17 18
32 33 -1 16 31 57 59
5 6 -1 12 15 17 18
33 34 -1 16 31 56 59
31































1
По всем вопросам касающимся приложения обращайтесь по WhatsApp +79952867503
1
10.2026

      
	
