1
For advertising or questions send us e-mail kogdanamaz@gmail.com 
30
4 6 -1 12 16 19 20
57 16 -1 51 32 24 45
4 6 -1 12 16 19 20
58 17 -1 51 31 23 43
5 6 -1 12 16 19 20
0 18 -1 50 30 21 41
5 6 -1 12 16 19 20
0 18 -1 50 30 21 41
5 6 -1 12 16 19 20
1 19 -1 50 29 19 39
5 6 -1 12 16 19 20
4 21 -1 49 27 16 35
5 6 -1 12 16 19 20
5 22 -1 49 26 14 33
5 6 -1 12 16 19 20
6 23 -1 49 25 13 31
5 6 -1 12 16 19 20
7 24 -1 48 23 11 29
5 6 -1 12 16 19 20
8 25 -1 48 22 9 27
5 6 -1 12 16 19 20
10 26 -1 48 21 7 26
5 6 -1 12 16 19 20
11 27 -1 47 20 6 24
5 6 -1 12 16 19 20
12 28 -1 47 19 4 22
5 6 -1 12 16 19 20
13 29 -1 46 18 2 20
5 6 -1 12 16 19 20
14 30 -1 46 17 0 18
5 6 -1 12 16 18 20
16 31 -1 46 16 59 16
5 6 -1 12 16 18 20
17 32 -1 45 14 57 14
5 6 -1 12 16 18 20
18 33 -1 45 13 55 12
5 6 -1 12 16 18 20
18 33 -1 45 13 55 12
5 6 -1 12 16 18 20
19 34 -1 45 12 53 10
5 6 -1 12 16 18 20
21 36 -1 44 10 50 7
5 6 -1 12 16 18 20
22 37 -1 44 8 48 5
5 6 -1 12 16 18 20
24 38 -1 43 7 46 3
5 6 -1 12 16 18 20
25 40 -1 43 6 45 1
5 6 -1 12 16 18 19
26 41 -1 43 5 43 59
5 6 -1 12 16 18 19
27 42 -1 42 4 41 58
5 6 -1 12 16 18 19
28 43 -1 42 2 39 56
5 6 -1 12 16 18 19
29 44 -1 42 1 38 54
5 6 -1 12 16 18 19
30 45 -1 41 0 36 52
5 6 -1 12 15 18 19
31 46 -1 41 59 34 50
30






























1
По всем вопросам касающимся приложения обращайтесь по WhatsApp +79952867503
1
09.2026

      
	
