1
For advertising or questions send us e-mail kogdanamaz@gmail.com 
30
5 6 -1 12 16 19 20
17 26 -1 53 30 19 30
5 6 -1 12 16 19 20
18 27 -1 53 30 18 28
5 6 -1 12 16 19 20
19 28 -1 53 29 16 27
5 6 -1 12 16 19 20
19 28 -1 52 28 15 25
5 6 -1 12 16 19 20
20 29 -1 52 27 14 24
5 6 -1 12 16 19 20
21 30 -1 52 27 12 22
5 6 -1 12 16 19 20
22 30 -1 51 26 11 21
5 6 -1 12 16 19 20
23 31 -1 51 25 10 19
5 6 -1 12 16 19 20
24 32 -1 51 24 8 18
5 6 -1 12 16 19 20
24 32 -1 50 23 7 16
5 6 -1 12 16 19 20
25 33 -1 50 23 5 15
5 6 -1 12 16 19 20
26 34 -1 50 22 4 13
5 6 -1 12 16 19 20
27 34 -1 49 21 3 12
5 6 -1 12 16 19 20
27 35 -1 49 20 1 10
5 6 -1 12 16 19 20
28 36 -1 49 19 0 9
5 6 -1 12 16 18 20
29 37 -1 48 19 58 7
5 6 -1 12 16 18 20
30 37 -1 48 18 57 6
5 6 -1 12 16 18 20
31 38 -1 48 17 56 5
5 6 -1 12 16 18 20
31 39 -1 47 16 54 3
5 6 -1 12 16 18 20
32 39 -1 47 15 53 2
5 6 -1 12 16 18 20
33 40 -1 46 14 51 0
5 6 -1 12 16 18 19
34 41 -1 46 13 50 59
5 6 -1 12 16 18 19
34 41 -1 46 12 49 57
5 6 -1 12 16 18 19
35 42 -1 45 11 47 56
5 6 -1 12 16 18 19
36 43 -1 45 10 46 54
5 6 -1 12 16 18 19
37 43 -1 45 10 45 53
5 6 -1 12 16 18 19
37 44 -1 44 9 43 51
5 6 -1 12 16 18 19
38 45 -1 44 8 42 50
5 6 -1 12 16 18 19
39 46 -1 44 7 40 49
5 6 -1 12 16 18 19
40 46 -1 43 6 39 47
30






























1
По всем вопросам касающимся приложения обращайтесь по WhatsApp +79952867503
1
09.2026

      
	
