1
For advertising or questions send us e-mail kogdanamaz@gmail.com 
31
4 6 -1 13 17 20 21
51 13 -1 17 7 19 42
4 6 -1 13 17 20 21
52 14 -1 16 6 18 40
4 6 -1 13 17 20 21
54 15 -1 16 6 17 39
4 6 -1 13 17 20 21
55 15 -1 16 6 16 38
4 6 -1 13 17 20 21
56 16 -1 16 5 15 36
4 6 -1 13 17 20 21
57 17 -1 16 5 13 35
4 6 -1 13 17 20 21
58 18 -1 16 5 12 34
4 6 -1 13 17 20 21
59 19 -1 16 4 11 32
5 6 -1 13 17 20 21
1 20 -1 16 4 10 31
5 6 -1 13 17 20 21
2 21 -1 16 3 9 29
5 6 -1 13 17 20 21
3 21 -1 15 3 8 28
5 6 -1 13 17 20 21
4 22 -1 15 2 7 26
5 6 -1 13 17 20 21
5 23 -1 15 2 5 25
5 6 -1 13 17 20 21
6 24 -1 15 1 4 23
5 6 -1 13 17 20 21
8 25 -1 15 1 3 22
5 6 -1 13 17 20 21
9 26 -1 14 0 2 20
5 6 -1 13 17 20 21
10 27 -1 14 0 0 19
5 6 -1 13 16 19 21
11 27 -1 14 59 59 17
5 6 -1 13 16 19 21
12 28 -1 14 58 58 15
5 6 -1 13 16 19 21
13 29 -1 14 58 56 14
5 6 -1 13 16 19 21
14 30 -1 13 57 55 12
5 6 -1 13 16 19 21
15 31 -1 13 57 54 11
5 6 -1 13 16 19 21
17 32 -1 13 56 52 9
5 6 -1 13 16 19 21
18 33 -1 12 55 51 7
5 6 -1 13 16 19 21
19 33 -1 12 54 49 6
5 6 -1 13 16 19 21
20 34 -1 12 54 48 4
5 6 -1 13 16 19 21
21 35 -1 12 53 47 2
5 6 -1 13 16 19 21
22 36 -1 11 52 45 1
5 6 -1 13 16 19 20
23 37 -1 11 51 44 59
5 6 -1 13 16 19 20
24 38 -1 11 51 42 57
5 6 -1 13 16 19 20
25 39 -1 10 50 41 56
31































1
По всем вопросам касающимся приложения обращайтесь по WhatsApp +79952867503
1
08.2026

      
	
