1
For advertising or questions send us e-mail kogdanamaz@gmail.com 
30
4 6 -1 13 16 19 21
50 26 -1 1 42 34 6
4 6 -1 13 16 19 21
50 26 -1 1 42 34 6
4 6 -1 13 16 19 21
51 27 -1 1 41 33 4
4 6 -1 13 16 19 21
54 29 -1 0 39 29 0
4 6 -1 13 16 19 20
55 30 -1 0 38 28 59
4 6 -1 13 16 19 20
57 31 -1 0 37 26 57
4 6 -1 12 16 19 20
58 32 -1 59 36 24 55
4 6 -1 12 16 19 20
59 34 -1 59 35 23 53
5 6 -1 12 16 19 20
1 35 -1 59 34 21 51
5 6 -1 12 16 19 20
2 36 -1 58 33 19 49
5 6 -1 12 16 19 20
3 37 -1 58 31 17 47
5 6 -1 12 16 19 20
4 38 -1 58 30 16 45
5 6 -1 12 16 19 20
6 39 -1 57 29 14 43
5 6 -1 12 16 19 20
7 40 -1 57 28 12 41
5 6 -1 12 16 19 20
8 41 -1 56 27 10 39
5 6 -1 12 16 19 20
9 42 -1 56 26 9 37
5 6 -1 12 16 19 20
9 42 -1 56 26 9 37
5 6 -1 12 16 19 20
11 43 -1 56 25 7 35
5 6 -1 12 16 19 20
13 45 -1 55 22 4 31
5 6 -1 12 16 19 20
14 46 -1 55 21 2 30
5 6 -1 12 16 19 20
15 47 -1 54 20 0 28
5 6 -1 12 16 18 20
16 48 -1 54 19 58 26
5 6 -1 12 16 18 20
18 49 -1 54 17 57 24
5 6 -1 12 16 18 20
19 50 -1 53 16 55 22
5 6 -1 12 16 18 20
20 51 -1 53 15 53 20
5 6 -1 12 16 18 20
21 52 -1 53 14 51 19
5 6 -1 12 16 18 20
22 53 -1 52 13 50 17
5 6 -1 12 16 18 20
23 54 -1 52 11 48 15
5 6 -1 12 16 18 20
25 55 -1 52 10 46 13
5 6 -1 12 16 18 20
26 56 -1 51 9 45 11
30






























1
По всем вопросам касающимся приложения обращайтесь по WhatsApp +79952867503
1
09.2026

      
	
