1
For advertising or questions send us e-mail kogdanamaz@gmail.com 
30
5 6 -1 13 16 19 20
25 38 -1 8 47 37 51
5 6 -1 13 16 19 20
26 38 -1 8 46 35 49
5 6 -1 13 16 19 20
27 39 -1 7 45 34 48
5 6 -1 13 16 19 20
28 40 -1 7 44 32 46
5 6 -1 13 16 19 20
29 41 -1 7 43 31 44
5 6 -1 13 16 19 20
30 42 -1 6 43 29 43
5 6 -1 13 16 19 20
31 43 -1 6 42 28 41
5 6 -1 13 16 19 20
32 43 -1 6 41 26 39
5 6 -1 13 16 19 20
33 44 -1 5 40 25 38
5 6 -1 13 16 19 20
34 45 -1 5 39 23 36
5 6 -1 13 16 19 20
35 46 -1 5 38 22 34
5 6 -1 13 16 19 20
36 47 -1 4 37 20 33
5 6 -1 13 16 19 20
37 48 -1 4 36 19 31
5 6 -1 13 16 19 20
38 48 -1 4 35 17 29
5 6 -1 13 16 19 20
39 49 -1 3 34 16 28
5 6 -1 13 16 19 20
39 50 -1 3 33 14 26
5 6 -1 13 16 19 20
40 51 -1 2 32 12 25
5 6 -1 13 16 19 20
41 52 -1 2 31 11 23
5 6 -1 13 16 19 20
42 52 -1 2 30 9 21
5 6 -1 13 16 19 20
43 53 -1 1 29 8 20
5 6 -1 13 16 19 20
44 54 -1 1 28 6 18
5 6 -1 13 16 19 20
45 55 -1 1 27 5 16
5 6 -1 13 16 19 20
46 56 -1 0 26 3 15
5 6 -1 13 16 19 20
47 57 -1 0 25 2 13
5 6 -1 13 16 19 20
48 58 -1 0 24 0 12
5 6 -1 12 16 18 20
49 58 -1 59 23 59 10
5 6 -1 12 16 18 20
49 59 -1 59 22 57 9
5 7 -1 12 16 18 20
50 0 -1 59 21 56 7
5 7 -1 12 16 18 20
51 1 -1 58 20 54 5
5 7 -1 12 16 18 20
52 2 -1 58 19 53 4
30






























1
По всем вопросам касающимся приложения обращайтесь по WhatsApp +79952867503
1
09.2026

      
	
