1
For advertising or questions send us e-mail kogdanamaz@gmail.com 
30
5 6 -1 13 16 19 20
14 30 -1 3 43 34 51
5 6 -1 13 16 19 20
15 31 -1 2 42 32 49
5 6 -1 13 16 19 20
16 32 -1 2 41 31 48
5 6 -1 13 16 19 20
18 33 -1 2 40 29 46
5 6 -1 13 16 19 20
19 33 -1 1 39 28 44
5 6 -1 13 16 19 20
20 34 -1 1 38 26 42
5 6 -1 13 16 19 20
21 35 -1 1 37 24 40
5 6 -1 13 16 19 20
22 36 -1 0 36 23 39
5 6 -1 13 16 19 20
23 37 -1 0 35 21 37
5 6 -1 13 16 19 20
24 38 -1 0 34 19 35
5 6 -1 12 16 19 20
25 39 -1 59 33 18 33
5 6 -1 12 16 19 20
26 40 -1 59 32 16 31
5 6 -1 12 16 19 20
27 41 -1 59 31 15 30
5 6 -1 12 16 19 20
28 42 -1 58 30 13 28
5 6 -1 12 16 19 20
30 43 -1 58 29 11 26
5 6 -1 12 16 19 20
31 44 -1 57 28 10 24
5 6 -1 12 16 19 20
32 45 -1 57 27 8 23
5 6 -1 12 16 19 20
33 46 -1 57 26 6 21
5 6 -1 12 16 19 20
34 46 -1 56 24 5 19
5 6 -1 12 16 19 20
35 47 -1 56 23 3 17
5 6 -1 12 16 19 20
36 48 -1 56 22 1 16
5 6 -1 12 16 19 20
37 49 -1 55 21 0 14
5 6 -1 12 16 18 20
38 50 -1 55 20 58 12
5 6 -1 12 16 18 20
39 51 -1 55 19 56 10
5 6 -1 12 16 18 20
40 52 -1 54 18 55 9
5 6 -1 12 16 18 20
41 53 -1 54 17 53 7
5 6 -1 12 16 18 20
42 54 -1 54 15 52 5
5 6 -1 12 16 18 20
43 55 -1 53 14 50 4
5 6 -1 12 16 18 20
44 56 -1 53 13 48 2
5 6 -1 12 16 18 20
45 57 -1 53 12 47 0
30






























1
По всем вопросам касающимся приложения обращайтесь по WhatsApp +79952867503
1
09.2026

      
	
