1
For advertising or questions send us e-mail kogdanamaz@gmail.com 
31
6 8 -1 13 16 19 21
9 6 -1 50 36 31 30
6 8 -1 13 16 19 21
12 9 -1 49 33 28 27
6 8 -1 13 16 19 21
15 11 -1 49 31 24 23
6 8 -1 13 16 19 21
17 14 -1 49 29 21 20
6 8 -1 13 16 19 21
20 16 -1 48 27 18 17
6 8 -1 13 16 19 21
23 19 -1 48 24 15 13
6 8 -1 13 16 19 21
23 19 -1 48 24 15 13
6 8 -1 13 16 19 21
25 21 -1 48 22 12 10
6 8 -1 13 16 19 21
30 26 -1 47 17 6 4
6 8 -1 13 16 19 21
33 29 -1 47 15 3 1
6 8 -1 13 16 19 20
36 32 -1 47 13 0 58
6 8 -1 13 16 18 20
38 34 -1 46 10 56 55
6 8 -1 13 16 18 20
41 37 -1 46 8 53 52
6 8 -1 13 16 18 20
43 39 -1 46 6 50 49
6 8 -1 13 16 18 20
46 42 -1 46 3 47 46
6 8 -1 13 16 18 20
48 45 -1 45 1 44 43
6 8 -1 13 15 18 20
51 47 -1 45 59 41 40
6 8 -1 13 15 18 20
53 50 -1 45 57 38 37
6 8 -1 13 15 18 20
55 52 -1 45 54 35 34
6 8 -1 13 15 18 20
58 55 -1 45 52 32 32
7 8 -1 13 15 18 20
0 58 -1 45 50 29 29
7 8 -1 13 15 18 20
0 58 -1 45 50 29 29
7 9 -1 13 15 18 20
3 0 -1 44 48 26 26
7 9 -1 13 15 18 20
8 6 -1 44 43 20 21
7 9 -1 13 15 18 20
10 8 -1 44 41 18 18
7 9 -1 13 15 18 20
12 11 -1 44 39 15 16
7 9 -1 13 15 18 20
15 14 -1 44 37 12 13
7 9 -1 13 15 18 20
17 17 -1 44 35 9 11
7 9 -1 13 15 18 20
19 19 -1 44 33 6 8
7 9 -1 13 15 18 20
21 22 -1 44 31 3 6
7 9 -1 13 15 18 20
24 25 -1 44 29 0 3
31































1
По всем вопросам касающимся приложения обращайтесь по WhatsApp +79952867503
1
10.2026

      
	