1
For advertising or questions send us e-mail kogdanamaz@gmail.com 
30
5 6 -1 13 17 19 21
42 56 -1 27 6 57 12
5 6 -1 13 17 19 21
43 56 -1 27 5 55 11
5 6 -1 13 17 19 21
44 57 -1 26 5 54 9
5 6 -1 13 17 19 21
45 58 -1 26 4 52 7
5 6 -1 13 17 19 21
46 59 -1 26 3 51 6
5 7 -1 13 17 19 21
47 0 -1 25 2 49 4
5 7 -1 13 17 19 21
48 1 -1 25 1 48 2
5 7 -1 13 17 19 21
49 2 -1 25 0 46 0
5 7 -1 13 16 19 20
50 2 -1 24 59 45 59
5 7 -1 13 16 19 20
51 3 -1 24 58 43 57
5 7 -1 13 16 19 20
52 4 -1 24 57 41 55
5 7 -1 13 16 19 20
53 5 -1 23 56 40 54
5 7 -1 13 16 19 20
54 6 -1 23 55 38 52
5 7 -1 13 16 19 20
55 7 -1 23 54 37 50
5 7 -1 13 16 19 20
56 8 -1 22 53 35 48
5 7 -1 13 16 19 20
57 9 -1 22 52 33 47
5 7 -1 13 16 19 20
58 9 -1 21 51 32 45
5 7 -1 13 16 19 20
59 10 -1 21 50 30 43
6 7 -1 13 16 19 20
0 11 -1 21 49 29 42
6 7 -1 13 16 19 20
1 12 -1 20 48 27 40
6 7 -1 13 16 19 20
2 13 -1 20 47 26 38
6 7 -1 13 16 19 20
3 14 -1 20 46 24 37
6 7 -1 13 16 19 20
4 15 -1 19 45 22 35
6 7 -1 13 16 19 20
5 16 -1 19 44 21 33
6 7 -1 13 16 19 20
6 16 -1 19 43 19 32
6 7 -1 13 16 19 20
6 17 -1 18 42 18 30
6 7 -1 13 16 19 20
7 18 -1 18 40 16 28
6 7 -1 13 16 19 20
8 19 -1 18 39 15 27
6 7 -1 13 16 19 20
9 20 -1 17 38 13 25
6 7 -1 13 16 19 20
10 21 -1 17 37 11 24
30






























1
По всем вопросам касающимся приложения обращайтесь по WhatsApp +79952867503
1
09.2026

      
	
