1
For advertising or questions send us e-mail kogdanamaz@gmail.com 
30
5 6 -1 13 17 19 21
46 59 -1 30 9 59 14
5 7 -1 13 17 19 21
47 0 -1 29 8 57 12
5 7 -1 13 17 19 21
48 1 -1 29 7 56 10
5 7 -1 13 17 19 21
48 1 -1 29 7 56 10
5 7 -1 13 17 19 21
49 2 -1 29 6 54 9
5 7 -1 13 17 19 21
51 3 -1 28 5 51 5
5 7 -1 13 17 19 21
52 4 -1 28 4 50 4
5 7 -1 13 17 19 21
53 5 -1 27 3 48 2
5 7 -1 13 17 19 21
54 6 -1 27 2 47 0
5 7 -1 13 17 19 20
55 7 -1 27 1 45 59
5 7 -1 13 17 19 20
56 7 -1 26 0 44 57
5 7 -1 13 16 19 20
57 8 -1 26 59 42 55
5 7 -1 13 16 19 20
58 9 -1 26 58 41 54
5 7 -1 13 16 19 20
59 10 -1 25 57 39 52
6 7 -1 13 16 19 20
0 11 -1 25 56 38 50
6 7 -1 13 16 19 20
1 12 -1 25 55 36 49
6 7 -1 13 16 19 20
2 12 -1 24 54 34 47
6 7 -1 13 16 19 20
3 13 -1 24 53 33 45
6 7 -1 13 16 19 20
3 13 -1 24 53 33 45
6 7 -1 13 16 19 20
3 14 -1 24 52 31 44
6 7 -1 13 16 19 20
5 16 -1 23 50 28 40
6 7 -1 13 16 19 20
6 17 -1 23 49 27 39
6 7 -1 13 16 19 20
7 18 -1 22 48 25 37
6 7 -1 13 16 19 20
8 18 -1 22 47 24 35
6 7 -1 13 16 19 20
9 19 -1 21 46 22 34
6 7 -1 13 16 19 20
10 20 -1 21 45 21 32
6 7 -1 13 16 19 20
11 21 -1 21 44 19 31
6 7 -1 13 16 19 20
12 22 -1 20 43 17 29
6 7 -1 13 16 19 20
13 23 -1 20 41 16 28
6 7 -1 13 16 19 20
14 24 -1 20 40 14 26
30






























1
По всем вопросам касающимся приложения обращайтесь по WhatsApp +79952867503
1
09.2026

      
	
