1
For advertising or questions send us e-mail kogdanamaz@gmail.com 
31
5 7 -1 13 16 18 20
57 11 -1 5 21 57 12
5 7 -1 13 16 18 20
58 12 -1 4 20 55 11
5 7 -1 13 16 18 20
58 12 -1 4 20 55 11
5 7 -1 13 16 18 20
59 13 -1 4 19 53 9
6 7 -1 13 16 18 20
1 15 -1 3 17 50 6
6 7 -1 13 16 18 20
2 16 -1 3 15 48 4
6 7 -1 13 16 18 20
3 17 -1 3 14 47 2
6 7 -1 13 16 18 20
4 18 -1 2 13 45 1
6 7 -1 13 16 18 19
5 19 -1 2 12 43 59
6 7 -1 13 16 18 19
6 21 -1 2 10 42 57
6 7 -1 13 16 18 19
7 22 -1 2 9 40 56
6 7 -1 13 16 18 19
9 23 -1 1 8 38 54
6 7 -1 13 16 18 19
10 24 -1 1 7 37 53
6 7 -1 13 16 18 19
11 25 -1 1 5 35 51
6 7 -1 13 16 18 19
12 26 -1 1 4 34 50
6 7 -1 13 16 18 19
13 27 -1 0 3 32 48
6 7 -1 13 16 18 19
14 28 -1 0 2 31 47
6 7 -1 13 16 18 19
14 28 -1 0 2 31 47
6 7 -1 13 16 18 19
15 29 -1 0 1 29 45
6 7 -1 13 15 18 19
17 32 -1 0 58 26 42
6 7 -1 13 15 18 19
18 33 -1 0 57 25 41
6 7 -1 12 15 18 19
19 34 -1 59 56 23 40
6 7 -1 12 15 18 19
20 35 -1 59 55 22 38
6 7 -1 12 15 18 19
21 36 -1 59 54 20 37
6 7 -1 12 15 18 19
22 38 -1 59 53 19 36
6 7 -1 12 15 18 19
23 39 -1 59 52 17 34
6 7 -1 12 15 18 19
25 40 -1 59 51 16 33
6 7 -1 12 15 18 19
26 41 -1 59 49 15 32
6 7 -1 12 15 18 19
27 42 -1 59 48 13 31
6 7 -1 12 15 18 19
28 44 -1 59 47 12 29
6 7 -1 12 15 18 19
29 45 -1 59 46 11 28
31































1
По всем вопросам касающимся приложения обращайтесь по WhatsApp +79952867503
1
10.2026

      
	