1
For advertising or questions send us e-mail kogdanamaz@gmail.com 
31
5 6 -1 12 15 18 19
35 41 -1 37 59 32 40
5 6 -1 12 15 18 19
35 42 -1 37 58 31 39
5 6 -1 12 15 18 19
35 42 -1 37 58 31 39
5 6 -1 12 15 18 19
36 43 -1 37 58 29 37
5 6 -1 12 15 18 19
38 44 -1 36 56 27 35
5 6 -1 12 15 18 19
38 45 -1 36 55 25 33
5 6 -1 12 15 18 19
39 45 -1 36 54 24 32
5 6 -1 12 15 18 19
40 46 -1 35 53 23 31
5 6 -1 12 15 18 19
40 47 -1 35 52 22 29
5 6 -1 12 15 18 19
41 48 -1 35 51 20 28
5 6 -1 12 15 18 19
42 48 -1 34 50 19 27
5 6 -1 12 15 18 19
43 49 -1 34 49 18 26
5 6 -1 12 15 18 19
43 50 -1 34 48 16 25
5 6 -1 12 15 18 19
44 51 -1 34 47 15 23
5 6 -1 12 15 18 19
45 51 -1 33 47 14 22
5 6 -1 12 15 18 19
45 52 -1 33 46 13 21
5 6 -1 12 15 18 19
46 53 -1 33 45 12 20
5 6 -1 12 15 18 19
46 53 -1 33 45 12 20
5 6 -1 12 15 18 19
47 54 -1 33 44 10 19
5 6 -1 12 15 18 19
48 55 -1 32 42 8 17
5 6 -1 12 15 18 19
49 56 -1 32 41 7 16
5 6 -1 12 15 18 19
50 57 -1 32 40 6 14
5 6 -1 12 15 18 19
51 58 -1 32 40 5 13
5 6 -1 12 15 18 19
51 59 -1 32 39 4 12
5 7 -1 12 15 18 19
52 0 -1 32 38 3 11
5 7 -1 12 15 18 19
53 0 -1 32 37 2 10
5 7 -1 12 15 18 19
54 1 -1 32 36 1 10
5 7 -1 12 15 18 19
54 2 -1 32 36 0 9
5 7 -1 12 15 17 19
55 3 -1 31 35 59 8
5 7 -1 12 15 17 19
56 4 -1 31 34 58 7
5 7 -1 12 15 17 19
57 5 -1 31 33 57 6
31































1
По всем вопросам касающимся приложения обращайтесь по WhatsApp +79952867503
1
10.2026

      
	
