1
For advertising or questions send us e-mail kogdanamaz@gmail.com 
31
4 5 -1 12 16 19 21
35 54 -1 54 41 53 13
4 5 -1 12 16 19 21
36 54 -1 54 41 52 12
4 5 -1 12 16 19 21
37 55 -1 54 41 51 11
4 5 -1 12 16 19 21
38 56 -1 54 41 50 10
4 5 -1 12 16 19 21
39 57 -1 54 40 49 8
4 5 -1 12 16 19 21
39 57 -1 54 40 49 8
4 5 -1 12 16 19 21
41 58 -1 53 40 47 6
4 5 -1 12 16 19 21
42 59 -1 53 39 46 4
4 6 -1 12 16 19 21
43 0 -1 53 39 45 3
4 6 -1 12 16 19 21
44 1 -1 53 39 44 2
4 6 -1 12 16 19 21
45 2 -1 53 38 42 0
4 6 -1 12 16 19 20
46 2 -1 53 38 41 59
4 6 -1 12 16 19 20
48 3 -1 52 37 40 57
4 6 -1 12 16 19 20
49 4 -1 52 37 39 56
4 6 -1 12 16 19 20
50 5 -1 52 36 38 54
4 6 -1 12 16 19 20
51 6 -1 52 36 37 53
4 6 -1 12 16 19 20
52 6 -1 52 35 35 52
4 6 -1 12 16 19 20
53 7 -1 51 35 34 50
4 6 -1 12 16 19 20
54 8 -1 51 34 33 49
4 6 -1 12 16 19 20
54 8 -1 51 34 33 49
4 6 -1 12 16 19 20
55 9 -1 51 34 32 47
4 6 -1 12 16 19 20
57 10 -1 50 33 29 44
4 6 -1 12 16 19 20
58 11 -1 50 32 28 42
4 6 -1 12 16 19 20
59 12 -1 50 31 26 41
5 6 -1 12 16 19 20
0 13 -1 50 31 25 39
5 6 -1 12 16 19 20
1 14 -1 49 30 24 38
5 6 -1 12 16 19 20
2 14 -1 49 29 22 36
5 6 -1 12 16 19 20
3 15 -1 49 29 21 35
5 6 -1 12 16 19 20
4 16 -1 49 28 20 33
5 6 -1 12 16 19 20
5 17 -1 48 27 18 32
5 6 -1 12 16 19 20
6 17 -1 48 26 17 30
31































1
По всем вопросам касающимся приложения обращайтесь по WhatsApp +79952867503
1
08.2026

      
	
