1
For advertising or questions send us e-mail kogdanamaz@gmail.com 
31
4 6 -1 13 16 20 21
51 9 -1 7 53 4 23
4 6 -1 13 16 20 21
52 10 -1 7 53 3 22
4 6 -1 13 16 20 21
53 10 -1 7 52 2 20
4 6 -1 13 16 20 21
54 11 -1 7 52 1 19
4 6 -1 13 16 20 21
55 12 -1 7 52 0 18
4 6 -1 13 16 20 21
55 12 -1 7 52 0 18
4 6 -1 13 16 19 21
57 13 -1 6 51 58 15
4 6 -1 13 16 19 21
59 14 -1 6 51 57 14
5 6 -1 13 16 19 21
0 15 -1 6 51 56 13
5 6 -1 13 16 19 21
1 16 -1 6 50 55 12
5 6 -1 13 16 19 21
2 16 -1 6 50 54 10
5 6 -1 13 16 19 21
3 17 -1 6 50 53 9
5 6 -1 13 16 19 21
4 18 -1 6 49 52 7
5 6 -1 13 16 19 21
5 19 -1 5 49 50 6
5 6 -1 13 16 19 21
6 20 -1 5 48 49 5
5 6 -1 13 16 19 21
7 20 -1 5 48 48 3
5 6 -1 13 16 19 21
8 21 -1 5 47 47 2
5 6 -1 13 16 19 21
9 22 -1 5 47 46 0
5 6 -1 13 16 19 20
10 23 -1 4 46 44 59
5 6 -1 13 16 19 20
10 23 -1 4 46 44 59
5 6 -1 13 16 19 20
11 23 -1 4 46 43 58
5 6 -1 13 16 19 20
12 25 -1 4 45 41 55
5 6 -1 13 16 19 20
13 26 -1 3 44 39 53
5 6 -1 13 16 19 20
14 26 -1 3 44 38 52
5 6 -1 13 16 19 20
15 27 -1 3 43 37 50
5 6 -1 13 16 19 20
16 28 -1 2 42 36 49
5 6 -1 13 16 19 20
17 29 -1 2 42 34 47
5 6 -1 13 16 19 20
18 29 -1 2 41 33 46
5 6 -1 13 16 19 20
19 30 -1 2 40 32 44
5 6 -1 13 16 19 20
20 31 -1 1 40 30 43
5 6 -1 13 16 19 20
21 32 -1 1 39 29 41
31































1
По всем вопросам касающимся приложения обращайтесь по WhatsApp +79952867503
1
08.2026

      
	
