1
For advertising or questions send us e-mail kogdanamaz@gmail.com 
31
5 6 -1 12 16 18 20
30 58 -1 52 10 45 9
5 6 -1 12 16 18 20
30 58 -1 52 10 45 9
5 6 -1 12 16 18 20
31 59 -1 52 9 43 8
5 7 -1 12 16 18 20
33 1 -1 51 7 40 4
5 7 -1 12 16 18 20
34 2 -1 51 6 38 3
5 7 -1 12 16 18 20
35 3 -1 51 4 37 1
5 7 -1 12 16 18 20
36 4 -1 50 3 35 0
5 7 -1 12 16 18 19
37 5 -1 50 2 33 58
5 7 -1 12 16 18 19
38 6 -1 50 1 32 56
5 7 -1 12 16 18 19
39 7 -1 50 0 30 55
5 7 -1 12 15 18 19
40 8 -1 49 58 29 53
5 7 -1 12 15 18 19
41 9 -1 49 57 27 52
5 7 -1 12 15 18 19
42 10 -1 49 56 26 50
5 7 -1 12 15 18 19
43 11 -1 49 55 24 49
5 7 -1 12 15 18 19
44 12 -1 48 54 23 47
5 7 -1 12 15 18 19
44 12 -1 48 54 23 47
5 7 -1 12 15 18 19
45 13 -1 48 53 21 46
5 7 -1 12 15 18 19
47 16 -1 48 50 18 43
5 7 -1 12 15 18 19
48 17 -1 48 49 17 42
5 7 -1 12 15 18 19
49 18 -1 47 48 15 41
5 7 -1 12 15 18 19
50 19 -1 47 47 14 39
5 7 -1 12 15 18 19
51 20 -1 47 46 13 38
5 7 -1 12 15 18 19
52 21 -1 47 45 11 37
5 7 -1 12 15 18 19
53 22 -1 47 44 10 35
5 7 -1 12 15 18 19
54 23 -1 47 43 9 34
5 7 -1 12 15 18 19
55 24 -1 47 42 7 33
5 7 -1 12 15 18 19
56 25 -1 47 41 6 32
5 7 -1 12 15 18 19
57 27 -1 46 40 5 31
5 7 -1 12 15 18 19
58 28 -1 46 39 3 29
5 7 -1 12 15 18 19
59 29 -1 46 38 2 28
5 7 -1 12 15 18 19
59 29 -1 46 38 2 28
31































1
По всем вопросам касающимся приложения обращайтесь по WhatsApp +79952867503
1
10.2026

      
	