1
For advertising or questions send us e-mail kogdanamaz@gmail.com 
31
4 5 -1 12 16 20 21
6 36 -1 51 48 4 36
4 5 -1 12 16 20 21
7 37 -1 51 48 3 35
4 5 -1 12 16 20 21
9 38 -1 51 47 2 33
4 5 -1 12 16 20 21
10 39 -1 51 47 1 32
4 5 -1 12 16 19 21
12 40 -1 51 46 59 30
4 5 -1 12 16 19 21
13 41 -1 51 46 58 28
4 5 -1 12 16 19 21
15 42 -1 51 45 57 26
4 5 -1 12 16 19 21
16 44 -1 50 45 56 25
4 5 -1 12 16 19 21
18 45 -1 50 44 54 23
4 5 -1 12 16 19 21
19 46 -1 50 43 53 21
4 5 -1 12 16 19 21
20 47 -1 50 43 52 19
4 5 -1 12 16 19 21
22 48 -1 50 42 50 18
4 5 -1 12 16 19 21
23 49 -1 50 42 49 16
4 5 -1 12 16 19 21
25 50 -1 49 41 47 14
4 5 -1 12 16 19 21
26 51 -1 49 40 46 12
4 5 -1 12 16 19 21
28 52 -1 49 39 44 10
4 5 -1 12 16 19 21
29 53 -1 49 39 43 8
4 5 -1 12 16 19 21
31 54 -1 49 38 41 7
4 5 -1 12 16 19 21
32 55 -1 48 37 40 5
4 5 -1 12 16 19 21
33 56 -1 48 36 38 3
4 5 -1 12 16 19 21
35 57 -1 48 36 37 1
4 5 -1 12 16 19 20
36 58 -1 48 35 35 59
4 5 -1 12 16 19 20
38 59 -1 47 34 34 57
4 6 -1 12 16 19 20
39 0 -1 47 33 32 55
4 6 -1 12 16 19 20
40 2 -1 47 32 30 53
4 6 -1 12 16 19 20
42 3 -1 47 31 29 51
4 6 -1 12 16 19 20
43 4 -1 46 31 27 49
4 6 -1 12 16 19 20
44 5 -1 46 30 25 48
4 6 -1 12 16 19 20
46 6 -1 46 29 24 46
4 6 -1 12 16 19 20
47 7 -1 45 28 22 44
4 6 -1 12 16 19 20
48 8 -1 45 27 20 42
31































1
По всем вопросам касающимся приложения обращайтесь по WhatsApp +79952867503
1
08.2026

      
	
