1
For advertising or questions send us e-mail kogdanamaz@gmail.com 
30
6 7 -1 13 17 20 21
2 11 -1 38 15 4 14
6 7 -1 13 17 20 21
3 12 -1 38 14 2 13
6 7 -1 13 17 20 21
3 12 -1 37 13 1 11
6 7 -1 13 17 20 21
4 13 -1 37 13 0 10
6 7 -1 13 17 19 21
5 14 -1 37 12 58 8
6 7 -1 13 17 19 21
6 14 -1 36 11 57 7
6 7 -1 13 17 19 21
7 15 -1 36 10 56 5
6 7 -1 13 17 19 21
8 16 -1 36 10 54 4
6 7 -1 13 17 19 21
8 16 -1 35 9 53 2
6 7 -1 13 17 19 21
9 17 -1 35 8 51 1
6 7 -1 13 17 19 20
10 18 -1 35 7 50 59
6 7 -1 13 17 19 20
11 18 -1 34 6 49 58
6 7 -1 13 17 19 20
11 19 -1 34 6 47 56
6 7 -1 13 17 19 20
12 20 -1 34 5 46 55
6 7 -1 13 17 19 20
13 20 -1 33 4 45 53
6 7 -1 13 17 19 20
14 21 -1 33 3 43 52
6 7 -1 13 17 19 20
14 22 -1 32 2 42 50
6 7 -1 13 17 19 20
15 22 -1 32 1 40 49
6 7 -1 13 17 19 20
16 23 -1 32 1 39 48
6 7 -1 13 17 19 20
17 24 -1 31 0 38 46
6 7 -1 13 16 19 20
18 24 -1 31 59 36 45
6 7 -1 13 16 19 20
18 25 -1 31 58 35 43
6 7 -1 13 16 19 20
19 26 -1 30 57 33 42
6 7 -1 13 16 19 20
20 27 -1 30 56 32 40
6 7 -1 13 16 19 20
20 27 -1 30 55 31 39
6 7 -1 13 16 19 20
21 28 -1 29 54 29 37
6 7 -1 13 16 19 20
22 29 -1 29 53 28 36
6 7 -1 13 16 19 20
23 29 -1 29 52 26 35
6 7 -1 13 16 19 20
23 30 -1 28 52 25 33
6 7 -1 13 16 19 20
24 31 -1 28 51 24 32
30






























1
По всем вопросам касающимся приложения обращайтесь по WhatsApp +79952867503
1
09.2026

      
	
