1
For advertising or questions send us e-mail kogdanamaz@gmail.com 
31
5 6 -1 13 17 20 21
19 35 -1 31 15 25 43
5 6 -1 13 17 20 21
20 36 -1 31 15 24 42
5 6 -1 13 17 20 21
21 37 -1 31 14 24 41
5 6 -1 13 17 20 21
22 37 -1 31 14 23 39
5 6 -1 13 17 20 21
23 38 -1 31 14 22 38
5 6 -1 13 17 20 21
24 39 -1 31 14 21 37
5 6 -1 13 17 20 21
25 39 -1 30 14 20 36
5 6 -1 13 17 20 21
26 40 -1 30 13 19 35
5 6 -1 13 17 20 21
27 41 -1 30 13 18 33
5 6 -1 13 17 20 21
28 42 -1 30 13 17 32
5 6 -1 13 17 20 21
29 42 -1 30 12 16 31
5 6 -1 13 17 20 21
30 43 -1 30 12 15 30
5 6 -1 13 17 20 21
31 44 -1 29 12 14 28
5 6 -1 13 17 20 21
32 45 -1 29 11 13 27
5 6 -1 13 17 20 21
33 45 -1 29 11 11 26
5 6 -1 13 17 20 21
34 46 -1 29 10 10 24
5 6 -1 13 17 20 21
34 47 -1 29 10 9 23
5 6 -1 13 17 20 21
35 47 -1 28 9 8 21
5 6 -1 13 17 20 21
36 48 -1 28 9 7 20
5 6 -1 13 17 20 21
37 49 -1 28 8 6 19
5 6 -1 13 17 20 21
38 50 -1 28 8 4 17
5 6 -1 13 17 20 21
39 50 -1 27 7 3 16
5 6 -1 13 17 20 21
40 51 -1 27 7 2 14
5 6 -1 13 17 20 21
41 52 -1 27 6 1 13
5 6 -1 13 17 19 21
42 52 -1 27 6 59 12
5 6 -1 13 17 19 21
43 53 -1 26 5 58 10
5 6 -1 13 17 19 21
44 54 -1 26 5 57 9
5 6 -1 13 17 19 21
44 54 -1 26 4 56 7
5 6 -1 13 17 19 21
45 55 -1 26 3 54 6
5 6 -1 13 17 19 21
46 56 -1 25 3 53 4
5 6 -1 13 17 19 21
47 57 -1 25 2 52 3
31































1
По всем вопросам касающимся приложения обращайтесь по WhatsApp +79952867503
1
08.2026

      
	
