1
For advertising or questions send us e-mail kogdanamaz@gmail.com 
30
5 6 -1 13 17 19 21
45 55 -1 24 1 51 3
5 6 -1 13 17 19 21
46 56 -1 24 1 49 1
5 6 -1 13 17 19 21
47 57 -1 23 0 48 0
5 6 -1 13 16 19 20
48 58 -1 23 59 47 58
5 6 -1 13 16 19 20
48 58 -1 23 58 45 57
5 6 -1 13 16 19 20
49 59 -1 22 58 44 55
5 7 -1 13 16 19 20
50 0 -1 22 57 42 54
5 7 -1 13 16 19 20
51 1 -1 22 56 41 52
5 7 -1 13 16 19 20
52 1 -1 21 55 39 50
5 7 -1 13 16 19 20
53 2 -1 21 54 38 49
5 7 -1 13 16 19 20
54 3 -1 20 54 37 47
5 7 -1 13 16 19 20
54 3 -1 20 53 35 46
5 7 -1 13 16 19 20
55 4 -1 20 52 34 44
5 7 -1 13 16 19 20
56 5 -1 19 51 32 43
5 7 -1 13 16 19 20
57 6 -1 19 50 31 41
5 7 -1 13 16 19 20
58 6 -1 19 49 29 40
5 7 -1 13 16 19 20
59 7 -1 18 48 28 38
5 7 -1 13 16 19 20
59 8 -1 18 47 26 36
6 7 -1 13 16 19 20
0 9 -1 18 46 25 35
6 7 -1 13 16 19 20
1 9 -1 17 45 24 33
6 7 -1 13 16 19 20
2 10 -1 17 44 22 32
6 7 -1 13 16 19 20
3 11 -1 17 44 21 30
6 7 -1 13 16 19 20
4 12 -1 16 43 19 29
6 7 -1 13 16 19 20
4 12 -1 16 42 18 27
6 7 -1 13 16 19 20
5 13 -1 16 41 16 26
6 7 -1 13 16 19 20
6 14 -1 15 40 15 24
6 7 -1 13 16 19 20
7 15 -1 15 39 13 23
6 7 -1 13 16 19 20
8 15 -1 14 38 12 21
6 7 -1 13 16 19 20
8 16 -1 14 37 11 20
6 7 -1 13 16 19 20
9 17 -1 14 36 9 19
30






























1
По всем вопросам касающимся приложения обращайтесь по WhatsApp +79952867503
1
09.2026

      
	
