1
For advertising or questions send us e-mail kogdanamaz@gmail.com 
30
4 6 -1 12 16 19 20
43 4 -1 42 23 17 40
4 6 -1 12 16 19 20
44 5 -1 41 22 15 38
4 6 -1 12 16 19 20
46 6 -1 41 21 14 36
4 6 -1 12 16 19 20
47 8 -1 41 20 12 34
4 6 -1 12 16 19 20
48 9 -1 40 19 10 32
4 6 -1 12 16 19 20
50 10 -1 40 17 8 30
4 6 -1 12 16 19 20
51 11 -1 40 16 6 28
4 6 -1 12 16 19 20
52 12 -1 39 15 5 26
4 6 -1 12 16 19 20
54 13 -1 39 14 3 24
4 6 -1 12 16 19 20
55 14 -1 38 13 1 22
4 6 -1 12 16 18 20
56 15 -1 38 12 59 20
4 6 -1 12 16 18 20
58 16 -1 38 11 57 18
4 6 -1 12 16 18 20
59 18 -1 37 9 55 16
5 6 -1 12 16 18 20
0 19 -1 37 8 54 14
5 6 -1 12 16 18 20
2 20 -1 37 7 52 12
5 6 -1 12 16 18 20
3 21 -1 36 6 50 10
5 6 -1 12 16 18 20
4 22 -1 36 4 48 8
5 6 -1 12 16 18 20
5 23 -1 36 3 46 6
5 6 -1 12 16 18 20
7 24 -1 35 2 44 4
5 6 -1 12 16 18 20
8 25 -1 35 1 43 2
5 6 -1 12 15 18 20
9 27 -1 35 59 41 0
5 6 -1 12 15 18 19
10 28 -1 34 58 39 58
5 6 -1 12 15 18 19
12 29 -1 34 57 37 56
5 6 -1 12 15 18 19
13 30 -1 34 55 35 54
5 6 -1 12 15 18 19
14 31 -1 33 54 33 52
5 6 -1 12 15 18 19
15 32 -1 33 53 32 50
5 6 -1 12 15 18 19
17 33 -1 32 52 30 48
5 6 -1 12 15 18 19
18 35 -1 32 50 28 46
5 6 -1 12 15 18 19
19 36 -1 32 49 26 45
5 6 -1 12 15 18 19
20 37 -1 31 48 24 43
30






























1
По всем вопросам касающимся приложения обращайтесь по WhatsApp +79952867503
1
09.2026

      
	
