1
For advertising or questions send us e-mail kogdanamaz@gmail.com 
31
4 6 -1 13 17 20 21
42 6 -1 13 6 19 45
4 6 -1 13 17 20 21
43 7 -1 13 5 18 43
4 6 -1 13 17 20 21
44 8 -1 13 5 17 42
4 6 -1 13 17 20 21
46 9 -1 13 5 16 41
4 6 -1 13 17 20 21
47 10 -1 13 4 15 39
4 6 -1 13 17 20 21
48 11 -1 13 4 14 38
4 6 -1 13 17 20 21
49 12 -1 13 3 12 36
4 6 -1 13 17 20 21
51 12 -1 13 3 11 35
4 6 -1 13 17 20 21
52 13 -1 12 3 10 33
4 6 -1 13 17 20 21
53 14 -1 12 2 9 32
4 6 -1 13 17 20 21
54 15 -1 12 2 8 30
4 6 -1 13 17 20 21
56 16 -1 12 1 6 28
4 6 -1 13 17 20 21
57 17 -1 12 0 5 27
4 6 -1 13 17 20 21
58 18 -1 12 0 4 25
4 6 -1 13 16 20 21
59 19 -1 11 59 2 24
5 6 -1 13 16 20 21
1 20 -1 11 59 1 22
5 6 -1 13 16 20 21
2 21 -1 11 58 0 20
5 6 -1 13 16 19 21
3 22 -1 11 57 58 19
5 6 -1 13 16 19 21
4 23 -1 11 57 57 17
5 6 -1 13 16 19 21
5 24 -1 10 56 56 15
5 6 -1 13 16 19 21
7 24 -1 10 55 54 14
5 6 -1 13 16 19 21
8 25 -1 10 55 53 12
5 6 -1 13 16 19 21
9 26 -1 10 54 51 10
5 6 -1 13 16 19 21
10 27 -1 9 53 50 8
5 6 -1 13 16 19 21
11 28 -1 9 53 48 7
5 6 -1 13 16 19 21
13 29 -1 9 52 47 5
5 6 -1 13 16 19 21
14 30 -1 8 51 45 3
5 6 -1 13 16 19 21
15 31 -1 8 50 44 1
5 6 -1 13 16 19 21
16 32 -1 8 49 42 0
5 6 -1 13 16 19 20
17 33 -1 8 48 41 58
5 6 -1 13 16 19 20
18 34 -1 7 48 39 56
31































1
По всем вопросам касающимся приложения обращайтесь по WhatsApp +79952867503
1
08.2026

      
	
