1
For advertising or questions send us e-mail kogdanamaz@gmail.com 
31
5 6 -1 13 17 20 21
2 19 -1 16 1 12 30
5 6 -1 13 17 20 21
3 19 -1 16 1 11 29
5 6 -1 13 17 20 21
4 20 -1 16 1 10 28
5 6 -1 13 17 20 21
5 21 -1 16 0 9 27
5 6 -1 13 17 20 21
6 22 -1 16 0 8 26
5 6 -1 13 17 20 21
6 22 -1 16 0 8 26
5 6 -1 13 17 20 21
8 23 -1 15 0 6 23
5 6 -1 13 16 20 21
9 24 -1 15 59 5 22
5 6 -1 13 16 20 21
10 25 -1 15 59 4 21
5 6 -1 13 16 20 21
11 25 -1 15 59 3 19
5 6 -1 13 16 20 21
12 26 -1 15 58 2 18
5 6 -1 13 16 20 21
13 27 -1 15 58 1 17
5 6 -1 13 16 20 21
14 28 -1 14 58 0 15
5 6 -1 13 16 19 21
15 28 -1 14 57 59 14
5 6 -1 13 16 19 21
16 29 -1 14 57 58 13
5 6 -1 13 16 19 21
17 30 -1 14 56 56 11
5 6 -1 13 16 19 21
18 31 -1 14 56 55 10
5 6 -1 13 16 19 21
19 31 -1 13 55 54 8
5 6 -1 13 16 19 21
20 32 -1 13 55 53 7
5 6 -1 13 16 19 21
20 32 -1 13 55 53 7
5 6 -1 13 16 19 21
20 33 -1 13 54 52 5
5 6 -1 13 16 19 21
22 34 -1 12 53 49 3
5 6 -1 13 16 19 21
23 35 -1 12 53 48 1
5 6 -1 13 16 19 21
24 36 -1 12 52 47 0
5 6 -1 13 16 19 20
25 37 -1 12 51 45 58
5 6 -1 13 16 19 20
26 37 -1 11 51 44 57
5 6 -1 13 16 19 20
27 38 -1 11 50 43 55
5 6 -1 13 16 19 20
28 39 -1 11 50 41 54
5 6 -1 13 16 19 20
29 39 -1 11 49 40 52
5 6 -1 13 16 19 20
30 40 -1 10 48 39 51
5 6 -1 13 16 19 20
31 41 -1 10 48 37 49
31































1
По всем вопросам касающимся приложения обращайтесь по WhatsApp +79952867503
1
08.2026

      
	
