1
For advertising or questions send us e-mail kogdanamaz@gmail.com 
30
5 6 -1 13 16 19 20
22 34 -1 4 43 33 47
5 6 -1 13 16 19 20
23 35 -1 4 42 31 45
5 6 -1 13 16 19 20
24 36 -1 4 41 30 43
5 6 -1 13 16 19 20
25 37 -1 3 41 28 42
5 6 -1 13 16 19 20
26 38 -1 3 40 27 40
5 6 -1 13 16 19 20
27 38 -1 3 39 25 38
5 6 -1 13 16 19 20
28 39 -1 2 38 24 37
5 6 -1 13 16 19 20
29 40 -1 2 37 23 35
5 6 -1 13 16 19 20
30 41 -1 2 36 21 34
5 6 -1 13 16 19 20
31 42 -1 1 35 20 32
5 6 -1 13 16 19 20
32 42 -1 1 34 18 30
5 6 -1 13 16 19 20
33 43 -1 1 33 17 29
5 6 -1 13 16 19 20
34 44 -1 0 33 15 27
5 6 -1 13 16 19 20
35 45 -1 0 32 13 25
5 6 -1 13 16 19 20
35 46 -1 0 31 12 24
5 6 -1 12 16 19 20
36 46 -1 59 30 10 22
5 6 -1 12 16 19 20
37 47 -1 59 29 9 21
5 6 -1 12 16 19 20
38 48 -1 59 28 7 19
5 6 -1 12 16 19 20
39 49 -1 58 27 6 17
5 6 -1 12 16 19 20
40 50 -1 58 26 4 16
5 6 -1 12 16 19 20
41 50 -1 57 25 3 14
5 6 -1 12 16 19 20
42 51 -1 57 24 1 13
5 6 -1 12 16 19 20
43 52 -1 57 23 0 11
5 6 -1 12 16 18 20
43 53 -1 56 22 58 9
5 6 -1 12 16 18 20
44 54 -1 56 21 57 8
5 6 -1 12 16 18 20
45 55 -1 56 20 55 6
5 6 -1 12 16 18 20
46 55 -1 55 19 54 5
5 6 -1 12 16 18 20
47 56 -1 55 18 52 3
5 6 -1 12 16 18 20
48 57 -1 55 17 51 2
5 6 -1 12 16 18 20
49 58 -1 54 15 49 0
30






























1
По всем вопросам касающимся приложения обращайтесь по WhatsApp +79952867503
1
09.2026

      
	
