1
For advertising or questions send us e-mail kogdanamaz@gmail.com 
31
6 7 -1 13 16 19 20
17 25 -1 20 41 14 24
6 7 -1 13 16 19 20
17 25 -1 20 40 13 22
6 7 -1 13 16 19 20
17 25 -1 20 40 13 22
6 7 -1 13 16 19 20
18 26 -1 20 39 11 21
6 7 -1 13 16 19 20
20 28 -1 19 37 9 18
6 7 -1 13 16 19 20
20 28 -1 19 36 7 17
6 7 -1 13 16 19 20
21 29 -1 18 35 6 15
6 7 -1 13 16 19 20
22 30 -1 18 34 5 14
6 7 -1 13 16 19 20
23 31 -1 18 33 3 13
6 7 -1 13 16 19 20
24 32 -1 18 32 2 11
6 7 -1 13 16 19 20
24 33 -1 17 31 0 10
6 7 -1 13 16 18 20
25 33 -1 17 30 59 9
6 7 -1 13 16 18 20
26 34 -1 17 29 58 7
6 7 -1 13 16 18 20
27 35 -1 17 28 56 6
6 7 -1 13 16 18 20
28 36 -1 16 27 55 5
6 7 -1 13 16 18 20
28 37 -1 16 26 54 4
6 7 -1 13 16 18 20
29 38 -1 16 26 53 2
6 7 -1 13 16 18 20
29 38 -1 16 26 53 2
6 7 -1 13 16 18 20
30 39 -1 16 25 51 1
6 7 -1 13 16 18 19
32 40 -1 15 23 49 59
6 7 -1 13 16 18 19
33 41 -1 15 22 48 58
6 7 -1 13 16 18 19
33 42 -1 15 21 46 57
6 7 -1 13 16 18 19
34 43 -1 15 20 45 56
6 7 -1 13 16 18 19
35 44 -1 15 19 44 55
6 7 -1 13 16 18 19
36 45 -1 15 18 43 53
6 7 -1 13 16 18 19
37 46 -1 15 17 42 52
6 7 -1 13 16 18 19
37 47 -1 14 16 41 51
6 7 -1 13 16 18 19
38 48 -1 14 16 40 50
6 7 -1 13 16 18 19
39 49 -1 14 15 39 49
6 7 -1 13 16 18 19
40 49 -1 14 14 38 49
6 7 -1 13 16 18 19
41 50 -1 14 13 37 48
31































1
По всем вопросам касающимся приложения обращайтесь по WhatsApp +79952867503
1
10.2026

      
	