1
For advertising or questions send us e-mail kogdanamaz@gmail.com 
31
4 5 -1 12 16 20 21
10 39 -1 53 49 4 35
4 5 -1 12 16 20 21
11 40 -1 52 48 3 34
4 5 -1 12 16 20 21
13 41 -1 52 48 2 32
4 5 -1 12 16 20 21
14 42 -1 52 47 1 30
4 5 -1 12 16 20 21
15 43 -1 52 47 0 29
4 5 -1 12 16 19 21
17 44 -1 52 46 58 27
4 5 -1 12 16 19 21
18 45 -1 52 46 57 26
4 5 -1 12 16 19 21
20 46 -1 52 45 56 24
4 5 -1 12 16 19 21
21 47 -1 52 45 54 22
4 5 -1 12 16 19 21
23 48 -1 52 44 53 20
4 5 -1 12 16 19 21
24 49 -1 51 44 52 19
4 5 -1 12 16 19 21
25 50 -1 51 43 50 17
4 5 -1 12 16 19 21
27 51 -1 51 42 49 15
4 5 -1 12 16 19 21
28 52 -1 51 42 48 13
4 5 -1 12 16 19 21
30 53 -1 51 41 46 12
4 5 -1 12 16 19 21
31 54 -1 50 40 45 10
4 5 -1 12 16 19 21
32 55 -1 50 40 43 8
4 5 -1 12 16 19 21
34 56 -1 50 39 42 6
4 5 -1 12 16 19 21
35 57 -1 50 38 40 4
4 5 -1 12 16 19 21
37 59 -1 50 37 39 2
4 6 -1 12 16 19 21
38 0 -1 49 37 37 1
4 6 -1 12 16 19 20
39 1 -1 49 36 36 59
4 6 -1 12 16 19 20
41 2 -1 49 35 34 57
4 6 -1 12 16 19 20
42 3 -1 48 34 33 55
4 6 -1 12 16 19 20
43 4 -1 48 33 31 53
4 6 -1 12 16 19 20
45 5 -1 48 33 29 51
4 6 -1 12 16 19 20
46 6 -1 48 32 28 49
4 6 -1 12 16 19 20
47 7 -1 47 31 26 47
4 6 -1 12 16 19 20
49 8 -1 47 30 25 45
4 6 -1 12 16 19 20
50 9 -1 47 29 23 44
4 6 -1 12 16 19 20
51 10 -1 46 28 21 42
31































1
По всем вопросам касающимся приложения обращайтесь по WhatsApp +79952867503
1
08.2026

      
	
