1
For advertising or questions send us e-mail kogdanamaz@gmail.com 
31
4 6 -1 12 15 18 19
46 26 -1 30 38 22 52
4 6 -1 12 15 18 19
48 28 -1 29 36 20 50
4 6 -1 12 15 18 19
49 29 -1 28 35 18 48
4 6 -1 12 15 18 19
51 31 -1 28 33 16 46
4 6 -1 12 15 18 19
52 32 -1 28 31 14 44
4 6 -1 12 15 18 19
54 34 -1 28 30 12 42
4 6 -1 12 15 18 19
55 35 -1 28 28 9 39
4 6 -1 12 15 18 19
57 37 -1 28 26 7 37
4 6 -1 12 15 18 19
58 38 -1 27 25 5 35
5 6 -1 12 15 18 19
0 40 -1 27 23 3 33
5 6 -1 12 15 18 19
2 42 -1 27 22 1 31
5 6 -1 12 15 17 19
3 43 -1 27 20 59 29
5 6 -1 12 15 17 19
5 45 -1 26 18 57 27
5 6 -1 12 15 17 19
6 46 -1 26 17 55 25
5 6 -1 12 15 17 19
8 48 -1 26 15 53 23
5 6 -1 12 15 17 19
9 49 -1 26 14 51 21
5 6 -1 12 15 17 19
11 51 -1 25 12 49 19
5 6 -1 12 15 17 19
13 53 -1 25 10 47 17
5 6 -1 12 15 17 19
14 54 -1 25 9 45 15
5 6 -1 12 15 17 19
16 56 -1 25 7 43 13
5 6 -1 12 15 17 19
17 57 -1 25 6 41 11
5 6 -1 12 15 17 19
19 59 -1 24 4 39 9
5 7 -1 12 15 17 19
21 1 -1 24 3 37 7
5 7 -1 12 15 17 19
22 2 -1 24 1 35 5
5 7 -1 12 15 17 19
24 4 -1 24 0 34 4
5 7 -1 12 14 17 19
26 6 -1 24 58 32 2
5 7 -1 12 14 17 19
27 7 -1 24 57 30 0
4 6 -1 11 13 16 17
29 9 -1 24 55 28 58
4 6 -1 11 13 16 17
30 10 -1 24 54 26 56
4 6 -1 11 13 16 17
32 12 -1 24 53 25 55
4 6 -1 11 13 16 17
34 14 -1 24 51 23 53
31































1
По всем вопросам касающимся приложения обращайтесь по WhatsApp +79952867503
1
10.2026

      
	