1
For advertising or questions send us e-mail kogdanamaz@gmail.com 
31
4 6 -1 13 17 21 22
23 7 -1 34 37 0 45
4 6 -1 13 17 20 22
25 8 -1 34 37 59 43
4 6 -1 13 17 20 22
27 9 -1 34 36 57 41
4 6 -1 13 17 20 22
29 10 -1 34 36 56 39
4 6 -1 13 17 20 22
31 12 -1 34 35 54 37
4 6 -1 13 17 20 22
31 12 -1 34 35 54 37
4 6 -1 13 17 20 22
35 14 -1 34 34 51 33
4 6 -1 13 17 20 22
36 15 -1 34 33 50 31
4 6 -1 13 17 20 22
38 17 -1 33 32 48 28
4 6 -1 13 17 20 22
40 18 -1 33 32 47 26
4 6 -1 13 17 20 22
42 19 -1 33 31 45 24
4 6 -1 13 17 20 22
44 21 -1 33 30 43 22
4 6 -1 13 17 20 22
46 22 -1 33 29 42 20
4 6 -1 13 17 20 22
48 23 -1 33 28 40 17
4 6 -1 13 17 20 22
50 24 -1 32 28 38 15
4 6 -1 13 17 20 22
51 26 -1 32 27 37 13
4 6 -1 13 17 20 22
53 27 -1 32 26 35 11
4 6 -1 13 17 20 22
55 28 -1 32 25 33 8
4 6 -1 13 17 20 22
57 30 -1 31 24 32 6
4 6 -1 13 17 20 22
57 30 -1 31 24 32 6
4 6 -1 13 17 20 22
59 31 -1 31 23 30 4
5 6 -1 13 17 20 21
2 33 -1 31 21 26 59
5 6 -1 13 17 20 21
4 35 -1 30 20 24 57
5 6 -1 13 17 20 21
6 36 -1 30 19 22 55
5 6 -1 13 17 20 21
7 37 -1 30 18 21 52
5 6 -1 13 17 20 21
9 39 -1 30 17 19 50
5 6 -1 13 17 20 21
11 40 -1 29 16 17 48
5 6 -1 13 17 20 21
13 41 -1 29 15 15 46
5 6 -1 13 17 20 21
14 43 -1 29 13 13 43
5 6 -1 13 17 20 21
16 44 -1 28 12 11 41
5 6 -1 13 17 20 21
18 45 -1 28 11 9 39
31































1
По всем вопросам касающимся приложения обращайтесь по WhatsApp +79952867503
1
08.2026

      
	
