1
For advertising or questions send us e-mail kogdanamaz@gmail.com 
30
5 6 -1 13 17 20 21
29 50 -1 27 9 3 25
5 6 -1 13 17 20 21
30 51 -1 27 8 1 23
5 6 -1 13 17 19 21
32 52 -1 27 6 59 21
5 6 -1 13 17 19 21
32 52 -1 27 6 59 21
5 6 -1 13 17 19 21
33 54 -1 26 5 57 19
5 6 -1 13 17 19 21
36 56 -1 26 3 54 15
5 6 -1 13 17 19 21
37 57 -1 25 2 52 13
5 6 -1 13 17 19 21
39 58 -1 25 1 50 11
5 6 -1 13 17 19 21
40 59 -1 25 0 48 9
5 7 -1 13 16 19 21
41 0 -1 24 59 47 7
5 7 -1 13 16 19 21
43 1 -1 24 57 45 5
5 7 -1 13 16 19 21
44 2 -1 24 56 43 3
5 7 -1 13 16 19 21
45 4 -1 23 55 41 1
5 7 -1 13 16 19 20
46 5 -1 23 54 39 59
5 7 -1 13 16 19 20
48 6 -1 22 53 37 57
5 7 -1 13 16 19 20
49 7 -1 22 51 36 55
5 7 -1 13 16 19 20
50 8 -1 22 50 34 53
5 7 -1 13 16 19 20
51 9 -1 21 49 32 51
5 7 -1 13 16 19 20
51 9 -1 21 49 32 51
5 7 -1 13 16 19 20
53 10 -1 21 48 30 49
5 7 -1 13 16 19 20
55 12 -1 20 45 26 45
5 7 -1 13 16 19 20
56 14 -1 20 44 25 43
5 7 -1 13 16 19 20
58 15 -1 20 43 23 42
5 7 -1 13 16 19 20
59 16 -1 19 41 21 40
6 7 -1 13 16 19 20
0 17 -1 19 40 19 38
6 7 -1 13 16 19 20
1 18 -1 19 39 17 36
6 7 -1 13 16 19 20
3 19 -1 18 37 15 34
6 7 -1 13 16 19 20
4 20 -1 18 36 14 32
6 7 -1 13 16 19 20
5 22 -1 18 35 12 30
6 7 -1 13 16 19 20
6 23 -1 17 33 10 28
30






























1
По всем вопросам касающимся приложения обращайтесь по WhatsApp +79952867503
1
09.2026

      
	
