1
For advertising or questions send us e-mail kogdanamaz@gmail.com 
30
5 6 -1 13 16 19 20
28 35 -1 1 37 26 35
5 6 -1 13 16 19 20
28 36 -1 1 36 24 33
5 6 -1 13 16 19 20
29 37 -1 1 36 23 32
5 6 -1 13 16 19 20
29 37 -1 1 36 23 32
5 6 -1 13 16 19 20
30 37 -1 0 35 22 31
5 6 -1 13 16 19 20
31 39 -1 0 34 19 28
5 6 -1 12 16 19 20
32 39 -1 59 33 18 26
5 6 -1 12 16 19 20
33 40 -1 59 32 16 25
5 6 -1 12 16 19 20
34 40 -1 59 31 15 23
5 6 -1 12 16 19 20
34 41 -1 58 31 14 22
5 6 -1 12 16 19 20
35 42 -1 58 30 13 21
5 6 -1 12 16 19 20
36 42 -1 57 29 11 19
5 6 -1 12 16 19 20
36 43 -1 57 28 10 18
5 6 -1 12 16 19 20
37 43 -1 57 28 9 16
5 6 -1 12 16 19 20
38 44 -1 56 27 7 15
5 6 -1 12 16 19 20
39 45 -1 56 26 6 13
5 6 -1 12 16 19 20
39 45 -1 56 25 5 12
5 6 -1 12 16 19 20
40 46 -1 55 24 3 11
5 6 -1 12 16 19 20
40 46 -1 55 24 3 11
5 6 -1 12 16 19 20
41 47 -1 55 24 2 9
5 6 -1 12 16 18 20
42 48 -1 54 22 59 6
5 6 -1 12 16 18 20
43 48 -1 54 21 58 5
5 6 -1 12 16 18 20
43 49 -1 54 20 57 4
5 6 -1 12 16 18 20
44 50 -1 53 19 55 2
5 6 -1 12 16 18 20
45 50 -1 53 19 54 1
5 6 -1 12 16 18 20
45 51 -1 53 18 53 0
5 6 -1 12 16 18 19
46 52 -1 52 17 51 58
5 6 -1 12 16 18 19
47 52 -1 52 16 50 57
5 6 -1 12 16 18 19
47 53 -1 52 15 49 56
5 6 -1 12 16 18 19
48 54 -1 51 14 47 54
30






























1
По всем вопросам касающимся приложения обращайтесь по WhatsApp +79952867503
1
09.2026

      
	
