1
For advertising or questions send us e-mail kogdanamaz@gmail.com 
31
5 6 -1 12 16 18 19
49 53 -1 50 14 46 52
5 6 -1 12 16 18 19
50 54 -1 50 13 45 50
5 6 -1 12 16 18 19
50 54 -1 50 13 45 50
5 6 -1 12 16 18 19
50 54 -1 50 12 44 49
5 6 -1 12 16 18 19
52 56 -1 49 10 41 47
5 6 -1 12 16 18 19
52 56 -1 49 10 40 46
5 6 -1 12 16 18 19
53 57 -1 49 9 39 44
5 6 -1 12 16 18 19
53 57 -1 48 8 38 43
5 6 -1 12 16 18 19
54 58 -1 48 7 37 42
5 6 -1 12 16 18 19
55 59 -1 48 6 36 41
5 6 -1 12 16 18 19
55 59 -1 48 6 34 40
5 7 -1 12 16 18 19
56 0 -1 47 5 33 39
5 7 -1 12 16 18 19
56 0 -1 47 4 32 38
5 7 -1 12 16 18 19
57 1 -1 47 3 31 37
5 7 -1 12 16 18 19
57 2 -1 47 3 30 36
5 7 -1 12 16 18 19
58 2 -1 46 2 29 35
5 7 -1 12 16 18 19
59 3 -1 46 1 28 34
5 7 -1 12 16 18 19
59 3 -1 46 1 28 34
5 7 -1 12 16 18 19
59 4 -1 46 0 27 33
6 7 -1 12 15 18 19
0 5 -1 46 59 25 31
6 7 -1 12 15 18 19
1 6 -1 45 58 24 30
6 7 -1 12 15 18 19
2 6 -1 45 57 23 29
6 7 -1 12 15 18 19
2 7 -1 45 57 22 28
6 7 -1 12 15 18 19
3 8 -1 45 56 21 27
6 7 -1 12 15 18 19
4 9 -1 45 55 20 26
6 7 -1 12 15 18 19
4 9 -1 45 55 19 25
6 7 -1 12 15 18 19
5 10 -1 45 54 18 24
6 7 -1 12 15 18 19
6 11 -1 45 53 17 24
6 7 -1 12 15 18 19
6 11 -1 45 53 16 23
6 7 -1 12 15 18 19
7 12 -1 44 52 15 22
6 7 -1 12 15 18 19
8 13 -1 44 51 15 21
31































1
По всем вопросам касающимся приложения обращайтесь по WhatsApp +79952867503
1
10.2026

      
	