1
For advertising or questions send us e-mail kogdanamaz@gmail.com 
30
5 6 -1 13 16 19 20
12 28 -1 1 41 33 50
5 6 -1 13 16 19 20
13 29 -1 1 40 31 48
5 6 -1 13 16 19 20
14 30 -1 0 39 29 47
5 6 -1 13 16 19 20
16 31 -1 0 38 28 45
5 6 -1 13 16 19 20
17 32 -1 0 37 26 43
5 6 -1 12 16 19 20
18 33 -1 59 37 25 41
5 6 -1 12 16 19 20
19 34 -1 59 36 23 39
5 6 -1 12 16 19 20
20 35 -1 59 35 21 38
5 6 -1 12 16 19 20
21 35 -1 58 34 20 36
5 6 -1 12 16 19 20
22 36 -1 58 32 18 34
5 6 -1 12 16 19 20
23 37 -1 58 31 16 32
5 6 -1 12 16 19 20
24 38 -1 57 30 15 30
5 6 -1 12 16 19 20
26 39 -1 57 29 13 29
5 6 -1 12 16 19 20
27 40 -1 57 28 12 27
5 6 -1 12 16 19 20
28 41 -1 56 27 10 25
5 6 -1 12 16 19 20
29 42 -1 56 26 8 23
5 6 -1 12 16 19 20
30 43 -1 56 25 7 21
5 6 -1 12 16 19 20
31 44 -1 55 24 5 20
5 6 -1 12 16 19 20
32 45 -1 55 23 3 18
5 6 -1 12 16 19 20
33 46 -1 55 22 2 16
5 6 -1 12 16 19 20
34 47 -1 54 21 0 14
5 6 -1 12 16 18 20
35 48 -1 54 19 58 13
5 6 -1 12 16 18 20
36 49 -1 53 18 57 11
5 6 -1 12 16 18 20
37 50 -1 53 17 55 9
5 6 -1 12 16 18 20
38 51 -1 53 16 53 7
5 6 -1 12 16 18 20
39 52 -1 52 15 52 6
5 6 -1 12 16 18 20
40 53 -1 52 14 50 4
5 6 -1 12 16 18 20
41 54 -1 52 13 48 2
5 6 -1 12 16 18 20
42 54 -1 51 11 47 1
5 6 -1 12 16 18 19
43 55 -1 51 10 45 59
30






























1
По всем вопросам касающимся приложения обращайтесь по WhatsApp +79952867503
1
09.2026

      
	
