1
For advertising or questions send us e-mail kogdanamaz@gmail.com 
31
4 5 -1 13 17 20 21
3 39 -1 0 0 19 56
4 5 -1 13 16 20 21
5 40 -1 0 59 17 54
4 5 -1 13 16 20 21
7 41 -1 0 59 16 53
4 5 -1 13 16 20 21
8 43 -1 0 58 15 51
4 5 -1 12 16 20 21
10 44 -1 59 58 13 49
4 5 -1 12 16 20 21
12 45 -1 59 57 12 47
4 5 -1 12 16 20 21
13 46 -1 59 56 11 45
4 5 -1 12 16 20 21
15 47 -1 59 56 9 43
4 5 -1 12 16 20 21
16 48 -1 59 55 8 41
4 5 -1 12 16 20 21
18 49 -1 59 54 6 39
4 5 -1 12 16 20 21
20 51 -1 59 54 5 37
4 5 -1 12 16 20 21
21 52 -1 58 53 3 35
4 5 -1 12 16 20 21
23 53 -1 58 52 2 33
4 5 -1 12 16 20 21
25 54 -1 58 52 0 31
4 5 -1 12 16 19 21
26 55 -1 58 51 59 29
4 5 -1 12 16 19 21
28 56 -1 58 50 57 27
4 5 -1 12 16 19 21
29 58 -1 57 49 56 25
4 5 -1 12 16 19 21
31 59 -1 57 48 54 23
4 6 -1 12 16 19 21
33 0 -1 57 48 52 21
4 6 -1 12 16 19 21
34 1 -1 57 47 51 19
4 6 -1 12 16 19 21
36 2 -1 57 46 49 17
4 6 -1 12 16 19 21
37 3 -1 56 45 47 15
4 6 -1 12 16 19 21
39 5 -1 56 44 46 13
4 6 -1 12 16 19 21
40 6 -1 56 43 44 11
4 6 -1 12 16 19 21
42 7 -1 55 42 42 9
4 6 -1 12 16 19 21
43 8 -1 55 41 41 7
4 6 -1 12 16 19 21
45 9 -1 55 40 39 5
4 6 -1 12 16 19 21
47 10 -1 55 39 37 3
4 6 -1 12 16 19 21
48 12 -1 54 38 35 1
4 6 -1 12 16 19 20
49 13 -1 54 37 33 59
4 6 -1 12 16 19 20
51 14 -1 54 36 32 56
31































1
По всем вопросам касающимся приложения обращайтесь по WhatsApp +79952867503
1
08.2026

      
	
