1
For advertising or questions send us e-mail kogdanamaz@gmail.com 
31
5 6 -1 13 17 20 22
23 45 -1 50 41 53 17
5 6 -1 13 17 20 22
24 46 -1 50 40 52 16
5 6 -1 13 17 20 22
25 47 -1 50 40 51 14
5 6 -1 13 17 20 22
26 48 -1 50 40 50 13
5 6 -1 13 17 20 22
27 48 -1 50 39 49 12
5 6 -1 13 17 20 22
29 49 -1 49 39 48 10
5 6 -1 13 17 20 22
30 50 -1 49 39 47 9
5 6 -1 13 17 20 22
31 51 -1 49 38 46 7
5 6 -1 13 17 20 22
32 52 -1 49 38 45 6
5 6 -1 13 17 20 22
33 53 -1 49 37 43 4
5 6 -1 13 17 20 22
35 54 -1 49 37 42 3
5 6 -1 13 17 20 22
36 55 -1 49 36 41 1
5 6 -1 13 17 20 22
37 56 -1 48 36 40 0
5 6 -1 13 17 20 21
38 56 -1 48 35 38 58
5 6 -1 13 17 20 21
39 57 -1 48 35 37 57
5 6 -1 13 17 20 21
40 58 -1 48 34 36 55
5 6 -1 13 17 20 21
42 59 -1 48 34 35 54
5 7 -1 13 17 20 21
43 0 -1 47 33 33 52
5 7 -1 13 17 20 21
44 1 -1 47 32 32 50
5 7 -1 13 17 20 21
45 2 -1 47 32 30 49
5 7 -1 13 17 20 21
46 3 -1 47 31 29 47
5 7 -1 13 17 20 21
47 3 -1 46 30 28 45
5 7 -1 13 17 20 21
48 4 -1 46 30 26 44
5 7 -1 13 17 20 21
50 5 -1 46 29 25 42
5 7 -1 13 17 20 21
51 6 -1 46 28 24 40
5 7 -1 13 17 20 21
52 7 -1 45 28 22 39
5 7 -1 13 17 20 21
53 8 -1 45 27 21 37
5 7 -1 13 17 20 21
54 9 -1 45 26 19 35
5 7 -1 13 17 20 21
55 10 -1 44 25 18 34
5 7 -1 13 17 20 21
56 10 -1 44 24 16 32
5 7 -1 13 17 20 21
57 11 -1 44 24 15 30
31































1
По всем вопросам касающимся приложения обращайтесь по WhatsApp +79952867503
1
08.2026

      
	
