1
For advertising or questions send us e-mail kogdanamaz@gmail.com 
31
4 5 -1 13 16 20 21
26 53 -1 4 58 13 41
4 5 -1 13 16 20 21
27 54 -1 3 58 12 40
4 5 -1 13 16 20 21
29 55 -1 3 57 10 38
4 5 -1 13 16 20 21
30 56 -1 3 57 9 37
4 5 -1 13 16 20 21
31 57 -1 3 56 8 35
4 5 -1 13 16 20 21
33 58 -1 3 56 7 34
4 5 -1 13 16 20 21
34 59 -1 3 56 6 32
4 6 -1 13 16 20 21
35 0 -1 3 55 4 30
4 6 -1 13 16 20 21
37 1 -1 3 55 3 29
4 6 -1 13 16 20 21
38 2 -1 3 54 2 27
4 6 -1 13 16 20 21
39 3 -1 2 53 1 25
4 6 -1 13 16 19 21
41 4 -1 2 53 59 24
4 6 -1 13 16 19 21
42 4 -1 2 52 58 22
4 6 -1 13 16 19 21
43 5 -1 2 52 57 20
4 6 -1 13 16 19 21
45 6 -1 2 51 55 19
4 6 -1 13 16 19 21
46 7 -1 1 50 54 17
4 6 -1 13 16 19 21
47 8 -1 1 50 52 15
4 6 -1 13 16 19 21
49 9 -1 1 49 51 13
4 6 -1 13 16 19 21
50 10 -1 1 48 49 12
4 6 -1 13 16 19 21
51 11 -1 1 48 48 10
4 6 -1 13 16 19 21
53 12 -1 0 47 47 8
4 6 -1 13 16 19 21
54 13 -1 0 46 45 6
4 6 -1 13 16 19 21
55 14 -1 0 45 44 5
4 6 -1 13 16 19 21
56 15 -1 0 45 42 3
4 6 -1 12 16 19 21
58 16 -1 59 44 41 1
4 6 -1 12 16 19 20
59 17 -1 59 43 39 59
5 6 -1 12 16 19 20
0 18 -1 59 42 37 57
5 6 -1 12 16 19 20
1 19 -1 58 41 36 55
5 6 -1 12 16 19 20
3 20 -1 58 40 34 54
5 6 -1 12 16 19 20
4 21 -1 58 39 33 52
5 6 -1 12 16 19 20
5 22 -1 57 38 31 50
31































1
По всем вопросам касающимся приложения обращайтесь по WhatsApp +79952867503
1
08.2026

      
	
